1.0404825045689499e-24
3.5638086532407494e-24
5.305342357959016e-25
2.544318924313308e-25
8.307310214091208e-26
2.0740250356670394e-24
4.198822668254353e-25
2.6277079040417676e-25
1.6229431362708806e-24
1.4255966596675532e-24
4.208428946219422e-25
1.555847266480209e-24
1.0690182032382787e-24
8.992279727258303e-25
1.8953885706328363e-24
1.4133745606494707e-24
6.204300854876322e-25
1.6789076895760787e-25
2.116545927451004e-25
6.871214302316153e-25
5.193447474727439e-25
1.7390956840283707e-24
6.432203405580747e-25
1.1831861485821798e-24
1.146648774467917e-24
5.731419891322495e-24
1.186628913756371e-24
2.1838630098479394e-25
9.627479334862278e-25
7.581191054772123e-24
5.860820318796369e-25
4.094985986030945e-24
1.701486002672829e-24
6.3811550526312025e-25
4.883044938189993e-25
6.803404267697874e-25
3.929759309933524e-24
3.492431448446371e-24
1.0789201869662344e-24
2.772639061563893e-25
1.8638408318472655e-24
1.504598971453303e-24
7.659187975823033e-26
8.809801010581088e-25
4.888417093910441e-25
3.1761641127273616e-24
7.907253785801825e-24
1.6003491836385685e-24
1.842282534677763e-24
3.567599080633829e-25
2.3030880683158284e-24
2.822390466937374e-24
9.235434848491715e-25
5.8597806429429225e-25
5.653037314927363e-24
6.162636106302201e-25
1.3921086864532542e-24
3.4650564294275583e-25
2.1632392481485685e-24
1.5542843884767466e-24
7.4238632861409905e-25
1.2039256119132167e-24
4.882555472343807e-25
3.868377823214721e-25
4.674386271473564e-25
4.605198203040295e-25
1.789523211058848e-24
1.860820595220356e-24
5.462127012113675e-25
2.482969078389151e-25
5.171936406965818e-25
1.7031676504282576e-24
1.487041623701687e-24
4.214021308518479e-25
3.9504925697369356e-25
6.004344420222955e-25
2.6400706229625165e-24
3.9864964403004776e-25
3.7776184529712e-25
5.260595993836736e-25
1.1234639661079909e-24
2.142582311360545e-25
3.2508097343983366e-25
7.441197937170507e-25
7.270304599306478e-25
4.382727629592364e-25
5.509662763780838e-25
1.152407010706789e-25
3.497305774987625e-24
1.1753486513167726e-24
3.3021132274454865e-25
1.3300638138767153e-24
1.290278446624842e-24
3.07026049506549e-24
4.2321170797292686e-19
1.072225663233846e-25
4.365297644039336e-26
1.33146921383063e-19
5.293286037444904e-21
1.4714644869420533e-07
1.224031317959107e-05
1.3269875448666109e-11
1.3704517764948081e-09
2.9060562939644104e-16
1.7929316101708503e-08
1.0526897445114632e-05
2.004167407536914e-10
1.582333142571429e-10
1.4535452143289431e-08
1.1786227003793877e-12
1.347616014756214e-13
2.757414878902972e-06
3.3072239779170126e-06
2.1057107158525332e-07
2.6869853636598586e-33
2.1136075827650145e-31
1.3573033679165246e-05
4.724283041145312e-06
4.490494065153546e-05
2.33026413272107e-05
4.1470281844858005e-06
3.1379816277983316e-05
0.0004678394839294296
8.129812844333176e-09
2.0615927598116367e-06
5.715269025145828e-05
0.006716402826891829
1.0813635536247397
1.4023133486224632e-07
1.2927788607272892
4.080351648106323
4.480081777158316
5.8039534268227735
6.797691354527097
9.334722181312372
9.662257852676893
14.413890397343481
16.781791622668383
17.065928022456937
20.229727656334855
20.509802905346547
17.598168974641275
18.867558064888716
19.020184131545246
18.47648088662208
21.16667180201318
18.71101658070044
17.282434119884517
14.609335773384158
14.062224816773215
9.010243608394171
5.890417473756878
6.038400398417952
1.6370051273445938
0.8617585788919585
0.6660444743641688
0.00851154951372826
0.019581638572580953
0.009775679792008324
0.6622874569249901
0.3431340412971914
0.6898464125689104
0.10375650562593625
0.18323121192288022
0.2777797916733392
0.03501499637010901
0.04925186754158554
0.6914683405596699
0.06516795411095311
1.2373659494462956
0.005302942298837187
0.5617032352856183
2.2721990338036377
5.525419344771578
1.8626629734465212
4.95167141021194
5.824724729889318
5.856571036078596
7.010882355064591
3.0763746079214855
3.537483494817704
9.211818814454423
5.5305885761894
3.666286347457467
5.747686104428563
3.968829596201129
7.374339875475751
9.263093055721198
7.134273103889999
9.85705588244218
7.3999007745522585
6.856348262350786
11.577042784802872
7.690919978706709
3.450122080989274
5.624840423188562
5.588042076325195
2.400671329139402
3.1980398751170953
2.2736725277597016
3.965582267844636
5.689931696677396
5.674419167554715
5.782346195801977
3.9459287152392175
4.7688526137816645
3.7427515993336486
5.9992057494302875
5.988738680238339
10.162248911740914
5.178055717485282
5.165978078598243
5.964125869756256
5.539997409268105
5.53810188792526
3.9718890079550904
5.823183522634339
5.85758566354679
6.120888906418421
3.329387647614469
3.6878795944690204
6.6404046870609
5.387693279476728
7.51756710663957
5.259658774703346
4.666971003949657
6.878073043548492
6.146428451695158
4.491651699515564
8.540721043325142
7.873132090150352
8.836537804592345
7.561821483662984
9.164473773268622
10.746596196201349
8.963857702380936
9.519473687435259
8.398588199068472
11.460386790630473
12.748994988181032
12.522778969591686
14.48351932058603
11.092964307560992
12.748099041141236
15.980078821158079
12.915406875806331
12.884929070147352
11.822125649826056
16.043792448896912
17.315823343183915
16.534457938359274
18.33146510737954
18.106878406571074
14.598972912076304
14.846386201867862
10.82568760078422
6.715589152007239
4.805767750799228
2.2786242994755366
0.7057890142571547
0.0022186048802874756
0.08077565965111835
0.023489736754673363
1.0411200838393728
0.6953839842312284
0.04305404946029879
0.14721530983135445
0.5709624705491105
0.1453682280794099
0.03797209434287275
0.5133393211829294
1.0727864064514585
0.43550428735424285
1.6884402496122644
4.542711567201439
4.941657015663919
6.452786132595758
7.394752215524824
6.704876468326677
4.731242570513568
7.858384448666245
8.845155574976111
8.333725015494387
10.444938208732607
10.10578800002449
13.538234946446101
12.199114434145429
17.057380164623083
16.619754381801883
17.151605296636333
23.929558836794136
21.332094352646376
24.04391238038786
26.08059837391428
22.982529265548155
25.202966226804467
21.63042131138922
21.637928369545996
22.953400855449363
20.34383066318437
24.801111287903176
19.0924308640905
23.63210546308347
23.412650569172484
22.381987720080133
27.381228616040598
27.555143226277423
26.411865743612385
36.58585689714121
33.820390319052464
39.0331030924456
38.12499819784047
35.86890981923833
38.72145641983686
47.17095643052906
53.05153391210354
52.75148098845353
55.73110942777645
60.173563511558974
66.49220639909302
68.19811680528716
75.90806286007363
78.01480211500987
85.70969528063037
84.72156974860992
81.38837370665053
68.10217849877763
51.84030401774149
40.0380707806434
29.02292042903112
18.571758480405894
13.27746944711177
11.629862476678225
6.375170209441695
4.800439608251703
3.579641525539747
2.310134813298829
3.4798725235552577
1.2160688487432674
0.43092105999909724
0.09594958653628272
0.023001160746431628
0.12272072252834858
0.10703715452144301
0.11704784619168189
0.007742036269357358
0.1110934817667308
0.021902515081991245
0.6861670804885155
0.13192564580492538
1.670090681513708e-05
0.04434738143162547
0.014894565813078955
0.18235216901074872
0.07757714801542072
0.08721777307007535
0.6848036266706254
0.2930251876727449
0.22913085006862574
0.0009115832143399959
0.6076276851949924
2.092798858837306
2.3889226730902666
0.5371295109269096
2.9461271436300462
3.4564613604058234
3.8013591057350964
2.11101315565108
5.176779128479918
4.747056237105027
5.000033524830003
8.48820902632869
7.5172503007604226
9.057227326607547
10.44409430605199
13.677739546842087
13.348156075648827
19.01226994413714
21.200165509535974
22.639706129139736
29.898728748267047
31.42415136487915
38.87889724213964
41.30307565742532
41.48965787730412
47.17988488889993
52.009551546044776
54.58256726615505
61.001067957264794
64.21049051647455
72.33457795960723
79.4538260837065
92.2181601062341
102.20722018649941
111.57376416421499
119.50379949954598
123.94948203807648
126.62320784112248
126.47441819517253
126.93169229438328
119.24566456532568
101.87496418570036
88.77546143762953
70.19050950939186
60.18072206803788
51.69876167036492
43.279489171052376
31.873215577741313
25.27443785917904
21.678673643113925
19.800734130876478
25.015086624418846
19.81163292129744
17.08624950559426
14.487251646759006
20.964170705996597
20.126181980517824
20.17398594759679
19.92287759966445
19.75326995049726
18.060423660562375
23.96719973290098
20.696115180556678
23.921008707613723
18.882068310745776
15.568023162913535
13.777975881236964
11.744783629651785
16.228034745233757
12.43325386810943
13.035162936406346
12.368278537911413
12.680425527675883
13.871252079932404
11.999339443848479
14.848294622488108
16.07383365206062
14.645675757931729
20.684885937797038
16.61329551638889
19.208310955733513
21.571471669366076
22.732023373243614
23.15841247535918
25.6617147707939
31.17085118487475
27.364351476677644
27.918496703437157
29.770254143614473
26.678975596398804
24.822082479460615
18.701515152828012
16.86753904534819
15.335528071131751
12.639782961071093
12.333025720923859
8.737195761391895
10.151949737983404
7.376839394638339
5.031315336976125
4.074927083716636
4.4835098391279
4.124501804095511
1.1474248856362284
0.7853390085785502
0.4720847355666548
0.8204986416795438
0.02570165615791161
0.1372058231469766
0.0016355598443339395
0.03726506974383025
0.11728848925518617
0.15174460772762005
0.07105980083588082
0.04111295333329218
1.3505961486873401
0.48442487701353654
0.0076655775482187315
1.8876057151278784
0.12366202051521101
0.5360233438072562
0.39388511997534215
0.24184095038555758
0.8091099420850283
0.34055323545593447
0.6644077490108766
0.7122808512370753
2.5111337879013207
1.2991854118757218
1.6103892952031225
0.20518823647873366
0.3159857938265781
0.7615957746711832
0.10584649706993059
5.182691922190213
0.3955962792417399
2.363683535710655
0.6226146964739582
2.786950544557245
2.858958798062684
2.380688145755121
2.7249513203321647
2.480763406330389
3.593465901874949
4.92552308816169
5.69117290219336
9.369068675745822
7.7262124519480135
6.464629008481176
9.724219721960369
13.866369403056016
11.470231508839166
9.37006304793827
11.978835238083779
15.120723555432692
20.061938320339866
21.564777577568464
21.152377673221995
23.789700199554797
23.04417138436914
23.836673428657086
28.555422504511238
28.221119013444216
28.627069474727048
29.445020978196975
30.32628497438945
36.05295117156893
31.90315646423643
34.89552499932444
31.33321788301397
34.150144601833524
31.468676486444423
27.931087268217453
25.169786165891882
26.305482413462425
18.772537486976695
21.328250025692856
19.993870086220344
18.70990048505329
13.989125019474125
15.247777837131848
14.207716414081906
8.833261002445248
8.923245146020742
9.137633745849254
10.08317838398156
9.13850871554139
7.371246887152003
2.667410299816949
3.5731399815668516
4.40361636288042
3.4108533115625206
3.156097710187751
0.9455108393933493
2.602847298371002
2.7868358032847227
5.323800173465126
5.188127786681841
2.3742969786891637
4.39620084398867
4.176438918137923
4.1866262567118815
1.1300103950935536
2.33999049471887
7.083034918174164
5.632443207551308
7.177601535500067
5.427033422267997
7.801099957128395
4.616552194646591
7.790300315891709
5.686063257183307
4.366350160338875
8.30413104866626
7.958109087962585
7.247463407021401
7.870634749298744
6.088782716600831
7.730116984288011
8.537606502504637
6.25875222123694
8.668368881225296
5.184200968107443
5.833698588988214
5.993233151558954
5.786549005488674
4.6804634148569875
2.508793455965884
3.68980749070722
5.441991951544214
2.3977966728600664
1.4334637197295061
0.4104175395249201
0.08535356544340848
0.35913550403508726
0.02357018346849308
0.0282957542289732
0.004851369707898344
0.23492646828826835
0.02465982498354127
0.0029735350232400295
0.7875637269227059
1.8742920365762044
2.1353358531773368
0.43297471748599325
0.2642880072760795
0.5643792558686994
1.0092432442000727e-05
0.0022795514919455528
0.07720345729829858
1.9108335731931312
0.7867554982850687
7.92876628221349
4.231235520844356
6.232766653810375
3.2063495540888254
2.7211278518123128
7.962214728339958
4.15969164142955
8.42679380538437
9.17244396917526
5.389679224745103
7.600651504193871
5.4959305269112235
7.69668716863027
6.3933559376354205
3.026425036257657
1.887775731274481
1.5532315795599734
3.0924907154995838
0.08759285241294736
0.009545294974547482
0.7879806750198723
1.4122314541686039
2.818913457875669
0.1441962486697115
0.04803453445462533
1.2012104834166921
0.332163611833249
2.0817570536314647
1.2198486690425143
0.639804392150648
0.44229812592061135
3.7530904526285456
2.4324290081353195
1.6301660450293967
3.432309808222696
1.9511852969410586
4.548543541304302
3.9844259166358142
4.318872108813093
3.511831071974778
7.941486616469175
3.2971223590299137
4.842861956760252
7.131780146755394
9.421506750624832
7.826720930046764
7.8659430416385305
12.553606974295098
12.44303918754807
14.449603496778478
17.91544400003498
21.41277527919865
19.638275043339576
24.128218724713133
25.807313635964924
36.63965980428104
43.89587426349672
58.59445491617385
65.75551824898452
81.93779099192353
89.58297133428626
105.12377528020741
119.45104042877124
125.10858725117915
144.68785893235668
166.13170377407576
181.83985706061975
209.09801703990772
233.75386797932225
270.244437020432
294.6291682163457
331.21486689201845
371.1901394131305
392.9508579929915
390.8830951809594
368.220546203588
327.97204295100045
270.1402456898562
220.1126824038176
178.97437214919583
144.33953960312863
115.62857650747081
86.79621749961132
70.2195865862643
63.070614523679836
49.6719015705369
38.34643846312604
40.791626792599246
30.379455672136718
29.80426688861561
27.74344954693135
23.355546071995718
18.058463628733875
15.666450035337892
14.393927009642105
19.251403364336735
13.958547043620214
14.126887285769746
10.4069087204236
6.247014959026468
6.916286558236291
9.179392787591665
7.0722935150606885
4.30847813282604
5.495405827635346
5.467159561809425
2.2656287905642416
0.8889800815817254
4.1151664660198755
2.792852084360919
0.690419219266227
3.453169790818021
0.5971365099846311
2.1395862683119655
0.934651013925016
0.1670689483133603
1.2170242681738497
0.011800544258546713
0.14260223453041193
0.011688955576427186
0.06733390135878117
0.07037151439500645
0.1561840517399879
1.0310779063713242
0.11315595052544147
0.2737184566363202
0.24949758543289857
0.4532303806044493
0.2029939307442915
0.17593571203385955
0.04119415292683372
0.12606617926270205
1.248204132242287
1.1330975028254033
1.076975095297254
0.22999306648637177
1.4045219361530121
3.5208781171731194
0.8505320545014227
1.5240564087644162
1.3957810890236573
2.1114764906860564
3.21462179809491
4.400990843754701
2.33683405378909
4.038282105084274
4.067966835227679
3.54173861940367
2.1244673881546894
7.086398405408788
7.275270347890464
5.893377666132004
8.49545570165037
6.7714929002039295
5.158056043027528
5.128342219842853
4.803729808073216
6.663973553509453
5.146800763964488
7.998145787681653
6.059716526752727
3.4478438646948075
5.282257761972301
5.420360447979668
4.346876834408721
3.090526483479117
1.9771509690302413
2.3146300335086036
3.158315805233087
2.4922171087586564
2.8558777837743268
2.7967901656927614
0.015363416687100789
1.144620670836396
0.7499051895088458
1.0179815249832944
0.02142956969549231
0.017696729561591053
1.3600348706355114
1.1974193667096635
0.38165217696240294
0.5848998049758866
0.10864916728594506
0.001827464079840736
0.2411125157752046
1.053292452918809
0.008086024614539035
0.0006075521999904535
0.018386766908434413
0.018230607839885858
0.8547771520244909
0.012730185163892346
0.05029044756603796
0.5983558735516068
0.3011006963902319
0.03144534428491429
0.010397266374910773
0.03439083177536837
0.5283737986924759
0.5454804874517009
2.1175557263459055
0.14198977861428336
3.816454660374458
1.4520700679920704
0.0065495555332796464
0.00518294264269036
0.12766833971535732
0.010882352887539616
0.0015079803702650997
0.009375064223397584
0.192851926358863
4.314346902986644
1.3629571033562087
1.1238297411960922
0.055194676348098944
1.2814241562260387
0.7213134474544014
0.8017912085025001
0.4571913496742689
1.0741608926440678
2.963563705802591
0.9121656278319037
0.13357602384067774
3.2009657206610718
1.5625455799120254
2.5758519412093146
1.0037606036403355
0.32300473842356014
2.91228825060782
2.835898967655527
2.9253090194102827
3.0982046580129365
0.4025483843270712
1.218873026095539
5.173282946629866
1.125308467250928
2.4169759370047044
3.6603744788044654
0.832973250773037
0.8384970944592233
2.201686260021137
3.7717198697993317
2.580188601944954
1.263340989721218
1.2542302315646512
2.338061405017131
2.3180339296347774
2.4269184921817715
3.3654086706856243
2.903802603796402
1.6045143275852967
0.5100838006914867
0.3319901041861274
0.6833217216725029
0.5660137239265438
0.2578314679137106
2.942489113013827
2.698742055377773
1.087239250106658
0.791968570947618
2.524845837193371
1.2435971582345338
2.412634247678381
1.5342439386547888
0.880190763459337
2.6073907378012127
1.078597241351279
1.3400497705235568
2.115359350040154
1.0327281860473152
1.1186162566488163
3.0548297195619947
0.6655042136146835
0.7062218950759183
3.9985165132084335
3.521764246064633
3.119925537845679
3.2324160441851344
2.042837032467972
3.0469063780852537
0.8094683816354318
1.6072801633534328
3.7210816389877825
1.8936528749036823
2.9458794130755552
1.932133234155975
2.8672276640588996
1.8412833597978062
4.276260738350386
5.65613634385229
1.3792140002122786
2.967765799200153
5.579779763871325
2.2889737876881218
4.609111610748789
6.399641305310599
4.616220508618278
6.759007242243373
4.04121790010283
8.17527112401217
6.319173826211871
8.236093311167583
5.218266183182414
5.606251820958094
6.657195507588447
7.441819976416008
5.83851280034622
8.873721761143845
6.463538785457863
2.626717673476697
5.1655559091694725
8.362982469931021
5.339769690371223
5.331113112018291
5.851931720662303
5.328330344437695
3.8317627460100203
1.5287214250393295
2.039246910726879
3.2269948526701393
2.514112711104423
1.9288541863795519
0.8767133318303896
1.1271807640130815
0.8216605397842033
1.1594091046978208
0.07826966474524527
0.3050809742612584
1.5636116464039846
0.9072698476873204
0.20504508338111002
0.05297287568023553
1.4106758592153923
0.6690174075471643
0.5222641433000426
1.0992722291597
0.14204021599591068
0.29642250669641496
0.039843367787144666
0.29022599167608204
0.2775899177134323
0.41324403632095674
0.1816094292999916
0.9749258442159356
0.19055723682064463
0.023288553576148313
0.22877023702118418
1.1376588130919778
0.42105021882765825
0.007882700271721707
0.09634812533559323
0.20591794821372353
0.3142872922151564
0.18257151004104272
1.8065458289183356
1.1855196419077427
0.3524887908960373
0.07224139498074165
2.1492719107965095
0.46196295734246384
3.3327252489623174
2.1647187918796704
0.3048596693290725
0.2711533361740489
0.08333504332587374
0.01830556119132948
0.4220257438740831
3.544886803335371
1.499841075473623
1.3263020051522265
2.128594784683246
6.34518277151926
1.9896224376883505
3.2521194774140896
4.226579990354075
7.223480721043031
4.783456992983943
3.8128842509881924
6.16410048754566
5.950494581331361
10.564001950778199
10.382527157297126
12.246296217809492
11.331507044229113
17.428846035474795
18.285995459099418
18.60444989996076
25.855849258613624
30.227388191476372
29.628639189228803
32.99817071459831
35.9739314947085
42.39830900121757
42.84579335403284
40.89596790865511
49.65768604941421
52.83156575570303
57.55835460319915
58.216175385673886
54.449607903850335
52.29398468808835
49.580916428003846
49.99561603992067
43.363125142445526
39.18251185164088
37.69501400735467
32.98466536154553
28.711190456780045
25.467227615601086
19.801192792912524
16.007231146290508
18.07122582075813
17.04439535563826
16.049826360588945
11.109635918475572
8.537759263834657
9.135027266938717
8.718702056561563
6.230857589981766
8.012563524409853
5.960437393258739
4.478221186905118
6.331364324358512
6.3465206676496635
7.566430548871686
11.593071461065609
11.059807627808288
10.489956630726763
13.24595779449929
12.543130092452813
15.281281787789503
12.759117342809631
19.852243605038947
23.94120472490021
25.68549896095993
29.116841595881763
35.980641644860256
39.723090611670926
48.64572041056231
52.236744770313344
60.17533960775185
69.12483968620958
79.87822956108202
85.31342830798933
104.411406746861
114.19381530988412
125.34919796830202
138.72790283802573
158.28993050134866
167.41388304050315
182.4588512956733
200.7788416486722
211.10740715863255
211.02418307666164
221.0736912594908
221.66890849714983
214.55159589181014
210.77810071236476
202.35387851937105
190.20005615869408
176.83298822384697
161.56054595519643
152.08906456565552
136.20938280204874
125.9058745128576
110.93926779590782
101.5731713689803
87.95004257653467
74.54716319571314
75.71385135883186
62.67019196836944
57.65206978570559
52.08829396643326
44.77858031835202
42.883633050106006
36.963751069611234
29.010517201111305
27.032343469754935
24.42082487952548
21.697740324507397
19.796163016677106
14.853332889405339
18.06096329652303
15.134302569812734
6.952701385554991
8.856269227595718
3.230720531047928
4.229090379944075
4.478737241129276
6.896104279783103
0.293839457338271
2.5917416321438025
4.131817197385592
1.599675519848607
3.341800768037477
2.400745471493625
4.551415646637669
0.34605376810982774
0.5675575970090609
0.12819591818660975
0.015524101465211526
0.015482008602608103
0.14845646407370777
0.07859814473261023
0.004384322292495758
0.0015993609647891403
0.01489527640157901
0.7171853230506029
0.014456679381979951
0.1331749170314148
0.08433859474930198
0.004319945415263971
0.008962823481742844
2.1378880427581852
0.0723932664770515
0.013296045219107945
0.938835621676525
1.2709448631246019
1.967783327404418
3.262673197547785
4.832093041292398
3.28718360458603
4.31628080375234
5.658307925746561
3.1143687539067053
6.073891358749858
7.288954116572713
7.945928922755452
7.067559732622238
6.632397061316067
8.315846552563892
5.881382951303402
7.597604761475851
8.697053351396454
4.475399914284162
4.164987941786123
9.014477635932222
5.555859284113982
4.912362609403031
4.048065205000065
3.2880245560957957
0.9250259429698376
2.795636819375005
3.6548183267631074
1.022131225253275
0.31762613790852473
0.20764961687791975
0.26932763259816406
0.041480776374545635
0.07054377343913659
0.013616122851302617
0.06421219796324584
0.9596495350530444
0.05935493020255608
0.23969338594322812
1.0030363676094782
0.10726919145351725
0.01484379382834089
1.06589436235749
1.4958524332110332
0.03703453017900137
0.021449118621797585
0.11865100172334642
0.03198179124093482
0.0001764674197647963
0.9029555673378697
1.6011234202697358
0.00360462476815977
1.7668334868264122
0.018241170173761378
0.1360829084745117
1.0865386064457985
2.484391879238158
2.3987190261898252
2.5822648614687482
0.5745823620465267
0.2365511633821957
0.4151093527412284
3.2226805720513094
2.0055954104010754
3.444803589900094
1.7285599981232223
4.558015593156823
2.457547086003201
1.0507250322691029
2.722956386704143
2.7510131826192614
1.2496579878462613
3.273528488243304
2.1717238062542514
2.5063910499378106
3.218314306210625
2.837303103973427
3.103259588146642
4.818633064794315
0.9529764763053263
2.1314174058270754
1.3164200703347164
4.259580088456049
5.515690792854009
4.781772203656932
3.2139978515319427
3.8243435205574325
1.5078318753314595
4.872318927114628
4.583021273769212
6.939830636718018
8.714074219611614
5.737908654873465
3.889824330180311
3.3015993656106066
3.8928306926173954
3.154755958051874
3.671523730811895
3.5758677688773517
4.601714554619146
5.86799249300434
0.7824899738888634
5.636466690007027
8.442495052735236
2.1071689218025558
2.7251123684994822
6.3423224346069125
6.451430574596237
6.283312084722179
4.358208900261784
4.496111695422302
2.9463193757486206
5.312213424515814
3.095209720971859
8.646677770181807
5.990354087477176
2.913633663941374
3.8744470194081173
3.677902749570179
1.6311727229923147
2.327755621918932
1.636049426609262
2.2495070741635574
0.11955452191479445
0.6938884300129334
1.0985949816652587
0.4787669273886027
0.9718525624326046
0.7420198279724624
1.4935201364792192
1.5934478485378687
1.9712713039491252
1.124970540803491
0.09807485347801742
2.2549903679092345
0.21881273199730525
0.27508410991115534
0.931467366738673
1.9338061300397917
0.013039806658672711
2.1741896835559724
2.328144233238946
0.8956885684288141
0.0006983278539504652
0.6482205669135563
0.1262627708753436
0.12164345090002761
2.862740863931265
0.0019238090735326243
0.7963196783272373
5.141049097067295e-07
2.613311969070189e-07
5.793304073872497e-13
7.158306038878259e-07
5.140419349385742e-07
5.4095658026342545e-05
3.906392346373045e-08
1.850642065992702e-05
1.3940826784394392e-08
3.08592888914281e-05
1.514250964123772e-06
3.930758293500359e-08
2.1163146159364485e-05
3.437939332370583e-05
0.00022925041938918033
5.531027032048354e-05
0.0008272041697790027
2.1993052295988843e-05
4.794137754118678e-05
0.00019702573146276395
5.27087750932832e-06
1.4718119825423544e-06
9.43788154131583e-05
0.0003866377598179776
1.0605798830031474e-05
2.6156887988031323e-11
2.734771385175897e-24
4.773560620218211e-16
7.07646656602707e-16
4.2780764718349326e-13
5.094351522081111e-15
1.052365076113184e-15
1.720287464646802e-16
8.376969350698339e-12
9.286335197034554e-18
4.024995598538692e-18
1.6066117760564176e-18
4.101467306097742e-21
3.682186939389889e-09
1.742766325811842e-10
6.159624271804971e-20
1.5758913072353347e-18
3.349912118070724e-16
1.383267750740063e-23
3.746754315905543e-15
8.370256301767064e-20
5.892989915843945e-14
7.126652809339349e-23
3.373923512208689e-14
1.7286006394387376e-16
5.447025573544975e-14
3.1168415444738835e-17
1.0331260434895349e-15
3.2556290337426416e-17
4.4044670190028526e-13
8.636020708274751e-11
3.4737887082871e-15
4.43653528775493e-19
3.744832410957901e-18
3.9119707660831734e-17
2.035085083120203e-15
1.116012612257197e-18
7.294499693542723e-14
5.224901154194961e-19
7.177225068719969e-10
1.6712973656390643e-20
1.0854195722869583e-17
3.7578356508136164e-18
1.1777501049143831e-17
1.461515707887733e-17
1.578237817408222e-18
2.020954593304421e-14
1.1213387780192145e-18
3.259016925386993e-16
3.172807745720715e-16
3.8137779003670585e-16
5.542424660864047e-14
7.200440494009348e-19
1.8156634395449433e-17
7.230538996304223e-19
3.6175224338411695e-18
5.818078461965621e-15
4.504872016627182e-16
4.002477084436825e-19
3.592496647007877e-17
1.8999371320090965e-18
2.5982810149431074e-16
1.0423670933655413e-16
1.0336105022329112e-16
1.0563095323878482e-19
5.174630120541993e-15
4.347900183975398e-18
8.275368157891335e-18
7.993841726740476e-19
6.310809426835149e-20
1.1205159143084567e-18
5.83133430479192e-17
1.2064349162679696e-19
2.6584214654981375e-18
7.185236598107019e-19
1.2419833166824663e-17
3.071572834188015e-16
5.15696189315274e-17
1.4246654919707968e-18
2.4496588413330085e-18
7.33576556551976e-18
1.8252064292191166e-13
3.0639769738459007e-18
7.932269459662135e-18
1.789363156159688e-17
4.283959752110029e-21
1.8387937056054204e-19
5.591161378816699e-20
1.572077979260281e-18
2.252262696286651e-19
3.040625442803435e-13
3.8675263558242385e-20
1.0526122818565178e-18
7.716292907783543e-21
6.072142864831976e-19
8.0375254546028615e-19
3.316537188849736e-19
1.5237361785763321e-19
1.1082498934144755e-19
6.28715520057173e-19
7.037118090318148e-19
1.0549735849602438e-18
3.247103366184169e-18
3.030134907612474e-18
2.1414964977375728e-19
5.262199896575723e-15
1.1361373026229535e-18
2.300999305420005e-19
1.712466733101979e-19
3.5146027745802055e-19
1.4536970999934228e-17
7.713557956620936e-20
1.323187195142894e-20
1.295017614862101e-16
1.2237699510939971e-18
2.054660109530151e-18
2.578041257989902e-18
5.254553287319247e-19
5.85503835909058e-20
6.157533226332566e-16
8.36008367170864e-18
1.4554717877015678e-18
1.716936741485562e-19
4.180771849040287e-18
8.348648391525274e-24
9.656820914359527e-18
2.870379263156175e-21
7.600061093498314e-26
3.39302691176687e-19
6.447834219353681e-20
2.3822549637329193e-17
2.273353041236323e-19
3.104003200450439e-21
1.809239189350458e-20
1.835470841288832e-21
3.8146463264830226e-21
1.2982301492536504e-17
2.5782990267322423e-20
2.7167214928124536e-20
2.924049239688292e-20
8.4170239466222875e-19
4.3323425359192143e-19
6.896349526943916e-21
1.2156583001248601e-19
6.471178413757712e-20
3.226190731237445e-20
9.929375562158115e-21
3.695991119618218e-20
7.199429221641989e-20
1.4168795872522734e-19
6.031394786569253e-20
5.494485961303572e-19
3.321832522276721e-19
8.115457896654516e-18
5.364952117236665e-19
5.408031861059016e-21
4.9328897576005856e-18
4.560536319812167e-20
7.320161824821131e-22
1.0312384400964137e-18
4.953497966021693e-20
1.9702135379144207e-19
2.3354779531271722e-20
2.0428605491787667e-22
1.52771404202541e-18
2.724425714839677e-21
3.9481938866819825e-20
8.605970961566608e-21
1.2441331150659918e-17
1.231655478203238e-21
2.451509028416296e-22
7.552764588694733e-20
1.0797168347950074e-20
3.6969601617710753e-19
1.4699766906872894e-19
5.388594011009754e-19
7.722608803991169e-20
4.087698867226712e-19
8.575420765937159e-21
1.9176135627219917e-19
1.0956112626699763e-19
6.367184752108865e-20
2.4209103126258416e-17
4.833112465295895e-20
9.771808925273765e-19
1.304432079612874e-20
1.5792357164142222e-20
6.930115702106694e-20
2.497309608263612e-20
4.0384763519682894e-19
2.6029633873900156e-21
4.752667402194318e-21
9.185325571997602e-20
2.1062387290986208e-17
4.5461255427704556e-20
5.35181102271807e-23
3.313312119142969e-18
2.245274000678087e-19
9.065473219676983e-19
4.908735196436927e-19
7.779468656603175e-21
6.71005635093686e-17
3.22227880866378e-20
1.5693299639965091e-21
3.291128884802921e-17
6.507429645953581e-19
6.024146933347501e-20
2.1247938089432717e-21
3.3374302086180005e-21
1.65890404240413e-20
5.619453736230643e-17
1.1471734256954476e-18
3.3534924448926547e-20
1.1244275203629515e-19
3.0558144878330456e-18
1.866625418593143e-17
5.59384012177902e-19
4.680052716974366e-19
3.629471993107574e-19
3.576293102510683e-24
9.680406919646645e-25
1.6523941019968607e-24
7.957854375920806e-25
3.7066983574301074e-25
5.960387450034937e-24
1.1667426679440931e-25
8.167235974920918e-25
1.578944219545986e-24
4.415101576012723e-25
3.6055519677896266e-25
4.513034488346363e-24
4.0756873866004534e-25
7.151064392064854e-25
3.0246684461468205e-25
2.7240632838808983e-24
6.263109262560425e-25
7.511924542381058e-25
1.5581829714977835e-25
1.0514220042470494e-25
9.622918463877531e-25
3.6919372654091324e-25
5.03636835479045e-24
1.6793633850815877e-25
1.1890555435268702e-24
5.591094348854559e-25
1.469275003019589e-24
5.020358152303617e-24
1.2027501682261668e-24
2.7387070067783313e-25
4.392310206035563e-25
6.597809241543476e-25
3.5716164105016615e-25
1.3527310803692757e-24
6.1456864252963405e-25
7.381177873232171e-25
2.4850729500804693e-24
7.961450844003643e-25
5.123245359862196e-24
4.070337667511681e-25
1.3536836649316456e-24
1.291994103422585e-24
2.0820011184230348e-24
2.8454800371379065e-25
2.503871560910841e-24
1.1573771841459174e-24
2.1127760243382514e-25
1.1390981404324472e-24
2.158337414502473e-24
3.308981835711755e-24
3.1071375133920675e-24
4.841888568232184e-24
2.5942959176334433e-25
3.1545483996664173e-25
5.1661187846244195e-25
2.143725618798663e-24
5.348148234076871e-25
9.702174981818653e-25
7.767481719373261e-25
3.158241808227114e-25
7.381724750039286e-25
1.4869277559945989e-24
3.13944699939849e-25
1.7483940483034296e-24
1.3718564653530298e-24
2.04073284424781e-24
1.2740165055380416e-24
9.769150016364634e-25
1.0075784774972858e-24
2.554530022582042e-25
5.374016749272765e-25
1.4153587481131738e-24
6.242063200314248e-25
3.148498684542682e-24
2.105062242321179e-24
1.5747929077397735e-24
3.445993883319533e-25
2.9780459513772246e-24
