4.548517130249433e-26
1.7096945974012256e-25
2.316619497078734e-26
1.09802903399344e-26
3.1280702991475884e-27
9.654022566280369e-26
1.6339427265779146e-26
1.1512383362143107e-26
7.841212855370344e-26
6.281524723321885e-26
1.8997316247483267e-26
7.48928046699876e-26
4.401814386904734e-26
3.742601869519215e-26
9.972764047642647e-26
7.299839504047563e-26
2.595617123494011e-26
6.465136004821129e-27
9.31301749459112e-27
3.070483569350332e-26
2.187129716972499e-26
8.524073732119513e-26
2.5826160005663748e-26
5.418618445955984e-26
5.1683565477836637e-26
2.750122560439571e-25
5.446227416145251e-26
8.755067590487552e-27
4.622236465065318e-26
4.462843906906728e-25
2.773060355004578e-26
2.1522645523748992e-25
8.279947140456178e-26
3.2509895474386647e-26
2.086206209596741e-26
2.906591796103746e-26
2.070429532853695e-25
1.9828890542645654e-25
4.84828792368351e-26
1.1904739317811531e-26
7.981377177505752e-26
7.176957633069528e-26
3.5152994507054074e-27
4.0769675428558465e-26
2.3647918284478674e-26
1.5326946451797851e-25
4.153753873925101e-25
8.424644402035798e-26
8.436505213917157e-26
1.591899148167183e-26
1.159402476882643e-25
1.3644468990861284e-25
3.8641659146809077e-26
2.8916490401558216e-26
3.27250416278273e-25
2.4620668324877978e-26
6.882826964504579e-26
1.4554092018658377e-26
1.0545842951255334e-25
7.76324856377927e-26
3.115186396237017e-26
5.608007356655494e-26
2.0693320147759833e-26
1.4415179070129695e-26
2.1951653275570603e-26
1.9630383753020568e-26
9.1900323751839e-26
8.595543626222241e-26
2.3805068348232923e-26
9.811575897999094e-27
2.2307336881430332e-26
7.066635057727557e-26
7.030884558097707e-26
1.9552504382025632e-26
1.6214520378693883e-26
2.4936136635726986e-26
1.4346645703577215e-25
1.5867795669249777e-26
1.5401333375770823e-26
2.4327043011737597e-26
5.0683582272848093e-26
8.971368358408586e-27
1.5801673531893714e-26
3.415410696750905e-26
3.369916192649522e-26
2.147154118928064e-26
2.915889178047034e-26
4.331818040247181e-27
1.7105764010779553e-25
6.255905790493297e-26
1.3632127183842687e-26
6.725619827107778e-26
6.392158117996964e-26
1.7021854032361177e-25
2.885038545531867e-20
4.375936957255496e-27
1.593989238738615e-27
9.514634657219981e-21
3.270167878449407e-22
6.092869571818177e-08
5.162924189522908e-06
3.648553719767385e-12
5.157174499375652e-10
2.6267301926311395e-17
7.687624743174307e-09
4.036568769972502e-06
3.0461806151828794e-11
2.9877134029936026e-11
5.371578000454769e-09
1.9756670184219883e-13
1.314108266036977e-14
1.1465114163714221e-06
2.582516346333777e-06
4.53907270225659e-08
2.493631519537246e-35
2.357052857901825e-33
4.549798129542852e-06
2.943876819177815e-06
3.9566027867568415e-05
1.5625522517026023e-05
1.8585203478053211e-06
2.4373780340081535e-05
0.0006613212928886374
2.5316621064229356e-09
9.39950753859082e-07
3.765237631744259e-05
0.010036134747231047
1.0427392988373143
8.815279822216509e-08
1.3868064317889433
4.0443558778376385
4.684432778124014
6.621527853109718
7.243340786046161
10.012876335272557
10.397442579562643
15.240078315924913
18.061708916841994
17.96485509009836
21.352098648489502
21.785226544420876
19.106595866793477
20.08374883590363
20.081125652655658
19.706115764129933
22.977885585440333
20.05900157778997
18.28565848186179
15.884809808194507
14.717925790781393
9.445368894629881
6.2114323777844715
6.400006633275708
1.6428654065033816
0.8019807961000983
0.44804566579144295
0.00422307560007668
0.00977432868389605
0.004819222185815213
0.6569677473802431
0.2707812247253078
0.5856909857934093
0.07536691593881763
0.16301681350768313
0.2199805270969222
0.0239586515566255
0.038555337106522675
0.5506930251417721
0.055738980845175305
1.3291852209486639
0.0024990995020454376
0.39681593488786304
2.187204130904607
5.657416364376987
1.8654738147761916
4.941190460591279
6.096106302662631
6.0280253898224245
7.429752041627241
2.8986347219159634
3.4351409547971206
9.783959559744545
6.105884226497357
4.02851667170791
6.1356124373271905
4.088015438040327
8.006697771903864
10.09900113152108
7.386846993391042
10.472308703260914
7.958829609632321
7.252564085629285
12.244690856222403
8.060092343641333
3.3725683262713453
6.08478000469884
6.069222961007609
2.3799325398035016
3.10324212129248
2.2338539364255228
4.4565541080669595
6.049837350317076
5.954300274502375
6.0537894357347675
4.714569276248917
4.987130633488837
3.360988684251292
6.026111429146342
6.040676918356959
10.714876851698556
5.453350916530654
5.412904208892109
6.189355136194266
5.609181666653011
5.7185280400418685
4.041651715211337
6.253545571015972
6.178789473810002
6.718506255307471
3.421592848994555
3.9211872548430207
7.139054777062494
6.068828740562816
7.960519656816679
5.28770991278312
5.091254236492335
7.335351853189855
6.39970926935259
4.589644397185916
8.916547307889
8.346409684139655
9.535788533929438
8.018679771315437
9.866549226223292
11.369817622879298
9.636765762436887
10.270834306802724
8.596255851027783
11.915637512945793
13.48420980885684
12.924496689550805
15.183314179928473
11.964036353951684
13.0244994159111
17.39540708497618
13.602980487834259
13.465575807647557
11.888055187129417
16.569623653882015
18.059658925163994
17.391747255059364
19.309565335616433
19.10266730939558
15.53868010729994
15.451363482415864
11.957888743679954
7.284560076208873
5.307858079704457
2.5278228783906056
0.630150311064203
0.0011636474013600152
0.06177661412274466
0.01828479761738612
1.2058903621114465
0.6590402420080245
0.02972497595653038
0.1321205514148057
0.5181632715335185
0.14851355027054697
0.02732796818934
0.5093956606798564
0.9520451600476044
0.4336455526024303
1.8326752545679532
4.601979990809497
5.250909031376839
6.7011514216151
8.003206709782862
7.08054009663096
4.88384803690023
8.200408913498896
9.20111463810162
8.696532970212639
10.902176851262206
10.956069460635785
14.344859915572544
12.952156090010304
18.344045170240328
17.43027670577421
18.75141139484531
25.466033260668603
22.92825735802603
26.34531603874142
27.47777723066573
24.151798970167132
26.45539856133867
23.345320284172427
23.042506266118252
24.40170845527911
21.87941851512502
26.299703973967866
20.51560463159031
24.932499524473023
24.94688564757147
23.160407278734194
29.10228881175013
29.467724679859206
27.422446905199173
38.69278275860614
35.81656842313371
41.401238394147924
40.10485062858178
37.96130467779034
40.939063317803
49.723237111667096
56.396090487963
55.15420568615075
59.08713738191103
63.496567255564365
70.20320787041692
71.72375835397995
80.21965275479504
82.18264333387563
90.5088621682466
89.51171888015732
85.7438361883443
71.70079186218226
54.20024471321513
42.10455998040422
30.580972938422327
19.587095418066276
14.188886887749534
12.269706821337008
6.650744615304357
5.251991884896011
4.053188893856371
2.4246591166298717
3.5610580504854377
1.292938121516001
0.4858471305966211
0.08429432632400255
0.011056023572611196
0.14608698758399952
0.08470094514385111
0.14339482592886943
0.005343505927037492
0.07023208513646671
0.014128467071091331
0.6771332862208785
0.11331784107672352
5.807992179840114e-06
0.028933342224298362
0.010000803003823956
0.1564528926450139
0.07491872683559245
0.06977666233522435
0.6231083189963905
0.2636534461885326
0.2484604581367286
0.0006031495593334542
0.5199077337884739
2.1420302767439985
2.6740229410996994
0.5843514348458172
3.117434208254673
3.481702696731146
4.282648350638014
2.2862115502274047
5.740461339328889
5.0755163518434845
5.461406197174066
9.105166593784965
7.896395299054186
9.768537017184112
11.460990462079545
14.717115321221634
14.600267966895059
20.54189123640628
22.740011613403322
24.109807016936198
32.240509010703256
33.228171165645044
41.0662418363675
44.142384737311325
44.16509242973883
49.95421950597535
55.22830510938195
58.010934818903294
64.79777090583168
68.52217008449273
76.63111360987915
84.04596048778829
98.45740851761093
108.0144628689467
119.42044421523674
126.38005171952888
131.86891897812066
134.612133323238
132.860788412814
133.96218139200698
126.40245059765684
107.6033749335999
93.86721003861247
74.05095334895002
63.09465214517057
54.28153514281329
46.260802442853894
33.859613247685964
26.381170439621272
22.937718464283815
20.964818399398514
26.411471160769697
20.686178845403237
18.451495799335643
15.164745662328416
21.95068713019988
21.34304116558929
22.132928044192504
21.431260664660062
21.3898865305161
19.538495270650532
25.79232608300853
22.425230198761508
26.18917059856546
20.393966466403977
16.54941953824926
14.659817527639353
12.89448542663116
17.363188560795994
13.562478456073226
14.040866067769404
13.782732815900468
13.478616992759747
15.166595871236122
12.53965674522114
15.30029203099688
17.16868678127315
15.037488976471597
22.060168120237712
17.327605177852572
20.276888765541575
23.130122399908256
24.104165414399546
24.398142852645275
27.27955741297791
33.07435831134407
28.8869888509625
29.78414993198691
31.714878063542855
28.380192310948857
26.624996907288125
20.333872512253155
18.22042922276325
16.330548696140543
13.7424871563324
13.455524639019028
9.329527385771335
10.809493131187805
7.926578699914266
5.5462900951945935
4.174730359002713
4.535703778560091
4.447669568963785
1.0544935391812842
0.6924682690566442
0.49062053071415807
0.796012154396534
0.014828743970854387
0.10481529861868855
0.0015619012197195868
0.029309886642167174
0.08715356517198976
0.15127464078690492
0.06845842403359707
0.03349506497656793
1.393817351620753
0.4869384268261574
0.004895841735746125
1.9231341975270775
0.13158650588836923
0.566967503189303
0.4224050429315783
0.22051357158181312
0.8151266222014345
0.30149796573393006
0.8004682765250536
0.738317094092519
2.7771626852468967
1.445046580435971
1.759632109586307
0.1828117092785856
0.2763935977237988
0.8126433891654461
0.07666881937416757
5.708286435191111
0.3814298458229494
2.442108037998958
0.5197246564468653
3.1988129522885744
2.901016551781976
2.491929702066776
2.7704213677073035
2.5366734432033686
3.992072459294381
5.434981040788571
6.048329219221094
10.149994717168438
8.10603954486661
6.820901428231177
10.155273516464003
14.479729577893306
12.004962906930873
9.9324885530054
12.657231546920933
16.24344574957628
21.27901989101794
22.76807277019004
22.59616173001805
25.441669681943896
24.249840566286338
25.360271866366983
30.526664355176216
29.92203383514847
30.355528598649578
31.6502229693802
32.32484668095384
38.66037071904901
33.83687170218636
37.195639965135385
33.564972434935605
36.064449305357094
33.5499384269791
29.674223533178953
26.48157355023905
28.19573249682952
19.598339782935422
22.370610682493584
21.26387482937161
19.63865855906562
14.835636413635447
16.297753560740382
15.354023439232437
9.16475955500745
9.150484458129336
9.83080115730013
10.421944910274634
10.080674453491037
7.682802411791065
2.661477458822082
4.049153678699225
4.477335646672059
3.979883601869005
3.3067068066749004
1.0686108633477784
2.7822445361791672
2.952358604531246
5.616566729726259
6.05344924633571
2.5607167944168907
4.78027066708599
4.4586396122882315
4.590850734446915
1.2755231576122221
2.6937801024098245
7.652674684189408
6.451547338124739
7.6154746009414
5.872710504363817
8.320979805672863
5.0026862381656265
8.664617845077181
5.9284831569525815
4.631220692959958
8.655548665699202
8.801787837962518
7.774636615456376
8.004371191550584
6.6853149537456185
8.091432092847171
9.129902073878247
6.958783039889864
8.989863958130647
5.553313229408326
5.795758734088526
6.513729499394053
6.020276449643405
4.725659784567807
2.6925087219693102
3.971296868083098
6.055594265093262
2.6226401540564477
1.6181756398225369
0.30731203763844406
0.09267384989965682
0.2998868402454992
0.017271214120380095
0.02565711343580852
0.003353521517911042
0.23648348611938677
0.026190805472488546
0.0025077368201830174
0.7662703540334608
1.7275628306028084
2.4392870876216013
0.4258446281817033
0.2265164472358462
0.6456440154676228
4.520219375394462e-06
0.0015500112206922566
0.06550066824468252
1.9716173636790815
0.7106229207285701
8.433899658415715
4.212600531528389
6.453288857145911
3.301134723884444
2.9686547463533848
8.539890067889862
4.502324935566219
8.841512933294343
9.757990314470554
5.37189983941344
7.92874716823554
5.708374704068176
7.931368397691559
6.736099118212012
3.295430779351351
1.9179389862367864
1.968866999771703
3.160683979206424
0.06994460878152116
0.006604011910302176
0.6810014666479572
1.4933630603724626
3.104376440164551
0.11814089073239914
0.03171523422984504
0.9518108031685578
0.29703991622800086
2.0073869019289474
0.993056516730666
0.6296069322574868
0.3279209414869317
4.160507939210253
2.634512867771048
1.7724201862758195
3.5679014173362975
1.6923051292196591
4.867071271589272
4.400816915984308
4.562632728058099
3.823238626098574
8.341763280334042
3.4796125573405865
5.005050852200562
7.750384700303661
10.175912726571376
8.150541018615307
8.661203769971154
13.459688422912002
13.37338603977029
15.238536290676628
18.85231718709324
22.29026852025112
20.429197529762202
25.330631576351518
27.595549673109602
38.094546660769375
46.17632546226088
61.44278378415501
69.33936133835772
86.23800048823041
94.49067829148606
111.35921381250624
125.55828018599425
130.82642371589912
152.58352588023638
175.08639652209612
191.05201810836786
220.21692895196213
245.33276484156045
285.2551706957485
310.1939969868064
349.11223380023
392.1895624175416
415.2709433254697
413.56607444810186
389.19240291114465
346.6480891158847
285.56761087597073
232.29744072461796
189.03807980351894
152.12726657834105
122.25932483305832
91.39043747012052
73.36994944895007
67.1858701147682
52.64461982180872
40.386039610163685
43.347833341302405
31.930435174330928
31.61466911869365
29.391826978260475
25.029972584561403
18.98284523238153
16.50098730270911
15.594419790080963
20.54146413805463
14.675728811624456
14.60092036463866
11.195997678924616
6.400728326070828
7.396985213194897
9.901479969203288
6.837457519573997
4.62511778658948
6.063992335731315
6.126433775827091
2.482064835304065
0.7615306445449345
4.365293118959454
2.7146807999132276
0.6407548795752686
3.505463818200551
0.6305708761077282
2.392838596370512
1.3400713576984544
0.24889644021638668
1.383455139448214
0.01130972131145961
0.10659802100132423
0.00881786265517171
0.09456394892603782
0.06877756096092905
0.16642269777947719
0.8866088220223213
0.11431996846141534
0.33858446469602294
0.18202499863714897
0.5230982453857241
0.1768448002722676
0.16454507798701945
0.02849283452172556
0.14815880809104368
1.172232845495099
1.2953871533659898
1.1157614413773416
0.19881975834834173
1.4824965350405155
3.846530312366231
1.052446137028762
1.700484241071359
1.4599998104118654
2.2833091029704757
3.303423908909033
4.5896279586966
2.6269562759226615
4.326488582433105
4.506579223355384
3.8577879687394256
2.388506873640101
7.466219147484133
8.051500858823614
6.052645575181457
9.159101685479603
7.350748519605109
5.249981389569364
5.986600281556497
5.377601662806666
7.017559935862401
5.294643963002935
8.543786653980302
6.343216368008705
4.13493030352516
5.627882000927571
5.601263248724911
4.8510154992279375
3.2118538221724124
2.106533359375103
2.5795990748519912
2.954676297106655
2.6359793589491356
3.216767197394723
3.023233891976926
0.008879650646526498
1.2741095251673757
0.7949872533244966
0.8765212094904029
0.018544554217446777
0.013544996836470872
1.6484038352991859
1.2455948221817674
0.42632588481262157
0.6171962447676838
0.062345367762451566
0.0011849800990591274
0.23603215673735362
1.308845250469851
0.004643612083172165
0.00033006763088914173
0.015438455623525289
0.012001844360639016
1.0738349906908444
0.00974756655090188
0.052952869521626166
0.4584805633423869
0.2794607823025008
0.02752006715858307
0.008331293132217218
0.02401032587596802
0.6220141162894725
0.5943670129531256
2.3068271979055606
0.10890175602941066
4.000337640072873
1.8137378540383957
0.005845776182899245
0.00561931563045281
0.10326698844023331
0.007516089531823095
0.0008567485914310279
0.007210574400599119
0.1810186772781237
4.521792830360705
1.6520051208069306
1.2683050776182117
0.07092663873525172
1.3651587631352038
0.7699575570607461
0.8103217582523783
0.4840311437542122
1.1817941398273006
3.465722089775986
0.9863744648720575
0.14972852272276674
3.5762136209447695
1.676314244569385
2.7530652164941296
1.4995069707734732
0.28544946457422016
3.1780316058164204
2.9763863839126663
3.0321704957812883
3.2787511997954737
0.4477643640487754
1.2548346889750992
5.360823031925085
1.2932320590074218
2.5668293562137694
3.5077152777247003
0.8098797500551109
0.8816354253216587
2.3395252905450086
4.171763494514083
3.1843384636235474
1.371805762776854
1.4544561938666922
2.702828694992825
2.719678250165693
2.6134030894745073
3.5419011641683293
3.2072395246451273
1.5049071870117552
0.43255523915005495
0.23646073826554523
0.6717986820935348
0.4971608839426849
0.2047442186078225
2.9969451400058995
3.0966444561875197
1.251212570381233
0.9264489662862252
2.8199498842403874
1.291033870335011
2.4945740327300374
1.5735669714985006
0.7627307080071649
2.893027329180586
1.0638403365892222
1.5306372167299662
1.9378349707684601
0.9558404637572985
1.0633886527104666
3.1024193742879618
0.6946405874780439
0.5678424772368141
4.322329995506015
3.646695038850705
3.3068592509353354
3.3348453211747087
2.0927436543295386
2.872108589845218
0.7003794232012456
1.6743762668053614
3.963221175496513
2.0452937144776033
3.2545335608514603
2.056073054441967
3.2737433080741183
1.824184668045411
4.5787665701985265
6.239641161862885
1.0901990656468874
3.0206479456005653
6.000065020780933
2.0996051274955834
4.855851166960652
7.273951559758119
4.467778430424179
6.873021325167264
4.078544336830601
8.707603859611476
6.613367944795577
8.887974861511866
5.449999852767958
5.902154841907947
6.607806989499227
7.383144199559152
5.894518322801396
9.75799982308909
6.588802220504011
2.537493023901618
5.1768985350386405
9.083809181194725
5.380871190660027
5.651730163072495
6.298704887600768
5.290786658730469
4.133347266932794
1.4153087353800367
1.7775263796082956
3.344659339924679
2.4004817160339194
2.2197898002212604
0.7543696339309817
1.2572153565865027
0.7762039402160592
1.1406309959942917
0.06845554269483957
0.2322804103046956
1.128835647244804
0.98314099832188
0.14283731303740782
0.0475686380417227
1.1892946664908453
0.6981501433100386
0.5188683529384348
0.8888845900254959
0.08781044529515754
0.3176876390326361
0.027593421993255568
0.19003603615850384
0.17668414065117188
0.37651844121874106
0.13161332497517414
0.9421462048519261
0.15801295784544384
0.01424188597174991
0.2501757449497294
1.1236681124271644
0.5045941843641948
0.004506118864133124
0.07127662827205967
0.19096868029816622
0.20474570452757673
0.143988891510019
1.9200372977159472
1.1862014991405798
0.2923150737544671
0.0692623248886562
2.2095677706010246
0.5409603560044808
3.5813878967865587
2.226961499677908
0.29053052771982485
0.22512062247843742
0.06865636017836593
0.013228113430503952
0.46602139998625586
3.9906169881084628
1.8183280457305362
1.474184840862984
2.4349915263280737
6.936038747656143
1.8370657829205694
3.29577990014808
4.678100533525578
7.413305583798843
5.292151564726061
3.8323869982938685
6.821078168764371
6.779797614976566
11.188213213180472
11.111072577190361
13.238063060579982
12.707526658707343
18.779042448945752
19.03253580681718
19.557887751441815
27.687882691742097
32.3728441091742
31.944393026735632
34.18472616365662
38.541349840815386
45.096824984980714
45.89049361645179
43.30967381946063
53.13949414962992
56.09939235122231
61.09755376058809
62.75152914598109
58.43117343654949
55.91401337178139
53.534487981640034
53.07772165428728
45.9838903030447
41.72594142341613
40.14608603477806
35.362706251557476
30.823965159033957
27.36853358694873
21.584691183627587
17.01911425562208
19.12115965918564
17.88390990990911
17.289837588330787
11.896680385312553
8.82767297843435
9.71397419092109
9.203177785297898
6.607596502548226
8.222301073386063
6.192200526967821
4.832073926568377
6.951722955069487
7.311939773292452
8.372765130299669
12.280913009248563
11.850772012911248
11.091723842560809
13.895203537619853
13.246239083108915
16.400907754972398
13.350498494260696
21.610076826181576
24.587361948020884
27.179268352530226
31.17771817013011
38.13728344253154
41.62315585328849
51.31093086931932
54.740350435510315
63.072819963370414
72.34539363280582
84.22341009175506
89.11866327841496
109.57854496615282
119.76362254017512
131.8351696998371
145.47297849654055
166.43903076607515
176.81320482035008
190.8128446066561
211.21143005250323
221.57418589419342
221.90278359395103
232.1677813009275
232.68428835753542
224.69150375147086
221.70659369132483
211.51600094582616
199.4059998931049
184.61211297695178
169.03414930341634
159.3654400862957
142.3329318211921
131.7536486982123
115.72624062348866
106.0072489821454
91.82746147642524
77.12953346463404
79.56263772407927
64.91830235906848
60.42568879478971
54.82681067521964
46.43919397442211
44.24953370302539
38.33958158479013
30.012644078645447
28.186443665708662
25.79467898157314
22.39828514196941
20.61388831464072
15.644622257754397
18.63232681756597
15.918159304399818
7.421099042357855
9.223612569479151
2.7020995642879737
4.4955420682124245
4.151446956137212
6.758523312858108
0.2168651622180969
2.3402357121224218
4.076366814084782
1.475959240736438
3.743687187331311
2.1463346164571657
4.463202110728061
0.2381107608877185
0.35077995478406615
0.05020177008443705
0.0067852164402773035
0.005339801407689633
0.09826769860742736
0.048884852713934834
0.0009981416374566056
0.0004411359585668758
0.00490076125385425
0.5815466028574598
0.006190203977817061
0.06072766537378711
0.040465252332325695
0.0010365072348408378
0.002238515066696112
1.7659029335945513
0.03991849101828721
0.004867367153919636
0.7122034783794443
1.067654761539556
2.2627740582939206
2.629184619205114
5.033778626310574
3.5041107446979822
4.347628378311505
5.732888821546444
3.120147524933178
6.298401610432293
7.378610285263467
9.093662120166934
7.766044436786544
7.252969280198496
8.831097748989077
5.992972577397341
7.534938764374103
9.02004963855417
4.9048954312760795
4.379971463024141
9.490557642610392
6.180099221654098
5.225972356416549
4.46551869986464
3.4232261238426367
0.904088960825644
3.192479361061405
3.921796108266143
0.8700007609496031
0.33166065618180185
0.1384774972682895
0.23227913816718482
0.02603218317422855
0.05566854949628698
0.012463648680386246
0.0485795909320907
0.8615778490601698
0.04328800629536015
0.2389165701280517
0.9673851680904965
0.06896386672022506
0.006745032116544626
1.1549455383165033
1.806025897782277
0.02605653268584459
0.013738350700382864
0.0952375870873581
0.020929623737864746
4.570073466768406e-05
0.9306383852458411
1.871519708110129
0.0023140109100998813
1.8000224290714588
0.013956073546430282
0.14896385820473956
1.1596553010014596
2.5579786381752836
2.638515093406785
2.774640180104637
0.6210220296555828
0.28776647044956133
0.4045897730381459
3.6025226706765983
2.1153631268582274
3.5219768935466282
1.828626490262881
4.767670284931058
2.3323290536809096
1.054885629790531
3.121517555213929
2.8171808869883783
1.302858201262324
3.340217486604488
2.2733281404557864
2.778378744923431
3.113971352020763
3.117865569863032
3.314506947815431
4.769977340801271
0.9181901131292857
2.103790626203533
1.2345180829471631
4.115305429409631
5.822193934211942
5.3799373951079605
3.503141356638352
3.919269761648901
1.668682205185375
5.04234451390241
4.867315995799603
7.692362097769608
9.151670570432254
6.299844260490331
3.944883634879176
3.3283217562860883
3.9984194694998725
3.408815385972316
3.6357075322618426
4.164122767460805
5.134676249795061
5.979249622201135
0.7526668638380576
6.214507714891204
8.959446924011534
2.19442303517579
3.047908896058946
6.581854686954124
6.331779783417411
6.560078783228528
4.461545257533287
5.088098764924591
2.809672387756605
5.6217225038630705
3.338884512960663
9.289252315864578
6.426429272800582
3.441173324451796
4.064313347493884
3.7195252998670645
1.6801359715910167
2.0514643751113635
1.6923073449459807
2.345049335546069
0.10094235772193233
0.7108402581006911
1.0459973799248012
0.4115622187937154
0.899610780584838
0.5803193309647332
1.3424176166042485
1.7264919390070552
2.143253472177112
1.1288477933775407
0.09630899177467964
2.50739565134632
0.1968347239702051
0.34921297630912995
0.8482353532269746
2.3861683895838177
0.00888727674292016
2.3938600363309046
2.3137211343036186
1.156861969428386
0.0003949913234134017
0.6378179680386227
0.0926047192839463
0.08753886247582136
3.065286505630989
0.0016105759220887894
0.8095290877165351
3.4084374757170024e-07
1.9964977924174774e-07
8.22911725430916e-14
3.451145227680866e-07
1.276320221664434e-07
2.2747866086502003e-05
8.352330493584487e-09
9.84185219894916e-06
3.2735199496347585e-09
1.8403223338712744e-05
6.969518206129037e-07
1.5190662824470873e-08
1.225554217873377e-05
2.1792190299044667e-05
0.00020538014719310863
1.6897931164232852e-05
0.000520426116230096
1.033406507876296e-05
3.6014694243520674e-05
0.00011144950283432576
2.0555709333934864e-06
5.931145531558906e-07
5.384365133966288e-05
0.000294654940667356
4.2328034109656724e-06
5.25876703691772e-12
8.624464744389193e-26
3.5278449882247483e-17
6.497411707793461e-17
7.701548549050507e-14
6.398494196031578e-16
7.640816685027804e-17
1.1886228748455011e-17
1.250712715094022e-12
6.002996003947759e-19
2.2201991189327957e-19
1.2859368239981747e-19
9.109229623182692e-23
1.8079403407726571e-09
6.006893916989471e-11
2.869408198909226e-21
1.3300914103320653e-19
3.2764069466389945e-17
2.8790712759379263e-25
2.683590197055574e-16
2.9924817833046076e-21
8.945158261077049e-15
1.5945632417511401e-24
2.554867036202979e-15
1.9787742730239742e-17
8.534975296704797e-15
1.913931909494377e-18
9.659098016310355e-17
1.4147062070531833e-18
7.97673162997497e-14
3.703667597130675e-11
2.988243069858334e-16
1.8087496258128657e-20
1.6101320733496461e-19
2.9105573962924116e-18
1.9072885549492954e-16
6.249354731765966e-20
1.3852423548352999e-14
2.336679483226963e-20
1.6903747783878027e-10
6.577477565580281e-22
7.210742340287966e-19
2.1585899259720647e-19
7.891852303528164e-19
8.363448169417459e-19
6.389337889142227e-20
3.155009364122606e-15
6.844140577625818e-20
2.7332415925748624e-17
2.3603756535058487e-17
3.008048942584689e-17
4.9944486500169155e-15
4.0690081793552123e-20
1.1293613729420386e-18
3.891960983125384e-20
1.3539406336843407e-19
5.686646211167486e-16
3.600546451044057e-17
1.5416956296914434e-20
2.050166401747051e-18
9.265474156207668e-20
1.661355283969509e-17
6.495630708583644e-18
7.169984882773865e-18
4.830497194307536e-21
4.498742557670223e-16
2.6442847888124713e-19
4.786009847009367e-19
4.664513867996326e-20
3.3941823694645894e-21
4.03811075605708e-20
4.344388642833033e-18
5.341404465395539e-21
1.5260069667136962e-19
3.7785948293181756e-20
6.984358069109668e-19
2.327702349156207e-17
3.62314874786306e-18
7.642694302865768e-20
1.117463911651207e-19
3.986909424040313e-19
2.0055046385435432e-14
1.5557634250232392e-19
4.631604367905095e-19
9.136318461251888e-19
1.6920354020053158e-22
7.549102356564442e-21
2.0539416900648264e-21
8.939981311577853e-20
8.577692164699015e-21
5.29849003962838e-14
1.57251198039414e-21
5.209214531931012e-20
2.856242536059109e-22
2.749617273453076e-20
5.1067061872480244e-20
1.682875455222793e-20
5.94872555096389e-21
4.372800549124173e-21
2.985761942027542e-20
3.99790089038545e-20
4.892021613286494e-20
2.0330468237968407e-19
1.4150503770232908e-19
1.0436431083759047e-20
5.739595679730291e-16
6.419619252960062e-20
1.0598926827914001e-20
7.371895518223578e-21
1.78173703918834e-20
1.008662272885726e-18
3.513189470194171e-21
4.929036452081163e-22
8.086832139317969e-18
5.4659278096628e-20
1.0752970816632918e-19
1.1622276941265402e-19
2.5539303526886247e-20
2.462843477339526e-21
4.958910857071255e-17
3.8866774873710298e-19
9.263370490125924e-20
1.2294873243441546e-20
2.333588972254862e-19
2.4097237153729176e-25
9.370293647732646e-19
1.0457776221141353e-22
2.6749515961991308e-27
2.3181199472769462e-20
3.752014329010926e-21
2.0786023286655202e-18
1.3395027855393845e-20
1.743799304434696e-22
1.1118382016284882e-21
1.0023734772484569e-22
1.78823241659602e-22
1.2547911635892791e-18
1.3197449507716095e-21
1.8923366133294804e-21
2.392946987743733e-21
4.087341080614666e-20
3.0800521098994517e-20
3.626503379950705e-22
6.930315448711338e-21
3.0868369046787103e-21
1.6742003039378618e-21
5.050154968824584e-22
2.217739346352638e-21
3.651566695590147e-21
5.572176488627906e-21
3.27551584580457e-21
3.9770702833231086e-20
1.9666557838340712e-20
7.694469253794376e-19
3.094409837346933e-20
3.268390178268088e-22
4.1012027730794925e-19
2.7754154771142748e-21
3.0550696055548206e-23
9.071690715464741e-20
3.500837628263557e-21
1.6720173942727213e-20
1.3064555231420608e-21
7.903275960594297e-24
1.371994594622981e-19
1.0352848979990509e-22
2.3268794416897982e-21
5.86360124479736e-22
1.0172539479087523e-18
4.761784693583759e-23
9.66796955732724e-24
5.294870126362963e-21
6.378685353804308e-22
2.840876130815837e-20
1.0243103786241229e-20
2.6108299974063075e-20
5.314526703533459e-21
2.396741887185145e-20
5.211369562299742e-22
1.3018493195475819e-20
7.328170003835567e-21
4.402979263869375e-21
2.4030406155539425e-18
3.2984265251588323e-21
7.779040971217033e-20
7.150814484915152e-22
9.843838929547344e-22
4.512660563864551e-21
1.3770398159526625e-21
2.859749338040591e-20
1.4315363332614632e-22
2.972339821342471e-22
4.974371029975902e-21
1.3234279901161709e-18
2.5133619643806805e-21
1.7606563490642723e-24
2.251182413575001e-19
1.5618471905321005e-20
6.627529270687382e-20
4.372363819380381e-20
3.0191384713259944e-22
6.73289428712511e-18
1.5034236009026576e-21
8.415135059772992e-23
3.9818186631984726e-18
4.616107036006023e-20
3.735519971295471e-21
1.1464823578732102e-22
9.339151312186255e-23
9.874834273952924e-22
3.390873218071743e-18
9.136208061954202e-20
2.0227222226277033e-21
7.236375733367555e-21
1.9131161014451256e-19
2.0172252191882986e-18
4.410740783068238e-20
2.6527892524157107e-20
2.7565382788974484e-20
1.8676627037036774e-25
4.492880464435701e-26
7.049275809196591e-26
3.6978848530469984e-26
1.6154710395194384e-26
3.387472356765478e-25
4.041240020143708e-27
3.444971422791298e-26
7.669377649188905e-26
1.766823301680824e-26
1.4602426917448393e-26
2.2591036823097146e-25
1.6961286581097878e-26
3.6870197549207424e-26
1.1538194647608037e-26
1.3627210366418244e-25
3.0766710478378156e-26
3.622660441118552e-26
6.435303114192863e-27
4.327850564931283e-27
4.451940757924651e-26
1.710070571800723e-26
2.5792373665012726e-25
7.458598523915777e-27
5.0431117808551914e-26
2.5639746320848577e-26
6.665585695108579e-26
2.7158489326078907e-25
5.781965381647429e-26
1.208863989327262e-26
1.8648554858051596e-26
3.100875044721296e-26
1.5688746390054873e-26
6.296390074630673e-26
2.6743238985631367e-26
3.3232184855934473e-26
1.2780326249177393e-25
3.801435580747565e-26
2.477353772160559e-25
1.577504655508365e-26
5.93253202202976e-26
6.505351349523105e-26
1.0872143422406945e-25
1.1731286841846849e-26
1.2912889673119964e-25
5.207264956670841e-26
7.576890067570549e-27
5.508984220792265e-26
1.0015434577746936e-25
1.938593311442164e-25
1.4497827541552125e-25
2.627400739060321e-25
1.1044911379904125e-26
1.2666981869274562e-26
2.3038298676418273e-26
9.735591890785672e-26
2.3455859669823156e-26
4.742148810540596e-26
3.575887298968048e-26
1.5200284556968668e-26
2.8748240051999104e-26
7.96012497999037e-26
1.202486605599241e-26
7.922998137155654e-26
6.291319291268083e-26
9.34325768664083e-26
5.426522766267067e-26
4.271963537636737e-26
4.326793830088785e-26
1.1877713449206754e-26
2.3919975923888598e-26
6.860524452835807e-26
2.7228849150308155e-26
1.5449126696945563e-25
1.2647053317848093e-25
7.724341292421588e-26
1.5666165808439013e-26
1.5207749657768867e-25
