7.659933382619414e-09
5.702905435524361e-08
2.8587753983631547e-08
5.9581025942473475e-09
2.4566834208375e-09
1.9987610545803796e-08
1.1510586242824844e-08
3.739544256305033e-09
4.127334015092855e-08
5.3733567185218584e-09
6.224768299983815e-08
2.9950310286380004e-09
8.56240272166865e-09
1.2680177485892677e-08
2.4312405070843873e-08
1.7933273919443485e-08
2.39606530041584e-08
1.0379381797109941e-08
4.670697015644105e-09
9.758755095061854e-09
7.490610932188027e-09
1.4470098477741221e-08
1.2923131715509464e-08
1.592121431934972e-08
3.45890582085701e-08
2.785358185419828e-08
1.8642602623677584e-08
1.1851044807291517e-08
1.2596860378701097e-08
3.976766560687448e-08
5.66136511161367e-08
3.875880206746987e-08
1.1208538853735457e-08
3.95464925383866e-08
1.5470584943252882e-08
2.4734090710312602e-08
4.4500548113743e-08
2.1976531704378433e-08
1.912787262783057e-08
1.3399793015377768e-08
3.5303843901079945e-08
1.2475428456359991e-08
1.533507982787178e-08
5.031716477997435e-09
1.481202001252647e-08
3.28730937914464e-08
4.076353985671055e-08
2.3179415954870077e-08
2.441116218495377e-08
1.650163482298993e-08
1.658767983937995e-08
1.5874015063121185e-08
1.835376352406498e-08
2.1995329836762188e-08
6.315961073796906e-08
5.402033210062439e-09
1.4083708431916978e-08
1.9808377493818695e-08
2.678241065111289e-08
6.972688489021581e-09
5.3164168534925286e-09
3.136123612050857e-08
7.907989541148416e-09
2.5656664304767723e-08
1.4626948355712723e-08
1.0133928684156065e-08
4.5624440831988616e-08
6.407686934255512e-08
2.675466551574455e-08
9.329331249076756e-09
2.850833241018271e-08
3.919853014908541e-08
2.034842414503997e-08
1.8063747487285112e-08
6.163535239659986e-09
9.503520761556296e-09
5.8084938824173626e-08
6.50734425652478e-09
3.51153546291274e-08
1.7541165240247235e-08
1.3510770864897475e-08
5.183657861845221e-09
1.627101713816308e-08
6.634819282116049e-08
8.835445138636495e-09
8.811912973573699e-09
1.531641869911957e-08
3.8749686286710725e-09
7.750435055487995e-09
2.0668641479507756e-08
2.5590145432201347e-08
5.135985049099722e-08
6.689471355759815e-08
4.913263786728931e-08
7.558726247775067e-08
2.873013539830915e-09
3.3115956770178946e-09
2.223230643776498e-09
9.73577515608051e-11
2.869809300080546e-09
1.5841202457371485e-07
1.5537460337406578e-08
6.660288687415153e-09
4.3394110175377023e-10
5.134216488297549e-06
1.3419330915256395e-06
8.871452237991986e-06
6.939452570562007e-05
1.913803213577707e-08
2.0892951799471423e-08
4.006297509703116e-06
1.2517720564040095e-05
2.0388012580660547e-07
6.150520933352523e-06
1.840062856960105e-11
9.195245915455881e-11
2.2432472017604166e-06
0.00010769030612213486
9.869985812073088e-06
3.8721377057209077e-07
1.7762674394217171e-06
7.887809922431168e-08
5.5822161510277566e-08
0.00040637280899405545
5.222733302029714e-05
1.7058507268353654e-07
1.715893919243201e-06
0.5819463234586836
0.32710719603604255
2.7203076680362144
3.440477589013744
3.130441718843046
3.9845426253054557
2.268923097684314
1.9155135599961053
3.1247629663461236
4.2571268180989374
5.393960580612667
3.762227503075217
3.8159383118369323
4.6726074607994805
3.753856444526889
2.914894504703688
2.457491908500268
1.3588057049066862
0.5503061825124319
0.28955939232407774
0.028861496780384535
0.06364467934657765
0.01931764652104072
0.5124599388650364
1.2339868503537799
0.7674703491969115
1.4608818397114633
2.01581538355475
0.36471037002109763
1.529943315929544
2.4262520471320324
2.359611552320402
2.1483176220235647
2.250183470907635
3.7216051313353056
4.642544469604693
4.936931402981382
5.012078517970984
4.015154530543499
4.26700749413149
4.31919847576922
6.443642193936156
6.599668061679866
5.023892209427587
5.174720628896722
8.240526259840543
6.35133902403564
6.272135409326078
7.918610935665205
5.804106668164722
6.1088780689691875
7.336298509594917
8.711442877407155
7.051357901422099
6.039252904823954
5.1037179744293955
5.269281230898952
3.772574417838025
2.3577087606235088
3.3467246099227674
2.6753481302519897
0.6479334134619942
0.6911447419448787
2.2031852734801824
2.149075729276385
1.4218375244559371
1.8271916381276563
1.1388062689286576
1.0244122652598497
1.899068577756609
1.0350395812571405
1.2620438906391533
1.219793586518046
0.5659713141494324
0.2737419179291507
2.398940927470141
1.8931881350305837
8.443113458853084e-05
1.4440742094087131
1.0138381176233335
1.4843724548519812
0.41404676262484297
0.25098117295875244
1.2315301862339036
3.361413812793716
2.8748664597940397
2.3622080549411293
1.2676424644665125
0.3810897857838673
2.62719714132752
0.855470902645112
0.2627430480375925
0.5333673216909001
2.4841281990277415
2.308385419296367
3.8478107513528137
2.8275425915464742
3.885832584022754
2.6242997749440966
4.217468027973356
5.327405805149141
2.6348474032368667
3.1203178479444023
5.396436176971321
5.095600867577096
5.445691712313893
7.117957031746763
6.3129163793890735
5.310247977705227
5.215233192763323
6.519536081103527
6.568835646365663
5.41822383616673
7.419284169748364
7.949961219647544
7.619343988533957
5.710443795418833
9.877506898991989
10.705033096405783
6.523467318971139
8.502822432784093
9.397887930451446
7.506090800280475
8.268526827826607
7.072770680507011
6.960030283331637
5.664023537379397
7.866638614528205
3.5621539610116404
2.141181897057282
2.677196783777418
2.3815831325365076
1.8476771882251135
0.7876625295158826
1.5506177999385236
1.2875996257459459
0.8779068612194543
2.989207019088808
1.8737565461303385
1.8614801689986087
2.2587124584894376
1.5023589928463017
2.1670568460051025
2.64261811849908
2.0776705113867395
0.5095166182007489
1.0541849851641423
0.6670316186351137
1.3773170860122756
0.4449080492136037
2.434251102757058
2.181778495445021
2.2356475485450504
2.84912468341893
4.690030877907404
1.9773767696355014
2.0238322487755136
3.424086585760861
3.159669159491138
4.832676006243496
5.077432151286652
7.143555340794069
7.54170240988258
5.091353174846573
5.403119983393449
5.561838906925282
8.343383934759013
7.25979151372989
8.236074941248576
6.827193963925969
6.924755568563198
7.476309309587035
4.814542766680755
6.030676683790792
6.640494842965492
8.51193951701979
8.06545246995243
6.423979297224085
8.395575631680071
5.682350117440262
5.601718067045516
7.263251299152354
5.1995461923553865
5.648471686263793
7.107547920562517
7.706442032428442
8.553665926727808
8.70191247828417
10.799336071665
10.910782090530784
11.4494283926639
12.385897937013212
13.583215725616082
14.444583505902525
13.848513350204632
15.003969628780967
15.836265537062738
15.15691868198279
15.792411441773512
15.772749744754895
16.06831873798031
10.145682623517027
7.909274447940986
5.55585983302556
7.51224225627658
6.097404468777838
4.09542500133302
1.0635214937383115
2.414140768044403
0.7698456374610935
0.7612361626438292
1.7104786869369077
0.05708979670865603
0.595230354189006
0.04375076727736603
0.24998512954481325
0.3688683978741502
1.46226057072954
0.3952698894358319
0.8164062111521218
0.5619933713897391
1.1731985909272173
0.33198624063500554
1.0510439710531592
0.3496368737542567
0.7570006724819874
1.7242701592175536
0.2065622040182707
0.12044421965957733
0.7938595319096005
0.22200854708031353
0.558623080299143
1.4190598854103453
0.5204225342795924
0.10747632937347819
0.18508677613845606
0.3138724917235995
1.2529629936834825
0.24521127343797774
1.3830931804489761
1.9019457993280044
2.4370593705210357
1.2882906805613128
1.204549998286196
2.223248551784454
2.863272624717736
3.5072623406050494
4.178362494531135
5.772427417366822
4.954578138988616
4.8532280310336
6.655993871992415
9.05988637885195
6.971491850131294
7.967077729684342
10.174000518243465
10.967183421268828
14.492963879531858
16.95752778296661
18.590988069176007
20.680656225206672
22.045699272850555
23.912864933344075
27.678861450320124
36.06752713940817
39.15998057663405
41.17098642611579
47.17572040691554
54.47367677752597
57.34132584123885
61.444724979330914
69.7405195155824
71.42018048781803
71.9165412205459
68.08965796508998
62.3640155532266
54.16731154386447
47.11942080721981
39.58136278979037
33.945973088706616
28.516212209434997
24.534688902571588
20.96484904898323
15.71309038398471
11.714135310412894
14.374310826759338
16.009772567243996
12.889742729601545
13.145211806238828
10.572696387930316
11.208750296225663
9.643015355833299
11.40432639061036
9.617777127104185
10.490234715396703
10.397633681792383
12.165103765843941
11.361150748311893
10.389685876802103
10.10454164495464
8.107578676847783
7.018556390451684
8.154271589240652
7.118533198706367
6.240445517442408
5.999316493655836
7.415691309129341
8.073151109602465
10.19677151728178
8.690887865034886
7.06884493223376
7.779653722803572
7.888140082271689
6.382818753853001
6.376999378568322
7.423131292886866
9.089757773999441
10.37883998642686
10.184751057763856
7.983929032505366
7.336204675239284
7.8767497455817646
6.69502468754985
5.830307858366985
3.4405457043334216
5.028202171511407
5.117036780965171
3.1212313852074676
4.236139811471209
3.076560070103904
3.3589029019937313
1.8209583646009453
3.632603855112628
4.679227877580126
3.6067083664127426
2.297423497851346
2.9450152022262945
1.9090923290083859
2.358663806797803
2.3708990404942156
1.6223015340087221
1.428985358322078
2.385686698119302
2.6041644731238858
2.5953573324323815
4.514866113803605
1.6615267135203347
0.7634437967189177
0.2565782454162952
0.7246162378039219
0.0954645686930073
2.0860768994139987
0.186705637283768
0.8419986351960912
0.7401636272153818
0.9219525652099955
0.06875070346496336
1.4432577232137906
1.8626254364155526
2.402751564344213
0.4293826060143723
0.7855924526179291
0.6051845337326356
1.5689829798808108
1.6132202229114478
0.6552501481570687
0.19638909573533697
0.5819935561370826
0.03185883852535973
1.6128507743252953
0.3411929536989492
0.5767862228062101
0.09906848477182423
0.3827653503173689
1.0036388543712031
1.6270554078417137
2.918786402770055
3.040903867785872
1.2716200898677474
2.2217884857107353
2.0991772818832253
2.2407323264819876
1.8505863188149043
2.8187941395497815
1.9514059519335403
1.4673977388448167
3.5633758485240383
3.8488155608478927
3.339879470391078
2.9096304741109367
4.287997034883398
3.4029924026136884
5.807315698129783
4.892109837157537
4.08883427814034
6.004162755420888
4.000806273843888
4.724365108949264
3.4375435305098496
2.467268243710389
3.9546853456611104
7.28494214733639
7.1683077609633585
7.175282318578543
6.167000412473762
4.991300317329934
4.805890014645411
5.329985888191079
5.011842169767646
4.701860336073289
2.502629870374573
1.8433226549514337
3.1548276158652953
6.07698236225119
2.476604577823741
3.9878121516673
4.2865213606190125
1.2175862613251884
2.5031969874819913
2.062798885180647
0.8115374169424906
1.7768872036791383
2.754197812616898
3.210881456987014
2.1354529756169747
2.771525101676185
2.0202072202817845
3.20501352584034
5.278153996746487
5.09033974457527
3.8080214531965546
4.14950223402231
4.510694585587857
2.8408042736988635
2.546763215264533
2.230152048474427
5.000942583210623
3.016225937046526
3.486632594429884
3.696545111412195
4.5124489499875375
3.9584679443783792
3.3297711567741484
5.26618739863529
4.819718652295159
5.4247790556217135
6.954033999986841
4.736949883346492
6.078444344051627
6.908308809415358
4.139603817422062
2.8923025071465016
6.459844795678307
6.078406002425603
2.7275440525112726
2.6447569121446732
3.2885233115007906
2.704236095540852
1.3321610199106166
3.3079460965852334
3.437680134229115
2.9638037561949355
3.1456297820052828
2.579521813917268
1.9772314420586974
3.4457813106299784
1.0832092210185806
0.3342375986202448
0.6172258559687377
0.36237679841865894
1.5121029860789734
1.9666445374826909
1.2716497029552636
2.0145428886559547
0.23251633952830042
0.38824532876437734
0.45757022052899676
0.6240217213687476
0.05734276629755896
0.8096832790614502
1.2206950084301087
0.6982226905538307
0.3795023454903903
0.08499775353722042
0.0022226770590538835
0.10832375688898391
0.8977554562281546
0.5547297413839593
0.5312906814353907
0.582870853253169
0.21548125218950787
0.5543641228121353
0.3730291007808322
0.16141070529645116
0.7778337473042612
0.1707796971719438
0.8888428386718319
1.884849703575816
0.2211077913630605
1.2228940398699448
0.8778046280982478
0.8337703683466546
0.6169589190462852
0.5660780375458051
2.722233800808032e-05
0.31819130883505614
1.2859578478182243
0.7427616500710257
0.6764140975765077
0.7861831722330777
1.0235826086763398
1.4397945424649812
2.2839055399323334
1.0696937135579674
1.31133950267419
1.345263923673904
0.6795346565936622
1.716780339879797
2.2751701990563156
1.2448007801481478
2.211376650685728
2.1290454020291616
2.4265681347975376
2.3873031519758467
1.278713920204247
2.016958103896687
2.203120435625248
3.5853944895226477
2.8567377880386733
1.5577075041045079
3.243037209615593
3.7023856479505417
3.5271513686673543
1.7269039921606235
3.2012702857511868
3.9404469469257966
8.699777202516248
5.145511081610188
7.401057970853961
6.8354686617245335
7.961411521296139
9.262501984626622
13.441249472224174
16.310239257026467
18.285943293678503
21.526722701232412
25.626178111028594
28.942381441775943
32.9113814081896
37.891153013334154
45.29353570763347
51.12668400448071
57.803628699240136
68.38027768033467
79.57427183093483
91.52644973119193
103.55756353208855
114.40810488508944
125.20247609286926
127.1254060374788
121.80189178826798
113.28169365413218
96.82994894184107
79.0535985231794
67.84298197631938
52.88646280533663
44.62269595958456
38.080228339446464
29.24417173073096
25.757312418199536
21.316304274216833
16.730067096653396
14.797093075370103
12.605530714222706
9.648961144600126
8.909359980962414
10.560564659607035
6.668711320559191
8.121801279321355
7.243751058469127
6.093268826657241
3.887186917210683
3.2893351778712088
3.918793719984116
4.875826536484392
3.1710073885115952
2.069675927630494
3.0207819521339094
1.5203124177640062
0.007972008422100666
1.1904755409071293
1.893169991449691
1.469906179039558
3.3605964481335806
1.937511719550914
1.4922539617953618
0.3723642245238067
0.17606382507865792
0.2333372373774879
0.8531667024436527
0.1803386441541448
0.04594021235875318
0.4271547709520008
0.04769165996648382
0.9632500566368499
0.02163333030796609
0.10363612777733004
0.2936783522390846
0.5176473612527438
1.5568339606948394
0.7766761570959342
0.6954686167589631
0.521450247955061
0.4310305771602577
0.3001673863873268
1.1666708775620664
1.761646298532365
1.0464359972795103
1.672657257688912
1.4075731700963214
9.260394317354931e-06
1.7799934333376368
0.9654229572600596
0.6146601045239511
1.3874782271205255
2.587879625460197
2.538926595734762
1.8009642756885123
1.20850702318193
0.9861866751046686
0.22380208199919446
1.2954124803802112
2.1513899028118226
0.8303448184692386
0.1486203133012552
0.1358377705839309
1.1945087179094913
3.578991056852668
3.585102620216529
1.79889935450423
0.7522957302668956
0.7439961235983336
1.3011704269393012
2.3409055110667194
1.0926609779480485
1.6503989544420528
3.112925138869505
2.4412982366564764
0.20052032752157442
1.848920038233657
1.4496359337137994
0.6906453489779731
2.8588327251623444
2.1850821527688575
1.3182423722880672
0.3507127790886941
3.0586706621395314
0.8672312818828081
0.11967288881647578
0.016657188703054552
1.7051653686642145
1.6436941344616502
1.3635330378870905
1.6989515716111045
0.9990263757025326
2.905522909927787
1.2963890289705775
0.6255536172452998
1.6815279445828684
2.699398238292538
1.6838869322746977
1.4406263991789061
1.4501643991380486
2.0910370994721235
1.3779608828613978
2.300783042362852
1.9257468664715636
2.3652018915807114
1.9492875575076676
1.514213189987038
2.3783824216736336
1.7694337262956488
2.2467790332183326
1.9518756165038569
2.5300739060220354
3.0613216752953027
1.4658129967300961
2.655999395500251
1.668295269028008
1.2028805771647777
2.0887627193430767
2.683334079829353
2.9358151667011447
2.4154124779478265
0.9970594423838773
3.699807049213241
2.3087650162719617
3.1442922655393373
3.320694633689785
4.40745217947475
4.02536039948821
2.122344464153533
3.606888676877451
2.83956476658491
2.7581724375268304
2.5185284590379937
3.7050366075892978
3.090645374904826
3.3186717722831602
2.3628093910558885
3.8558698032308723
4.768844395350565
3.177081704260657
2.7234518823834346
4.650666706646937
4.630668937325241
2.709524511883234
3.4614503887532844
4.1974970664031614
4.3510879780653955
3.0733431675717258
2.766349404703547
5.031545302577309
4.277681948067816
3.512416815292407
4.051044628443654
3.800184988793819
4.4639914452136615
4.339515436588856
2.8818824686999354
3.312961336387591
4.590433887468538
3.6024453455439756
2.736565365156628
2.442660077955005
2.1316930454099565
3.378193943860294
2.3956271417791033
2.2770881802435263
2.6146354387382154
3.1348847130798303
3.1221382882650603
2.9294137915002882
3.844988769770844
2.6816010740673377
3.7788280781357875
1.8316838025313444
2.3362372615515037
5.558568331691869
2.729479924723172
1.7071745162687852
1.0028273857019243
0.73737200302784
0.3439108345191398
1.3130901210359933
2.4970717144415557
2.145917173700486
2.944191971229872
1.888187497060119
0.01289103997664217
1.5604947893143177
0.6572168265880443
3.666386114258748
0.20506950736960963
1.3818034277931486
0.09368795657016322
0.27265672546438546
0.451051614987237
0.29381158167131005
1.3649229240643612
2.38298798347986
0.6486545643740088
1.276485586725536
2.886924853312938
1.0520087607421302
2.788723966918921
0.9762827745272173
0.6084563857158536
1.5984367352571693
1.0010928149438478
0.3782548059042249
0.7337373727054498
2.060511649772477
0.7652562370379968
0.3006952112917305
0.45182481804870644
2.942778160646919
1.6067408093687798
1.3943001958394456
2.1681535436594057
3.330389390833416
1.1611899893240443
0.49585931726103283
1.181940064979468
0.863492437393253
2.3804365667040472
0.7966221139512683
1.3762103129420804
2.36985408746147
1.369925738908812
0.9665166631122588
0.6345739842107497
1.6211456760355945
0.9400420833925195
1.6104161518558497
2.283723188081719
1.8576386811794208
2.2481355680195074
2.2801558348671973
0.629826803202409
0.35715889111277893
1.7540920197009209
1.4268956854452812
1.3349985373313151
1.0784354105556095
1.368033370849134
1.6338041886272483
1.8480662932161807
1.1312376132997506
2.0170440924975988
0.14482040192037496
0.10554027558382129
0.4867083147837967
1.9599519274591986
2.0429370692881794
1.3032666973260163
0.7195142696873302
1.1427396515012642
2.798591213822877
0.822897592402594
0.43579702168167267
0.47083573086354263
0.5579391235073803
0.28567137151991795
0.7014618415150251
1.8796278528335533
0.604181154802289
0.38103027457728467
0.12569011972179658
0.3966476809308266
0.21194834698438356
2.7467271361221512
1.3122322426809239
2.4094522829239255
1.2511420815079528
0.3168194217491665
1.8949846152954
0.9058370459034392
0.20759006487051784
0.14328941258124936
1.1406270471741615
0.5873090446354147
0.05798144522690096
0.5382467693712586
1.012691877460139
1.0015968073754908
0.7480426237435791
1.2248478412706665
1.5336842415237184
2.2192531091344603
1.1309511774640395
2.4133509051285724
2.819377059199
2.068306639087149
4.747914593938628
5.227324144861338
5.94409300497489
4.528440995202742
5.291929881852278
6.6818572495199735
7.6847442203515595
6.397847268235796
7.03525087141303
5.4215597774326145
10.27982015254442
11.224435216263405
8.569617500396006
11.328142949591598
11.156847703070756
12.75961360208522
12.034847436760828
13.557091896699912
11.82013245687779
13.062224805917023
10.312575570544068
10.715524094382584
10.743298060578518
11.604267171389436
10.029767088059945
7.146353522584212
7.345649136591636
7.525718053001526
6.057462919969423
6.097411688552602
5.475907051247653
6.5505694727081085
4.73670712401144
2.987981801717605
2.939077732090974
2.0076422704476826
1.4588398105025302
2.364671899451527
3.843602769187594
1.9750978654408748
0.8335277236712326
0.43152225431267754
0.31136089365835784
1.1500214315187092
1.3255736670790847
1.395734632450046
0.706424229040699
0.7153286728542388
2.9064943349184302
1.6642363481275366
0.3735344450584298
0.9608280493072183
2.1737149414637447
3.4004334207505527
1.8593124650734125
2.147438355103981
4.068633039867948
4.883207778191793
6.626844996652717
5.464673081323058
5.482890037260604
6.525802180241845
8.479888807124956
5.184978793252653
10.248501583407021
12.848221256644532
13.627922305034176
14.306968269533812
14.701592356677285
15.854182305940258
19.30210322729549
20.72151631085377
21.42122317905446
21.506496232683872
21.26482348087072
23.702756490470286
23.61488061601136
22.6774502402741
23.589785433325005
23.392850813019507
21.418287974500604
18.38022118832323
19.12174379700913
16.889323199379117
17.69302585922683
14.020945356053078
16.095043073518102
13.854712711890324
13.538709348364163
11.262036135999306
9.95917289674121
10.324457519021225
11.14715221312399
8.972138776886625
7.34029002059101
5.912094100105786
4.866779906694917
2.791890807370948
7.094261549982902
5.077876846177272
5.3930693901475335
4.3288966667771405
4.6047354080932
5.675919539537563
5.037516532826069
3.1179642378693737
3.0516293627265374
3.279224227427276
1.5793523853625928
3.6693500800486407
2.4699407549652457
0.009659444990482347
2.476437996316385
0.714151878792598
1.970773066358038
1.3352778861293533
1.5593753808890731
2.3382960087788445
1.448700454098695
0.2229780649566423
0.686665527737978
2.295337168122303
0.22453277545082848
0.35919317815532265
2.6507299453721718
0.5846606346431407
1.5477048368265776
1.6467341463238347
0.022863621243236213
1.24696908617871
1.3367178569815659
2.486885642332824
0.08645345458071528
0.4559476296635569
1.0388056938385826
0.8530538230407675
0.7524541597358542
1.2875599515678355
0.6435779802082923
3.057963588856798
2.100591838654074
1.6856124145879274
1.567062559203393
1.4907002535500373
2.0998108604943937
1.4520826308386425
1.0247334379948254
1.356794531767789
0.4732216967768899
1.23396973781945
3.109288740354407
2.3827611941246887
0.739020494017027
2.5379339060937407
1.1392097670095007
1.3613168042191324
0.137420128452969
0.38538020050319094
3.692245151890538
3.04033155495956
1.3916305805126716
1.3793434562200402
1.0775316580385468
2.0459596024592472
1.4184912622581651
0.8949705514893467
1.1245254649658656
2.098643684611906
1.5155285375966956
0.4933786917787185
0.3117827932973483
1.9323656153084041
0.31747647860509687
0.281198069368083
1.1000618237692368
0.3565236718123524
0.3984319959126335
1.0781795283352882
1.344272225275901
1.0435522740707732
2.9678584925223173
1.4751504520416574
1.585783015996232
0.4507374948951023
0.5285008465241712
0.38647298445943035
0.27502408760002167
0.4828475750732689
0.4402760326226505
1.119502840658013
3.0542042390699375
0.7318663739317278
2.277401765972276
2.5216122186613448
1.6101565159701676
0.9780303477344828
2.0560276434821785
3.179015372674446
1.806755026949065
1.1976766716704723
2.5525405551884943
2.3773307487638284
3.5846288675424076
2.016001087218424
0.14309074353717824
1.8247034731485399
1.4237709090889252
1.2769058270857911
1.670645888183464
0.7190700642859441
1.3447213107032618
3.9790198722634607
2.1152646565914797
3.9883694176965827
2.313837017834404
3.039719680715422
3.3293259803556206
1.8221311482126406
2.9618772366488453
1.885167305198845
2.7431934792219885
4.494524691356415
3.060808738818337
3.1497085451279103
4.433786558887169
3.7580931728253906
5.0521801872617385
4.0684645741860415
3.3979159008300206
5.107964856616259
3.2141455397990133
3.373113066843181
3.637833239281999
5.076623441199735
3.0138397969636888
4.302183481200014
2.2203768410928117
3.480052279938048
3.553988953298444
2.239614569120194
1.9330561599178557
3.2794326349976344
3.6866895058553006
2.177829958074856
1.916475435778938
4.199037060422492
4.597246426151196
2.812346239126056
1.9165848237617473
2.6511369422221653
4.7297697020537095
3.4389968521583176
4.42111207949903
3.5220460732914876
2.1120862230757873
3.108656775022407
1.829706515106574
3.0814632236611534
1.8451754179189443
6.178058268194167
3.207786968854073
0.3585715098759088
2.3413683869644424
3.1243260292588246
1.6211794347338697
1.3635651904730735
1.6190535574264608
0.9744988176176013
1.0055029476986748
1.8327303058352038
1.6229799380878542
0.962860985521093
0.5715870077193406
1.201431424335313
0.6230967159267311
1.133948836983264
0.9763472988694177
2.1969956901475247
0.09244010067858421
1.305304564322396
2.9848675138342933
1.7111131605592846
0.05121602618673907
3.728813051753112e-06
3.3558380685987446e-05
1.4463514691026516e-06
1.8272023328725396e-05
6.73457040294459e-05
5.718856344176255e-05
0.00021714865441921117
0.001910353957821813
2.2182102757859664e-05
0.0002603098842919547
4.784501256308135e-05
2.8191553301322204e-05
0.0013667674627172454
6.808137837951999e-05
0.00012320777352803634
2.1419942197037539e-07
1.4519208001231324e-06
9.406256926567325e-06
7.854865942392287e-06
3.234586328112215e-07
3.6338847097342437e-06
9.3135416291862e-07
2.119945798180808e-06
1.147534104866231e-05
2.003278646254733e-05
6.242018904403885e-07
1.1807037200044587e-06
7.315860694743552e-07
5.3777075316395704e-08
7.778602533015407e-08
1.4851715601356316e-05
3.0112136072185087e-06
4.486167142902692e-06
4.1529227278871795e-07
6.576407410432358e-06
6.297971841873825e-07
3.142525421828134e-06
1.953349784603315e-07
9.933133398720838e-06
1.1497757848282274e-06
3.947496640868907e-06
2.489954854233943e-06
1.541719174580683e-08
4.0628136785877885e-08
3.3063253110970027e-06
2.2994334116691845e-06
2.455460922689831e-06
4.739710221969192e-06
1.6431111556606864e-06
1.3410928086845114e-06
9.682428358680546e-07
3.3903767112672856e-06
1.6540614918273449e-06
3.055003153388782e-06
9.756272683252236e-07
2.5153452179555776e-06
2.1176284789654266e-06
1.216730727759637e-06
2.8065951821943712e-06
5.049776091654451e-08
2.7618769821886733e-07
6.131323540770777e-06
1.2316273050128044e-06
2.9184073133553833e-06
7.350860782572833e-07
3.4924131760652014e-06
4.7475717760532786e-06
1.1591198707316975e-06
1.3002064307915249e-06
9.545183301052839e-10
5.3225480167524735e-09
1.683609369531452e-07
1.4044551561260214e-08
1.5669561841648792e-08
4.705592147402387e-08
1.986951313303983e-08
1.9808970882706004e-09
3.186839898027989e-08
7.513283534915047e-08
2.2597528854857024e-07
8.698754431672271e-09
6.138325601540281e-09
2.434185770287751e-08
1.1945457281611254e-08
4.1050283091137063e-07
4.29370742068745e-07
2.5567987532756854e-08
7.082662403917522e-08
6.68659219561412e-09
1.0492856162142602e-08
4.473428698979559e-08
2.1851052942759198e-07
2.3919933610489094e-08
1.5579381192205392e-07
7.71025105676297e-08
1.2108650754875303e-08
6.417686005851574e-08
9.627685612434848e-08
2.1924165110988183e-07
1.291885466177096e-07
1.1058862962422972e-08
2.0803444662630916e-07
2.06685317899402e-08
2.097398624124317e-09
9.08222959026107e-09
3.036827731647309e-08
8.530794601564913e-09
3.539283835346813e-09
1.9654644860693667e-07
9.11228682863138e-08
3.770862533226601e-09
9.117450213312879e-09
3.940214989180888e-09
5.904348404543789e-08
3.839368668544237e-08
9.459205728443174e-08
3.788118227143121e-09
8.781881216342001e-09
4.6040809659813934e-08
1.937504929808582e-09
5.200426341912924e-09
3.2364962243634123e-09
5.804616833175364e-08
7.36678081584187e-08
1.368121654726058e-07
8.024501666808604e-09
8.175110858614104e-08
6.277885775176851e-08
1.2750810556905012e-08
2.046392172695213e-08
3.3441271645010274e-08
3.061755454820722e-08
5.691301415664967e-09
5.1262741550922287e-08
2.500057280373878e-08
1.8484960203962954e-09
8.755276108708181e-08
4.46844146260496e-08
2.5292998393758168e-08
1.342654457788006e-08
5.217805354724975e-08
3.8720199757602023e-08
4.113793307718237e-08
2.7281112908573303e-08
1.6997193145173435e-08
7.884504501392933e-08
5.4383399854844705e-08
4.28158654011908e-08
2.550129804110143e-09
6.754640248224277e-08
2.5038795092612403e-08
2.4678012291886606e-08
4.1501416664027934e-09
6.540533364090533e-08
1.69687485836043e-08
2.8886135788421065e-08
2.9329046873495136e-09
6.530326759053091e-09
1.5917581756958543e-08
3.006833092280559e-08
3.771540058389264e-08
8.979651526216758e-09
2.8772867857710704e-08
2.3599957499435784e-08
1.9768511931266744e-08
2.1278517466620663e-08
2.132491034035433e-08
2.999971332452581e-08
1.0267699653054097e-08
2.2250678503424187e-08
2.669567343212236e-08
6.45356142198506e-08
3.218921928351174e-08
6.238831093117822e-09
1.3427095431564475e-08
1.0597284279395923e-07
6.77944019511026e-08
2.773592302449414e-08
7.80374951706106e-09
2.612577365760094e-08
9.829555345760818e-09
2.3626164282945207e-08
6.1118056310212115e-09
8.214699169728665e-08
9.36671924621145e-09
3.3289863090020824e-08
1.905180777596086e-08
7.587526630278575e-08
3.9008070635940184e-08
5.196178676717517e-08
5.085173966512793e-09
3.296714842222844e-08
3.388096274906315e-08
7.142456310443421e-09
2.2197065916042903e-08
1.5325633693607265e-08
1.0731822360463166e-07
2.985088539349901e-08
3.216510023962642e-08
4.599796695123114e-08
3.697170124210295e-09
6.945722449172088e-08
6.075993728514783e-09
1.0398789299670678e-08
2.0160585161097436e-08
6.50620083508617e-09
2.3760625146376888e-08
3.9345945960435207e-08
2.6753936226174018e-08
1.0580584031574983e-08
3.8213667011061354e-08
8.142602423740884e-09
2.4543130782312876e-08
4.071203950356169e-09
3.108559214595435e-08
1.2539745342866e-08
9.77293134010551e-08
1.74955387425953e-08
7.45779037435652e-08
3.4429190350291896e-08
1.7065682763931673e-08
2.0837415985789034e-08
1.3325281712406831e-08
2.454626463131225e-08
6.655999938342532e-08
4.835520627920584e-08
6.622107085280827e-08
1.3836314134282449e-08
1.964283797473758e-08
2.3298155820836916e-08
6.273582850669585e-08
1.2911636017790426e-08
7.858673673087258e-09
2.2993214404049213e-08
2.6701930538124128e-08
2.3279259401704048e-08
3.018628139750547e-08
1.2172908564283196e-08
1.226149543733392e-08
1.4899379963728445e-08
7.1268519331031716e-09
1.2474088378151774e-08
3.851694200605632e-09
1.4278075241091288e-08
2.3030697343063778e-08
3.5281165679953425e-09
1.5633924808516263e-08
1.627296613085554e-08
2.27467423195319e-08
4.0518638495036836e-08
1.7241535698834363e-08
1.257878806914812e-08
9.474968509539365e-08
2.928200299710029e-08
5.4001038397118654e-09
1.2358615629953517e-08
1.2193825041845842e-08
2.7419655977067198e-08
7.715230070218764e-09
2.3322923113525915e-08
4.66862757648278e-09
1.9665966692499162e-08
1.4756598278179785e-08
5.1269843206174915e-08
7.232585646275669e-09
5.6256199978138975e-08
6.319719497167199e-09
2.606519416285193e-08
6.814202603336962e-09
2.2892876551897322e-08
1.2735287970901485e-08
4.326184460718063e-08
1.4565191151057491e-08
1.6593762934217416e-08
1.1241517099957525e-08
1.846560015366054e-08
1.0744440261340356e-08
2.014207866089973e-08
2.4187742303977372e-08
5.2171624751344844e-09
4.202456887651619e-08
1.6234960866244065e-08
1.5976477079388716e-08
2.3632784653038812e-08
4.4410186888046877e-08
3.93395996280611e-08
5.595411486299045e-08
1.1614137459724285e-08
1.2280741569267892e-08
1.0536457201225199e-07
4.4264050963453174e-08
1.8275447928242757e-08
1.13365914983987e-08
5.955239182703109e-08
4.623751776392814e-09
8.626018882878459e-08
9.467385690506746e-09
3.641346470727693e-08
1.8853232705625113e-08
9.112067802417019e-08
5.289688494969657e-09
8.07442117879843e-09
1.2376258309993926e-08
1.5499248173798047e-08
3.111226775453093e-08
1.389925627534765e-08
5.375867728840327e-09
3.1279340088707796e-08
1.0956117693350039e-08
9.697333062395454e-08
5.897263915577707e-09
1.844425346253747e-08
1.6568158017091e-08
3.780927899401479e-08
1.7414583065098032e-08
1.0120925480621277e-08
4.905039470775185e-09
2.4860175654835717e-08
3.0093763255635164e-08
5.211682450731879e-09
1.2319183810916676e-08
9.490048867566385e-09
5.7425211458378024e-08
5.703845672467933e-09
6.482452598809321e-09
4.409442283792735e-08
