6.071874462930307e-10
5.232133708147634e-09
2.4183182803486965e-09
5.497964129654897e-10
1.5742285784181295e-10
1.6445443553499806e-09
9.197419587055144e-10
2.464339279203925e-10
3.825357593619957e-09
4.10784809496e-10
5.05713131300682e-09
2.0248883130027253e-10
7.038203302817719e-10
9.38898247069959e-10
1.935825249114038e-09
1.5335225407092987e-09
1.9746236840229104e-09
8.007353368513641e-10
3.131915796908556e-10
7.758312564460731e-10
5.178798166917788e-10
9.910979754734893e-10
1.00481602335997e-09
1.062058815118466e-09
2.7735931681776524e-09
2.2673984683960805e-09
1.3772611650224265e-09
9.95213707586192e-10
1.0155432985967758e-09
3.6335853619822284e-09
5.248932557144961e-09
3.0058556314500976e-09
8.415151668466753e-10
3.122621753819803e-09
1.0861939273906801e-09
2.012537786606967e-09
3.999636435471958e-09
1.7844753092319366e-09
1.5627740299044523e-09
9.291336642004012e-10
3.091275932342812e-09
1.0888161886671169e-09
1.2189297130193563e-09
3.628699992782601e-10
1.180467423686392e-09
3.230112218484793e-09
3.38639384369538e-09
1.8069345462321415e-09
2.2015831387675217e-09
1.2683460037295182e-09
1.3677458977808517e-09
1.1440153602963968e-09
1.6112882184657378e-09
1.997726875116829e-09
6.004178869875371e-09
4.1651458487677076e-10
1.2739067848268527e-09
1.6971829276407952e-09
1.934952007764473e-09
5.343960683042074e-10
4.0540141453167573e-10
2.747239931568767e-09
6.029555608196186e-10
2.0329074849256046e-09
1.0332230955642165e-09
7.777864071409999e-10
3.994336476962803e-09
6.1658661204996754e-09
2.183780378539164e-09
7.538132812899512e-10
2.2193636129881737e-09
3.2377395105898696e-09
1.5866602588651929e-09
1.2720362348508498e-09
5.010008560000848e-10
6.568961813150764e-10
5.055688912976386e-09
4.2708508648181507e-10
2.95204242367943e-09
1.4727103736990981e-09
9.205858036013033e-10
3.5128226185655393e-10
1.3019595907066362e-09
5.400877129791167e-09
6.301785490627562e-10
7.193536239647229e-10
1.0414019517903222e-09
2.313696949586624e-10
5.8153582399868e-10
1.735480099252566e-09
1.7490169276517778e-09
4.421122213893861e-09
6.744677246944342e-09
4.275758991024674e-09
1.0021292977399295e-08
1.7992844334735618e-10
2.1570088267058472e-10
1.4356476437877921e-10
3.2357726887462344e-12
1.3996754816831465e-10
1.0014904934985202e-08
6.129880645826072e-10
3.296779408685779e-10
3.436404305195659e-11
1.2921668765502258e-06
2.5156585532927916e-07
1.706617365902353e-06
2.1837369612567475e-05
1.5162137994585407e-09
1.7061680989645665e-09
1.2582233233892022e-06
2.3700101564573637e-06
2.2488137118200298e-08
1.0852064845759646e-06
6.334189436367622e-13
4.170615276508992e-12
4.0490804499616473e-07
2.560643639431661e-05
1.6364692345402485e-06
2.5616250966989035e-08
3.055732685818262e-07
5.8646877212388975e-09
6.18264846330169e-09
0.0001420321681268173
1.4679629059543459e-05
1.7308091377704062e-08
1.6020568864644676e-07
0.7139557739420922
0.6165483302070223
2.923788441993655
3.775408672608938
3.734311394067102
4.565801458085774
2.1364359214004893
2.369404983765248
3.4515299254075247
5.206708950094714
5.999387855370987
4.362859598765164
4.118941239148435
5.329291645694096
4.139656871355893
3.657107287511421
3.0453286299527114
1.6605988568669519
0.33676469877308374
0.24041130757973678
0.008518172353539025
0.03263358858016084
0.00951658879310654
0.3738979899495633
1.540489660819328
0.7949243823249619
1.8094792310171242
2.3778546111878605
0.49132106085057925
1.8858237424136413
3.0287834653654757
3.124967421619651
2.6676278647830127
2.5435936922411893
4.47089954732489
5.449697306337413
5.723383728975192
5.508841631253596
4.4263171384278515
5.244702592342505
4.644764117161736
7.0816685164798425
7.502877490632765
5.312204309646952
5.821594763923694
9.513051154041344
7.5907035518748485
7.235793510955024
9.226023288414916
6.524970900143884
7.174074060808148
8.133239887259643
9.741713681694632
7.77982940341353
6.805140538409079
6.100204025514128
6.066302370366631
3.949891977078708
2.9782906224396717
3.9211209436792074
3.3942766940857703
0.8594197384700742
0.7249261532622063
2.2831751075982596
2.138589646581002
1.6533712432304413
2.1569858092501315
1.7184071459382133
1.2037641293163024
2.3687062366065237
1.2663745954723782
1.6570705242660801
1.474474218659911
0.5543927237435905
0.2103560705458996
2.90460143016779
2.2225437347396046
1.0945793621063856e-05
1.4742825426717912
1.5603888702665425
1.530912277556238
0.47925615942444955
0.18966322711321715
1.8127394993451995
3.770660008425407
3.2014343165810604
2.6800300263026573
1.340115262377581
0.3801449489548053
3.018243550923486
0.9816831371069804
0.2202255125662014
0.5012287441762635
3.383029945665748
2.5565342700333717
4.3265442523613515
3.2012406303464913
4.238727915090131
3.3197025884606046
4.779302568168145
6.194024139530324
3.4304232568667214
3.703683206251491
5.819149275231835
5.86331549550871
6.323644470876046
8.31326513408847
6.7967213824677
6.098848567061298
5.932282088544677
7.436501877800794
7.530040110102315
6.358721527511724
8.965764837727999
9.700593259336907
9.072623593086968
6.800629676544662
10.82826071423352
12.574965962053984
7.952336602151985
9.794950687212651
11.164937011754917
8.334268966953116
9.344898423148477
8.285786416027925
8.109438111170672
6.738694496179007
9.101442393282008
4.1893318184220005
2.350627408877811
3.3343642263158917
2.8453408254807036
1.9994971962948034
0.977489944763558
2.03129512084694
1.6153498347682465
0.9891250327065545
3.346305595205246
2.199634761756065
2.171704871189129
2.7211100080300024
1.93769777614941
2.6738152134862725
3.2186200809274994
2.1708791483810224
0.5568909116456752
1.0549561951707374
0.7099724421797958
1.3297661623484323
0.49451250849806017
2.7706735897975263
2.483044632665405
2.5415318800390034
3.1949523787885887
5.24850827740292
2.1925542289892332
2.0875951074568704
3.902906385132847
3.6265936910228236
5.3510684879310855
5.667165333174029
7.9248986587373915
8.348946202052952
5.725410805721182
6.3203308923662975
5.984889488229626
9.650705085870584
8.476778549235732
9.199600285722084
7.2959667924256
7.811713495777796
8.362593862395862
5.703764464960017
6.802335168147737
8.173735965268204
10.216436712602071
9.03231700315285
6.996531372385116
9.669288310435688
6.858358967709632
6.698885782338008
8.036977367549145
5.932234133394977
6.7287505149943145
8.749053505050933
8.92945122079688
9.969779435530286
10.386668147025329
12.729682387950824
13.070485150489752
13.152007216148718
14.02991760340176
15.078855968432668
16.359294047789657
16.124821376428148
17.348990968873164
17.866235395979686
18.56828444350909
18.927154827539255
18.14477976536014
18.877261902637358
11.687838772839713
9.252054392718698
6.2249820075219
8.870750454980096
7.110491846247837
5.128942545709167
0.9825370386624303
3.0326881769533798
0.8070031241606589
0.9518560195174932
1.7130548230078122
0.04998825206282175
0.8024625103356404
0.04105617845149077
0.2708453903776953
0.4853036150851814
1.7738059506600945
0.4152539544978793
0.9171261525588702
0.6515392893834377
1.4142097411721444
0.38822499252161397
1.451155821170967
0.42130909011498013
0.8678773107359171
2.1841389343689417
0.19073348166277374
0.1258845356179129
0.9783498546929392
0.21368138201651943
0.6904182970745665
1.645542498018616
0.606248155122023
0.10479513195307204
0.1699822337283293
0.35954297360094645
1.3143654564865848
0.23265394242612877
1.4215788860222158
2.2369475369766696
2.6628541117561366
1.7034621774449135
1.141532057600656
2.362067206485203
3.0934607738443494
3.6574690272616803
4.7774737363108075
6.455829405001326
5.542352417172239
5.903210782459886
7.27868795330574
10.515426941435345
8.11793427562724
9.638919128619081
11.692261049206287
12.937430429437248
16.04448646141799
19.627253019330787
21.52473215947735
24.165730622714808
25.56756495789508
27.69152651135272
32.17396094197949
41.473770883041894
44.22755713058156
48.40118746976996
54.04642812319694
62.2653484151239
65.78349853141847
71.92765843988965
80.54134765321952
81.47931127353436
82.68261929882794
78.90171098364543
72.1506715010349
63.27284679582399
54.69238249887848
46.27985386516889
38.17688159797212
32.145237038992896
28.37612078963374
24.211081228737747
18.663601013225662
14.104165695653426
16.093298086510703
17.979078268761224
14.63658764281059
14.711903685638221
11.922653829493889
12.692250152309548
11.962473640326115
13.226462395893762
11.253807638449135
12.162315176438401
12.163148623511876
13.778540689092976
13.163644465291595
12.094009693182343
11.912820962854326
9.60088385239627
8.029122762518472
9.380066866537582
8.348489350172906
7.052574572630222
7.1364423035826965
8.631501149760975
9.484168265294286
11.261120935399553
9.969951852922984
7.979833841776618
9.311712682007249
8.72587596041565
7.551166669917432
7.045559192325093
8.378948088186663
10.091735834634138
11.462946134605804
11.300143385875588
9.474477602454359
8.286200118227399
9.21403657607811
7.404575667612587
6.964614369267665
4.251249638615475
6.018899908096825
6.103486925226017
3.597594572222834
4.677622953946322
3.6039887866486535
3.5236217425847025
1.9813579638327625
3.975780125343482
5.3997221877991635
4.234684857914232
2.458233584052078
3.6180783331725266
2.4967958425985683
2.6464874069089444
2.731474309561022
1.6949962871817574
1.5898717316165827
2.8745848097545132
2.8900842410282848
3.2352655047300893
5.167414283558044
1.9877998525043434
0.7177931532892269
0.29564771396814343
0.9589675385633729
0.09329937215769475
2.200650093139369
0.169750514114274
1.1544197160324865
1.003030817888862
1.105320889611156
0.07106215525731158
1.8147873641539245
1.9708108490966536
2.4544221504761747
0.5755761386451519
0.9256971311300016
0.6730387701624796
2.179544819720379
2.237885909843345
0.8684838576869817
0.30891690977294334
0.6754374194678533
0.025356536063532904
1.7388107383548055
0.34248952225058704
0.8027115280975612
0.07288806840533978
0.382746814046862
1.1008943604115682
1.8052182386418452
2.836602082160464
2.9192803977865225
1.4835367586702508
2.7943169657485596
2.4085483482195142
2.6755408962619187
2.201207199143644
3.3529768450072597
2.2796021255866554
1.7812959874437304
4.064578784611971
4.3837034420381045
4.072901756668217
3.220511841526738
5.305715627893736
3.9844916057719013
6.833895478936569
5.471541638109016
4.755519682684075
7.25553241858211
4.871782775050113
5.28910478928658
4.206574330529918
2.7689813257297686
4.559239586704677
7.773976824700657
8.74216027135152
8.431251223155348
7.217549360588419
5.748246263202127
5.635756278046383
6.36721662305987
6.144060361467204
5.606950819333959
2.714157566219746
2.2197188612805743
3.8557705822821413
6.692832472925016
2.811257091693387
4.243637122812433
5.098687897737176
1.289885635603178
2.530265935108566
2.2068980379523255
0.8753030081660171
2.035828085337518
3.059985562884745
3.6458759609318476
1.9572705997273219
3.3785286531705276
2.2609220913259067
3.4850701922256007
6.3449597087750735
5.974060178623415
4.1578746844408565
4.929328722292148
5.272008219317717
3.6068296695233895
2.679973967104527
3.099355322200569
5.70345719398672
3.432561993449552
4.020848028807004
4.318119468765208
4.911102156482007
4.440488978196549
3.5824981476242943
5.7618273958751915
5.079330857053828
5.869628975419502
8.258227410212795
5.829487834643195
7.114210766052023
8.261291733418943
4.681737884023427
3.4056140852175787
7.256579186335048
6.6369123102340195
3.085784441641027
2.870660089052958
3.7859434324685943
2.7270504535699143
1.70691514430352
4.380557784556219
4.217241069883019
3.20787845599714
3.947590609611283
2.6401001276193967
2.151558826228508
3.8555224064496687
1.4567039165924989
0.5313800123410738
0.6326802716082206
0.4721346467092298
1.5552574953412417
1.9407296086626011
1.2239378128755092
2.2514149033332544
0.2899844859975514
0.5361277651171517
0.5544970634915102
0.8182456446561205
0.052821457265535145
0.9409015026592262
1.8122966219010372
0.8863999748928563
0.4289572610943012
0.09274999317869838
0.001116176437550066
0.08303411694969207
1.2644440927110552
0.6236632032234846
0.8118563263503622
0.5135759329448493
0.20486193551968435
0.4092377626885098
0.49606176668270885
0.11796459474998887
0.9645910646277335
0.17064884870469002
0.8809326560917901
1.9781270000962496
0.17992350213139768
1.0529587350844911
1.1761056898923083
0.921581945853549
0.5646583919774246
0.7154277769832013
3.36489710150038e-06
0.43290993397809624
1.493904316323613
0.6824228070050341
0.7610642620633111
0.9583012078962936
1.0425143756872624
1.8197571805409785
2.5056560674892503
1.3831847888859683
1.416050458516794
1.5474261886565357
0.6821024218430967
1.7999141972992139
2.465607207717158
1.3332522992653844
2.740647314766489
2.9958476246487975
2.400401884398122
2.6278997328444973
1.6026913294658023
2.3165666621546315
2.5297202034916455
4.30601922372892
3.27809101758294
1.661062699506387
3.4783387831894235
4.000116314116582
3.996513510889521
1.7999337782123763
3.867029619484751
4.886163299776398
9.231641019363316
6.016177083866904
9.244857271924936
7.859449663356202
9.360411104690971
11.07422993726769
15.44334090053315
18.016119341259873
20.991998999987285
24.831432345239698
29.524463111266886
32.808007627712136
37.967901866905315
43.82298695652232
52.016126141154075
58.27720798334207
65.99073101097386
78.23248109590433
91.03886769411484
105.82123175366942
119.53677141130022
131.46366341313785
144.5408663212109
146.9600154102664
141.1078610898082
131.34527620207865
112.46172235541701
92.7993044167324
78.5144550356783
61.989526778738515
51.1489655475605
44.62870270938809
34.505408311993754
29.46676427950646
24.318479975264797
19.73330620335583
17.60549216100022
15.112092904382877
11.41560988270654
10.167047978208686
11.693482067896236
7.396482920728215
9.393776591987974
7.756967935144071
7.217153877472398
4.195831741248492
3.055376169570657
4.033155881013576
6.294503915909239
3.8941012758486497
2.383918140961207
3.513053653765864
1.323252994266669
0.0032857767073888903
1.3940458477988538
2.0580702054508713
2.0772658027834567
3.700502688738258
2.2741664006659827
1.951538329469949
0.3280799977838386
0.17107999520498585
0.209059995912221
0.6584581934061685
0.1297954624121241
0.026538425243510726
0.6262571168530027
0.043006137301081764
0.9667247755716282
0.009465197877149079
0.10932844514003705
0.35077844207143016
0.5714467043017414
1.9432241134868624
0.8881727448467839
0.5048118057917582
0.5079653047906039
0.5680955678847118
0.29908444361398556
1.186375250117731
2.1900585251313758
1.011340591452805
1.987938175176345
1.6778184556880114
9.047626608073531e-07
2.051970280167832
0.9985659375162425
0.7848541676546861
1.320363108633895
3.0015923714182278
2.9234896103185406
2.402478784608154
1.397440388675998
1.4019821766586362
0.13877070863837077
1.3706050521697455
2.331771855946768
0.7951568625672796
0.1514602452842353
0.125003761379813
1.2514221303652127
3.852398244550675
4.001687471625588
2.1755140729252487
0.786463202884307
0.856877196164495
1.6134691395413592
2.4176408813915873
1.2788671934164482
1.9795410614759992
3.53619434435848
2.9702201330365106
0.1863489811002595
1.8440344362812822
1.724508368070325
0.8209080199250028
3.50324227303524
2.3986084804035666
1.3544797491807603
0.34802740507040936
3.389481960064158
0.8960416240525316
0.09550042825116734
0.01421870791494624
2.2413976448395667
1.4839433069651613
1.6137288876175508
1.7621631971854128
1.0240792169558606
3.432699947540495
1.770573885474873
0.6337451945148215
1.7806407495249024
3.1223487013652105
2.1785291294117637
1.5887642237980166
1.7588750096683003
2.516298711300239
1.5917911058505194
2.314607486028082
2.1156627003846116
2.4881916467505225
2.426806037483465
1.6222454872032621
2.7061429884143386
1.922840396638887
2.878003547668687
2.1199932607169014
2.931143226926181
3.397438359485932
1.8507456093089567
3.168453408280965
2.111984568870613
1.3794265892599926
2.4433702357757783
3.1306737336741697
2.997139270718289
2.993256397638352
1.1493445098783501
4.116600773861534
2.311433884545597
3.5459981068706594
3.9888831067348804
5.031699023669182
4.638035296430969
2.565504236850835
3.97853801074331
3.3018104174045186
3.3427927504827384
2.731484008887209
4.320419668715794
3.769746583391874
4.1443188777898925
3.002286003991675
4.333597139569412
5.81453154913289
3.7746162901255906
3.2140212820913243
5.230891990690471
5.7266972773302705
3.173093353112964
3.9019833379730207
5.088903872205036
4.6893867532581845
3.3944152662119618
3.5058825932119326
5.822452365034848
5.027698116229695
3.946441014554777
4.503212893896212
4.603466899163571
5.242861016334917
5.1506350577442594
3.0767428025349663
3.677755776607595
5.124630607653104
3.8701279083031186
3.174417231903974
2.8153508018768933
2.5071765690570365
4.024422866992006
2.733326797538694
2.84700568186674
3.249842625174845
3.9660906354974297
3.655926231530559
3.5454338397191107
4.220351582372896
2.98432649918903
4.108991623201219
2.411924050616894
2.8015857606021344
6.19368715725721
3.2083671264678193
2.0246390435135773
1.0829492726372318
1.0230178751577772
0.356858749571739
1.7026886907432652
3.186926177105033
2.712474689722609
3.5750188978628867
1.8395869988160565
0.006219267849818957
1.883700174544374
0.6705557805639065
3.900726903483373
0.1996610817634097
1.584278351668819
0.07742311286997779
0.2805822709699111
0.3491672026954171
0.2884454293863208
1.446664686228318
2.6851255020792375
0.779668270130008
1.0911715610891355
3.3280445570456125
1.165810282708738
2.8720627250007977
1.3026290572670751
0.8476766784638903
1.7622262869826193
1.059188678444656
0.2192618832972351
0.9810082068957463
2.5030936030545408
0.9157485070806705
0.4322244445472353
0.265396184032589
3.4199335396149
1.7141570776157284
1.6767077024607897
3.0071386700164253
3.887068813099088
1.280555113480701
0.5099493918422687
1.5113155273767982
0.8644059859598203
2.4439216031739237
0.7508408527888757
1.4366868746333479
2.5785970535414555
1.65348120986263
1.2236492349126737
0.6562778118462269
1.964969864221717
0.9744106552624272
1.841720403327223
2.9425551159022785
1.8639574123038984
2.423995577330014
2.8333868177781176
0.46322641623883354
0.40048204900256046
2.11416238368243
1.7892413174653636
1.3064769529796287
1.150543038059262
1.8546522953526254
1.7107763278281172
1.6529404241610939
1.061568068211205
2.57919589502081
0.18933443547144121
0.11204995333197186
0.6310729579497811
2.3131566250593045
2.4077501130007573
1.7809338107286894
0.9606006440515491
1.5048206941340565
3.1350371052713433
0.9183368620629158
0.43067146683883256
0.580565944960071
0.6674243375194705
0.31422226996824654
0.991100002870418
2.2339513882632107
0.6335194055594509
0.4061746703042529
0.14322986885605254
0.3887295831723015
0.1502027510509352
3.195050473689493
1.6704586983575236
2.546413484204288
1.477570872558687
0.36664896502920724
2.0898027962565973
1.0437440264461069
0.23099350486157227
0.150756970254069
1.2438695773172952
0.6501967949236535
0.03940996396072633
0.4941062084804671
1.3714176830547606
1.1539787373646908
0.7026944307555275
1.4094341466046905
1.9017137202191015
2.5988985427268343
1.1972125500289998
2.8025464102209647
3.231555958255608
2.402480760323894
5.2851948311525145
6.094195561587487
6.733506171968893
4.923558683630232
6.281249882362467
7.644459879944628
9.143927865982503
8.168660313244942
8.282716925136416
5.995603104133328
12.138029386883808
12.679854003534706
10.174763899435785
13.267755345556383
13.675943984888834
14.916625123614468
13.876623554333893
14.676389919851793
13.274630672005916
14.828990856607152
12.071075563701953
13.02036133456071
12.723359085901269
12.854214414341529
11.200618125504874
8.624226408861698
8.473903643346087
8.697242347354392
6.7467412374170905
6.609791287159835
6.226137208325843
7.338920689878294
5.886513136949993
3.553131229638904
3.3099740441125083
2.5471663310975594
1.7919074716212386
2.74233594094049
4.690486981526516
2.353654901542642
0.6082206944805574
0.4520364833106181
0.3612548098958399
1.4182225232182488
1.7258548674169452
1.4322981320746375
0.7919836869908546
0.7261535270617128
3.137205160149602
1.545239484053067
0.3022873157608803
1.0539124798360227
2.5062206365934996
2.8907163691063533
2.674163652857321
2.245055212968226
4.233396266707529
5.074852146599183
7.351723510936205
6.539472329596982
5.426295681524929
7.092515440340098
9.520862040613277
6.3962272139904
11.410330459014904
14.95862444580148
15.44729530162358
16.50936643900416
16.393737742221578
18.172188494707573
21.914479932226556
23.204346413146148
24.15701115729949
24.447048477654118
24.19782209662249
26.971235709029116
27.429887227970067
26.539702501854844
26.731402118046436
27.42980008590318
24.510008928358914
21.438378890053453
22.50785767171736
19.320277771617313
20.114950122489553
15.515537578392136
18.290025547548815
16.046971419194726
15.671608257285461
12.741245576677077
11.423340477524043
12.662510955836298
13.18906212991178
11.081716305597745
8.160351507410477
7.222801331681601
5.988152157555657
4.028946564890245
8.126193918166322
5.578216443197568
5.885897455201718
4.858787799977154
4.975773176018794
6.43985521463096
5.51756125078674
3.4214621190569683
3.391022576627631
4.298547051028467
1.4993337327885468
4.153117391594812
2.947757462731116
0.003855462814269364
3.020156038338185
0.6727064166740314
2.31626105032462
1.2460744095868383
1.8895500931054852
2.6625521864617325
2.084816074854225
0.3325126632688464
1.1326559522167372
2.4758591937974836
0.22456490520934203
0.36755558312846537
3.08885490111848
0.6181483716593367
1.8478701245860363
2.1298403036511333
0.014130387612551976
1.4952827453644049
1.5488055384198172
2.633650853622334
0.15497116521975848
0.40658822865226246
1.1850517943566006
1.1326494426397624
0.7478380778939504
1.026736376081942
0.5961503909074264
3.275844436390383
2.6717419536929072
1.8493732371724392
1.4044205652089765
1.5395390618114912
2.91548168134245
1.4674645379069764
1.1371333502255228
1.8926820575646532
0.6009372429053997
1.3836025424085299
3.6151464505110344
1.9515409211627495
0.6601052004820789
3.2238202823321744
1.6075773796995858
1.5923970961759628
0.15112622881518215
0.5433012749216789
4.308636428194869
3.1145595434179563
1.9410152784041295
1.463019136844691
1.4066986283990215
2.507066052567222
2.0066640588740823
0.8950909080350543
1.1571861597599462
2.603466239129741
1.6470203717262364
0.7362630656959305
0.42836323498425155
2.346873045865037
0.4325267169097452
0.2429043107292772
1.3230923072745207
0.5161972862990705
0.5068520256407696
1.25262995545376
1.5498959479734247
1.520980554544008
3.1083822453975003
1.7420615958851053
1.576299238649606
0.4401715312605622
0.8047775605295083
0.5899983619341518
0.37953544159138164
0.554581898300415
0.7594421851749816
1.5150357668833794
3.4982725819355602
1.1794268425443049
2.803965548210638
2.7319425237015085
1.8657849177534462
1.2054150737669849
2.350621526742676
3.4004268053446745
2.045925109506676
1.222487139834364
2.963984080840516
2.6207442787879507
3.668209218195297
2.1810063129578237
0.20227492923963236
1.7757533333395321
1.5817832224564667
1.4473755715547718
1.6396784918859708
0.7571236447117338
1.4204081437631357
4.706992846356191
2.7795173399274167
4.7764373024471904
2.6387558882820406
3.5944072429791314
3.9249827871817646
2.0752541455699
3.7714334546584185
2.5760780662658376
3.29462485755631
5.23469006314464
3.8872544262249136
3.726722382779292
5.513433306621633
4.434670235993925
5.478188599254741
4.45457806927682
3.9417863374930815
5.968055613895172
4.35703961898316
3.7985435502390636
4.28563406662072
5.670347833137469
3.993877031869183
4.846954816280943
2.849722680807051
4.2326061720541475
4.4343075276524395
2.4617650855035063
1.8232145372281523
3.9901643032937026
3.986021456438678
2.5006335832430486
2.224641534516209
4.2477315782741245
5.045109124460029
3.2371485345533886
2.645401701573149
3.11852040562015
5.047702998566954
3.8047395257246603
4.598271637444584
3.6120716912428583
2.2126446335650853
3.4621785481619805
2.245902919620673
3.529430752421497
1.9900861437895734
6.999510720456624
3.7542702890320436
0.4884017116204292
3.023929173094248
3.935353319851049
1.8557348515314875
1.468119135970859
1.7861021445300826
0.9538117759678804
1.0743149817566582
2.1877915844330222
1.89966991582484
1.0599589540657568
0.6998558198925453
1.39048289144548
0.7546592408577567
1.2954782432614576
1.3538740359796189
2.4525612683287186
0.06874906301498747
1.5495165809772642
3.348799029306803
1.8820035756603506
0.048750013951198615
4.859727487364468e-07
4.592328430021852e-06
1.1441946540332996e-07
1.9116007665578488e-06
3.3234837661567276e-06
3.4883566922203323e-06
0.00010619872337376077
0.000982469643304691
3.4070792960959322e-06
6.218937727405585e-05
1.594906154958422e-05
4.958182196219583e-06
0.0007767944222049064
1.328223770415472e-05
5.4995214198490585e-06
2.0755816159337e-08
1.450642189546015e-07
9.516804475727905e-07
8.766567974944128e-07
1.037924388455209e-08
2.380043558837552e-07
6.684605279242671e-08
2.382847736057419e-07
1.0811119391205897e-06
2.213055242874884e-06
6.633392820212271e-08
4.744062155409887e-08
5.1253794228854516e-08
2.552767018430304e-09
7.957815380739836e-09
5.020409448427504e-06
8.638241685181257e-07
1.1234144775793288e-06
5.536729477532882e-08
1.4824617431937722e-06
1.3488627168529562e-07
7.066175868837097e-07
2.673048049555445e-08
2.4939124046218828e-06
2.8337835642522373e-07
1.1011555072429494e-06
5.838082077510051e-07
6.955587254153888e-10
7.896523935193642e-09
9.713035281531664e-07
6.170928669159776e-07
4.621751758904452e-07
1.422969977471101e-06
3.8810136545926366e-07
2.1233131491966427e-07
1.4548429185188277e-07
9.6365402006364e-07
4.5127153799956855e-07
5.276718186064641e-07
1.5031730885072293e-07
5.989154840543818e-07
6.324037462395928e-07
2.3765741476876378e-07
6.908883360043622e-07
4.720613138833558e-09
3.4405562588174686e-08
1.8821705620452562e-06
2.4798811986698835e-07
4.861243586179255e-07
1.4627725251875643e-07
7.054665374022728e-07
1.1829647677313409e-06
1.8758880536300058e-07
2.72366839094636e-07
4.6573455901750574e-11
2.9081718148762626e-10
4.019203187187442e-08
1.9237805407971904e-09
2.2578176205470705e-09
9.090761928545519e-09
2.4115214829047435e-09
1.1112399430658389e-10
4.011572127748723e-09
8.245956408865574e-09
4.0568155670376526e-08
6.464808466908023e-10
3.547189290280979e-10
2.1769138033585883e-09
1.3019659290460888e-09
9.560962032994055e-08
1.6379361473011087e-07
2.098572078647825e-09
1.4198390751880842e-08
6.027026382977909e-10
9.052639865989269e-10
6.5989830185967684e-09
4.5453563096487026e-08
1.8733823102471464e-09
2.801210227396772e-08
2.057862012537907e-08
9.523155775905739e-10
1.3233305805354484e-08
1.896121063972298e-08
4.310122288226608e-08
1.6239356987639078e-08
9.831980568280437e-10
3.295100450892583e-08
1.6230463578881347e-09
1.0907825823542138e-10
7.631806232516712e-10
4.8349251490421985e-09
6.800004546916721e-10
2.598375140480846e-10
3.389326176226907e-08
1.3540917820955711e-08
4.1926220610453014e-10
6.545381789463313e-10
2.386218434505298e-10
5.124007163183789e-09
7.055826582382867e-09
1.665481820662325e-08
1.8770642014676055e-10
6.558918940033682e-10
5.373620986505474e-09
7.069699689803699e-11
3.8259081658533195e-10
2.0495000780047303e-10
7.146821495550193e-09
1.8041017916039154e-08
2.2964390087697253e-08
6.727729069787596e-10
1.340825810172364e-08
1.0506883630034068e-08
1.1463179649562268e-09
2.1639840508484986e-09
4.5925385616251975e-09
5.6532364060229174e-09
4.5796403365521424e-10
6.7953657780736065e-09
5.130061148421538e-09
1.3854138970711882e-10
1.4254579452859148e-08
7.499604086750744e-09
2.697492859457493e-09
1.1946074071097343e-09
6.510877381701659e-09
4.7691704998190296e-09
5.084329533654606e-09
2.3279081632985516e-09
1.6451800344767557e-09
1.929061517314081e-08
9.68596482479024e-09
7.788029589016403e-09
1.668873260618022e-10
1.2671936754980547e-08
2.5883437346199125e-09
2.8478892771607996e-09
2.8278170668328145e-10
1.0058102887020689e-08
1.1948717676486552e-09
2.306580240879046e-09
2.072255751279693e-10
4.449664932722317e-10
1.305099349479224e-09
2.3925687621424147e-09
4.7691298525583675e-09
5.047070873675417e-10
2.9307708299314184e-09
1.9032288802114975e-09
1.6291593492603525e-09
1.301058974059981e-09
2.058051443855044e-09
1.961476560386469e-09
7.212175450895082e-10
2.5448767340010186e-09
1.807249360678978e-09
7.3963651222251745e-09
2.931101750852301e-09
4.175235943504204e-10
1.3762872140917558e-09
1.3085247821008641e-08
4.275567236026095e-09
2.0917293670145394e-09
7.192773641613486e-10
2.564122689744761e-09
7.027049412848185e-10
2.1734997401564447e-09
2.8338466239041123e-10
7.27761693582529e-09
6.59353589207822e-10
1.6676649650561462e-09
1.6858471994762535e-09
6.892654196306902e-09
2.1761339734619363e-09
2.731172673558145e-09
2.6650753528357434e-10
3.873046137885548e-09
5.721484544261914e-09
3.9409710091880267e-10
2.3220386903851073e-09
9.034213568485907e-10
7.446971831356135e-09
2.238697150905843e-09
3.463768594896284e-09
4.7123995154123495e-09
2.564156406630703e-10
6.588591961764693e-09
4.2710551171711093e-10
7.083535789986854e-10
1.3549669175162898e-09
3.996867881086477e-10
1.8451143690717945e-09
3.859712277111874e-09
2.167954189065804e-09
6.615573966469717e-10
2.232817310303758e-09
4.213221749407809e-10
2.137523658502825e-09
1.6606143225706542e-10
2.939571191602585e-09
8.284376711825637e-10
5.548915568469873e-09
1.7271403311609872e-09
5.427479366041167e-09
2.3404367982963033e-09
1.4961036484321856e-09
1.7273793820969488e-09
1.0475296938865772e-09
2.8852312711231872e-09
8.033757252512181e-09
6.719661150959108e-09
5.774342977872323e-09
9.49044810669676e-10
1.169942569281617e-09
2.269740431331526e-09
3.52009557308529e-09
1.0318395600617843e-09
6.698007376395101e-10
1.3065313285670363e-09
1.7470879427523497e-09
1.6861852262050236e-09
2.693410669914269e-09
1.1405664607837086e-09
7.291998479277953e-10
1.7545660325598597e-09
4.022519748007299e-10
1.267320539510259e-09
2.1287540720855003e-10
1.394567318683326e-09
1.627363601371316e-09
2.3641804053761767e-10
1.5862577284013898e-09
1.4027244321308462e-09
1.67377197711814e-09
3.450819913487561e-09
1.3074271493290244e-09
1.0575029091317102e-09
1.0388924091546231e-08
2.739680214751928e-09
4.015132241824612e-10
9.260053605262121e-10
9.384265723958774e-10
2.0223197333259004e-09
5.956352886555648e-10
1.851980428023004e-09
3.3594225014529807e-10
1.538682104695866e-09
1.240550824857014e-09
4.930372519411175e-09
4.760100407594901e-10
5.560251615092478e-09
4.133622059786476e-10
2.509453355434174e-09
4.954861117044281e-10
1.987037551614201e-09
1.0761517443856772e-09
3.818256601816662e-09
1.3454368594310643e-09
1.344716913458401e-09
8.438457743501892e-10
1.3324192626666972e-09
7.727750707360207e-10
1.953976535833593e-09
2.295302018471179e-09
4.101099898732786e-10
3.939653669487737e-09
1.2640170819196686e-09
1.3201899707472152e-09
1.7717664552747886e-09
3.38856487786024e-09
3.4066240464551266e-09
5.441023064998804e-09
9.931329438560694e-10
9.730796695502864e-10
1.0146839824452187e-08
3.91552568818344e-09
1.282673685116138e-09
9.02406164384413e-10
5.516137916556468e-09
3.182823491393133e-10
7.954744387080867e-09
7.548351506165037e-10
3.3266271580485203e-09
1.4993502532895915e-09
8.503124689800522e-09
4.350171521068663e-10
6.073823098566309e-10
9.77480507779077e-10
1.152836876909244e-09
2.522761816830153e-09
9.744838908378273e-10
3.727723549887074e-10
2.9452541961620933e-09
6.916839078184725e-10
7.77709776867308e-09
4.350155877800105e-10
1.3239939304112887e-09
1.183519738223559e-09
3.4881459326037045e-09
1.4327707892535775e-09
7.443274230168988e-10
3.564672622697898e-10
2.181129581117011e-09
2.3863160536143314e-09
3.9999643302755893e-10
1.1065264493521147e-09
7.603705909108266e-10
5.761495231995951e-09
4.4316434131056754e-10
4.1388883144705716e-10
4.117607209021838e-09
