9.997599350667317e-11
9.434678812587868e-10
4.1488859293150304e-10
1.0092507408413107e-10
2.2671267659858155e-11
2.8087064100834784e-10
1.49113415925346e-10
3.369845050773074e-11
7.142653024122181e-10
6.599794645122918e-11
8.586029591910184e-10
3.0219858066603693e-11
1.2082111223236956e-10
1.4916646070459202e-10
3.130928393704199e-10
2.6863152641299323e-10
3.3571849001517396e-10
1.3145818169988866e-10
4.690418235514225e-11
1.2247891726587724e-10
7.731384971623271e-11
1.4383769119932303e-10
1.5724250293977336e-10
1.546509868166831e-10
4.614781798285953e-10
3.7914421448765757e-10
2.1169914316464291e-10
1.7468173978751874e-10
1.6388900325281438e-10
6.325328420768612e-10
9.846075693873136e-10
4.834913811934446e-10
1.341403239574559e-10
5.284345888869045e-10
1.6060160712472506e-10
3.519696569130144e-10
7.120698825063588e-10
2.9785748640645045e-10
2.77423540294929e-10
1.3492243184812356e-10
5.462261600439637e-10
1.9026510282245178e-10
1.975718049909086e-10
5.5930091993624805e-11
1.931570612867575e-10
6.243759102620278e-10
5.639680032742141e-10
2.977480945637955e-10
4.0808461908575765e-10
2.0279306216240027e-10
2.2272511806506779e-10
1.742324424942166e-10
2.79584022383174e-10
3.6304979662084016e-10
1.113447275800483e-09
6.941681830154992e-11
2.2300682718860615e-10
3.030441634647994e-10
3.0750740379652694e-10
8.187955656331415e-11
6.914675543729408e-11
4.895645761977695e-10
9.38395543584144e-11
3.452868501218784e-10
1.5177346884744046e-10
1.221792333563182e-10
7.36980808988168e-10
1.1539270542543225e-09
3.6000125478777886e-10
1.3119805042702118e-10
3.79127695860976e-10
5.466929179311307e-10
2.5785263602561007e-10
1.963892211527896e-10
8.727342769801138e-11
1.0195769997931582e-10
8.827951256065517e-10
5.802597884043579e-11
5.258564581854285e-10
2.4540022080106486e-10
1.3826053588863742e-10
5.22924124845453e-11
2.213355811497835e-10
8.695825172951976e-10
9.800786268986894e-11
1.187881741148506e-10
1.528538078112311e-10
3.113782267450687e-11
9.289258884300843e-11
2.7839152730961124e-10
2.5812334877308334e-10
7.304420003130099e-10
1.2985585757410675e-09
7.645841452029101e-10
2.5424413297719774e-09
2.6530479075752383e-11
3.1426773621605906e-11
2.4575799596466426e-11
3.113655542505416e-13
1.3439824249863894e-11
1.306279193959178e-09
5.5306128027261135e-11
2.8560594631530464e-11
5.623885820133158e-12
4.560459670581849e-07
6.590131676564594e-08
4.978643299779155e-07
8.017417305484847e-06
2.5566959219456563e-10
2.7230890241108505e-10
4.731819246660001e-07
6.177954173179546e-07
3.4227382350779963e-09
3.222927541762142e-07
6.143635658477186e-14
4.76981978905321e-13
1.306271126189271e-07
8.769410321486046e-06
4.217785106927163e-07
4.0209196365682165e-09
8.443074991604108e-08
1.0040614366069801e-09
1.0584293103497068e-09
6.380853668757067e-05
5.766618851351116e-06
3.298554649608273e-09
2.8839695748532873e-08
0.8307484763127104
0.8414205233843327
3.0913531061313857
3.9973082682070444
4.217234376991072
4.819529097105474
1.8512669712461398
2.484888475569384
3.700606710371429
5.908064962640984
6.398492125343783
4.635629570391141
4.2419943028702845
5.820965649970819
4.3612991676556305
4.127019627913908
3.3265692472847963
1.833122650812362
0.2105475987019491
0.1801656259371635
0.004436241103970602
0.01858110703837054
0.0058960059086024886
0.3113703673000295
1.752697939815672
0.8103978568877399
2.180604869011816
2.5411694204312942
0.6204295597653711
2.1921713362401385
3.5455707643663312
3.667546579858536
3.148809479136325
2.957889505362576
4.973104783667096
5.9935221092431235
6.227261063754721
6.018582722192244
4.755002931916552
6.124796342460498
4.965050302294872
7.561954353253144
8.282062585782558
5.605383305473687
6.4965465993690685
10.427926289614959
8.58520470947024
7.9959200284979115
10.27432002490847
7.043778481638588
8.01784880388727
8.662133321102985
10.562193691687614
8.320502441394021
7.355506292968486
6.801869776067273
6.572202339250259
4.115980751788796
3.504575131201029
4.436051275753637
3.892030567805396
1.1056087314523597
0.7138167814653228
2.3087776675682914
2.083516441644469
1.7718674005837947
2.4250421998974505
2.206930946728893
1.272880040803682
2.7799862554692676
1.3846309457568826
1.9587940128430417
1.5388512694614518
0.5000487877221124
0.16790040741162426
3.293491236456334
2.4291004290468226
2.239724120540019e-06
1.434677122355103
2.077415342172838
1.638870427860855
0.507226891814846
0.13942222729278156
2.2649349007354513
4.048480944970883
3.381163643092195
2.9674083328857277
1.3646740795350392
0.36321884742638266
3.1797886397354893
1.0614525793694654
0.18954176430497438
0.4898991504503119
4.05858226498452
2.7791759065203765
4.642914022931619
3.4396422677987593
4.438114086048956
3.6541031813357248
5.296576799045883
6.808319805774517
4.00486054498875
4.081845599316893
6.047802575716909
6.345549457570446
6.9226024962604225
9.08688582800659
7.224068335039402
6.720094437859778
6.580665988125164
8.29455303195243
8.298349796403759
7.087042114896541
10.095243276495088
10.935421880495337
10.007948953099877
7.537917956030415
11.54840726413294
13.846161827441579
8.921029536186774
10.763260954325675
12.462173038850388
8.930852085663407
9.893442383486015
9.161343590633324
8.862908996633756
7.423255144502972
10.04716110039746
4.639464142771777
2.4989828882913643
3.8237015688655083
3.06765372227909
2.1072084386697436
1.0978455502417623
2.3709310426706973
1.8452630256222073
1.028000889408256
3.662402412263224
2.4822167260216457
2.3716144925286127
3.0594995791711774
2.2326189160822314
3.0082482509128345
3.6148861243096175
2.355619282702145
0.5824698854079611
1.0742494495632413
0.7851750609746063
1.268617620683436
0.5413261998283977
3.032051399711152
2.7495044724540736
2.847232652081814
3.532116789344489
5.749718030521145
2.3747597275581644
2.129247927684765
4.278102114424044
3.9213891967813246
5.7492484297497
6.0971165450042815
8.464204799808096
9.00634426370395
6.246055353361505
6.91716256885405
6.325502918411308
10.755131838566541
9.346846692207103
10.05402432102079
7.681321350795885
8.522042371628983
9.230104104046656
6.328554755126369
7.405291177504296
9.336637502760306
11.361302906520677
9.578857024307776
7.438428009512027
10.503121359829905
7.635357638301114
7.575842234414794
8.714710520450154
6.43456740825163
7.572909501206384
9.948566699407577
9.823140732200851
11.029993576018535
11.458109097254452
13.918793668774438
14.479124359473726
14.212525025611052
15.135890334615382
16.155273876704968
17.664349694484486
17.54525568535655
19.055026464777697
19.149271127940064
20.603778620782784
20.7072068447292
19.687022620357308
20.740762076937596
12.642275193800396
10.165395720485886
6.652516810372385
9.693512751006544
7.766275174924186
5.753489786109094
0.838495164287401
3.4613855785074947
0.7885034639892722
0.9936849495961093
1.6828488129824992
0.039387701595914364
0.8663566008761856
0.03157676979095394
0.27135703322828936
0.5653164531237572
1.8974786964659869
0.44428822335255874
0.9253533992623073
0.7082672198644563
1.5992778630759912
0.41500812507471285
1.7245933824936062
0.4342496186890675
0.9439179680036606
2.4917497858780417
0.175759306696204
0.11940158844909701
1.0711052527135363
0.185807565955133
0.8140962437381868
1.902176654797093
0.6787951971903539
0.09702920602067557
0.14734459001068484
0.3444282632937028
1.3607832793198436
0.22285568219257057
1.353363044913828
2.3925247612889304
2.7515643441041786
1.9792830536162063
1.0640458161921893
2.535970977866427
3.295786527944057
3.808033818636716
5.181945860466846
7.050219234165833
6.083580350829034
6.685689172737275
7.7615154310763685
11.631524234770582
8.962737847957053
10.792330385286027
12.84442197421617
14.2965332424245
17.30929819015826
21.677345810008685
23.70071788810138
26.645737690874917
28.243559064350904
30.407728511374426
35.535488094312115
45.50279879373403
48.04196168739966
53.53112672437771
58.87558654078011
67.96129846309711
72.06250228410018
79.46921829582061
88.54794986367108
89.09716691148725
90.75864780963435
87.19716786683286
79.5471937742517
70.13151064836424
60.51575075027596
51.46779248108179
41.51754373069551
35.05937743221027
31.164108026478278
26.695788806047002
20.68101820104094
15.862461388587558
17.505692394415526
19.464807700539875
15.836729831411093
15.784756907121386
13.03001678793335
13.8849919333656
13.767794887009488
14.503143420362226
12.638641599669842
13.500979810151744
13.543249416312275
15.003030151289366
14.506360464264736
13.480651474573554
13.282301784535557
10.671544316595332
8.734829861805935
10.234113946969579
9.31679055843082
7.593673432260853
7.996227897751755
9.425013849056446
10.402350632494326
12.220975211062294
10.906279604679808
8.57194240400802
10.500244452899592
9.32972966456347
8.394479832462054
7.561277059908946
9.102133980601566
10.895826176739954
12.340696127530835
12.152495354072533
10.580073912703764
8.946524188449832
10.230335368897356
7.848043770849964
7.859590387124907
4.828876012674193
6.732755384925305
6.858941897094018
3.9537072483428286
4.952400357851658
4.045879533150733
3.548276930239663
2.0242680580138255
4.147329109678622
6.01510065456155
4.821294928556483
2.575058296029999
4.0511799884196975
3.052597858380274
2.8399561110185356
2.885918805062847
1.780406467189573
1.6911320028999346
3.1934059643843744
3.123026518929241
3.690787851373444
5.5718472502303555
2.2238099904812834
0.6690670543274024
0.3191858762371797
1.1488457992425132
0.08665159367176968
2.327229745356088
0.1347111536515804
1.4122242922968768
1.2154170568207538
1.152851870369055
0.06521270170265339
2.0227558351943897
1.964244608744407
2.469987275495006
0.709657590867854
1.002437869154401
0.6687561061767908
2.6540025776642038
2.7337045277544267
1.0396716918539384
0.4167418740169505
0.7287606267132344
0.019658571068650356
1.8000162812398446
0.3666632769473997
0.9832340855000431
0.055749127550784816
0.38048823731479364
1.1601535528012599
1.9992582039779963
2.7787928686349166
2.8627803422509475
1.6989408127700731
3.209873731204646
2.696763093340461
2.93352196375272
2.5259780891014674
3.7194446796782135
2.588782462642239
1.9496696665971518
4.369045487710205
4.827122314191705
4.7079714901315155
3.4508373546297575
6.007324125351151
4.409634094190537
7.604837389181641
5.858034571550196
5.308706021620946
8.164321383365255
5.521496134440145
5.7692876144572764
4.784619001243894
2.916312056434293
4.914643558109292
8.242015562799363
9.665840072775024
9.178018046942958
7.960656960702859
6.27113136685774
6.180732173405545
7.150853348936805
6.981453949246718
6.27843318199017
2.8389121995134934
2.4930524707265076
4.4995445373282035
7.1113458056026815
3.0049901958761103
4.389894655391046
5.66282217510003
1.350270829082712
2.5194021002128757
2.2466682050941182
0.8894988467823218
2.2709344845171544
3.210323349557912
4.001936277093423
1.8497994714203156
3.8817552848142025
2.4480619203724547
3.7214668691322306
7.197838504340989
6.568548075214362
4.3812188162848535
5.5156464212881495
5.8746252813840725
4.218334198064652
2.767953856403608
3.7818663031190716
6.14629766744018
3.7398169861053807
4.396092530159478
4.7672492175946495
5.315083583942462
4.8857743349039
3.7447107179061545
6.188016267628185
5.422942953435647
6.271048301165127
9.236948610169476
6.529423251216721
7.966667295500882
9.254165193136865
5.109253645847038
3.806116967334371
7.95112144907392
7.119445157656255
3.4442925419885255
3.129671152971071
4.2206998324174965
2.7476643780799392
2.089250610707311
5.323979362966341
4.725410544868629
3.447056921513272
4.461978075772233
2.721846304998626
2.2421132285908194
4.155382535089496
1.7548368963154792
0.6763243358491715
0.6487883301686632
0.5092451859131086
1.698700847010244
1.9685147854107614
1.1255193570126658
2.423850390504803
0.3549661588223824
0.6091717017176363
0.5823184190819821
1.0470911346683844
0.04308892630315386
1.0415559089344222
2.257130102852591
0.9944780446823029
0.4569636118378131
0.09822466620586197
0.0008474977788621678
0.06545088937177912
1.6630043568458681
0.6672036165213657
1.012251430748999
0.44057969889783305
0.20814950598414608
0.3038720801163081
0.6013557443863524
0.08349531931728349
1.1229610014610287
0.16129643415395725
0.8094961046908794
2.0353837839945856
0.14020840217724703
0.9243134763966585
1.4389308684232058
0.9272702247195378
0.48890730886889067
0.7070152458300835
8.419425337412032e-07
0.5450892846218691
1.6959393239106177
0.6720383409892231
0.8894456103100569
1.0897099231159357
1.0828903065360915
2.1067324109804058
2.597856718537509
1.6507555864516426
1.455627584759766
1.6457907739809676
0.641832115681247
1.8562303699479932
2.5226716911841227
1.368864716581072
3.0307444150141714
3.598609195405391
2.3403298528054806
2.7263164594147424
1.8141777169149662
2.527039869022924
2.690956801816791
4.703684038705058
3.4481311658587805
1.6377992698108967
3.6501024825549577
4.155629378195155
4.282730792143635
1.8443767985964814
4.333984111299788
5.4096514420026
9.629358488096548
6.39895431064276
10.589867855728807
8.427796106403823
10.333721864728183
12.331847275277735
16.809991104057193
19.231190988937136
23.081155923592284
27.25718999652831
32.2688140737569
35.804381474163264
41.79829980083159
48.205270660018456
56.975161328146754
63.658742731814506
72.29047515241164
85.69616698137118
99.52464992931625
116.20161528828979
131.3720185133547
143.81152389171422
158.37514981609542
161.5462307753699
155.35342820683888
144.74732871350963
124.17610058076802
102.9215961014704
86.32459989531559
68.54592649422973
56.062350822073725
49.48419738317655
38.62026674246413
32.29376156439161
26.579618936822555
22.019087570203517
19.83686107283282
16.932972772710254
12.447249125832103
11.121526441500569
12.60089582260862
8.086070345001492
10.384762788779407
8.148689112472006
8.142956088020002
4.3095201912624255
3.0223955325867613
4.084497971653192
7.290604747702536
4.487076032265202
2.5610679514161414
3.8956324945650023
1.1672470485135964
0.0020336767578663715
1.567932320067089
2.1398127450315756
2.5878966789369136
3.8406405001798296
2.5299732240790855
2.34326514217686
0.3212287338341395
0.14820728606034586
0.1581849651328293
0.4795246378476828
0.10903076626233743
0.017614640845399692
0.748202238041871
0.048214864033163364
0.905736673076158
0.005848733736618754
0.12074091573784976
0.4023613540630109
0.6399411490482992
2.2140290692081352
0.9621686361114212
0.4192036985505762
0.48116802414655857
0.640961385783888
0.2923470757871469
1.2192405668936992
2.4609229439426685
0.9483178258516514
2.1662429668079293
1.8983471391770947
1.548629188258908e-07
2.3044551954294312
1.0072033960670117
0.8653001786852836
1.2555250193108816
3.33120433891556
3.197962454404686
2.830348794533645
1.5300988957566297
1.734417085382075
0.09432513026596491
1.3301024081943165
2.4896951672262038
0.7792173120645041
0.16209173068427232
0.10390086330382284
1.2575255353317756
4.000132826852124
4.2679793213553845
2.6230059882903087
0.704912075250242
0.9281538554603442
1.82572802069438
2.457373197966172
1.3624487430901386
2.2378724812692807
3.7676530971416526
3.3681590911456882
0.17828457237271578
1.814932535612273
1.8592803603614843
0.9084976146330412
3.918159729855907
2.5070271528088672
1.2660133244749354
0.28658305851627963
3.668554862806981
0.9163134768126246
0.0668569491958091
0.0143785515735699
2.5718888068962094
1.3615883147673282
1.772082096429852
1.7393244957348843
1.0293165554742794
3.844343958916439
2.0806753056928247
0.5827065624827057
1.894417533412716
3.442507019112081
2.4843968509824816
1.6992680530502913
1.9862359016097006
2.792000213948023
1.7615108900789072
2.3044098054601236
2.375010171719752
2.6412072901623924
2.780713505376699
1.5927144568227798
2.931359022374316
2.033229303777957
3.416620863743837
2.1882318035179598
3.2401592650099413
3.6036764753546926
2.1655042266795412
3.564740310557498
2.358459150247256
1.5579556130312344
2.7956634755551
3.471620933849959
3.106520456521629
3.4742507283187183
1.2042558550853975
4.475711705266895
2.325726490718036
3.802444457224589
4.414475050453701
5.665884051088917
5.0986946093016
2.9750667333841636
4.298190789929542
3.6606401309492247
3.9039427053712843
2.8450439402097936
4.826802618950736
4.294425737321472
4.779946679476233
3.4480932737132575
4.672946773971829
6.579971912876792
4.22857196535415
3.6098147974071706
5.68904118241591
6.5668163686474585
3.555086594883879
4.239021248205588
5.826260014811027
4.964565762215352
3.654437196000304
4.121676638966526
6.346447709112707
5.592569082741813
4.237983077871917
4.943436525401705
5.214492121391436
5.813388727935281
5.751134420610844
3.227714731437207
3.8797485443311284
5.581947406953087
4.055998789274952
3.5113115241790416
3.1012217630905825
2.7515816562578252
4.589832875733458
3.135901005280818
3.2620075726854183
3.8108929646959515
4.565322647446329
4.165906922735957
4.056482303976846
4.425389944479575
3.275972043033817
4.407454645497409
2.897365990411529
3.1424152489106305
6.751115570213722
3.5779205738266047
2.286636664454808
1.1549185267044433
1.2278326138909066
0.3363304482997191
2.088230818475781
3.8027952704476573
3.213698068788744
3.96245421874995
1.6959858843881022
0.003695888735401375
2.1819328498440056
0.6960076550505885
4.0569827824436455
0.18620673075477734
1.873588884706918
0.07905499904609468
0.3136352969571815
0.3196523872259771
0.2807241224063717
1.4249859615709455
3.0533854092935435
0.9188441288153396
0.956904889297686
3.652591097293542
1.2910894981360443
2.9591016270635353
1.5957659673112128
1.062212635479657
2.026893242194938
1.1307276466223886
0.15905787254844367
1.2743704558997169
2.88210658255036
1.0045864173949344
0.6010710742385076
0.18847120338481105
3.6479440542810626
1.7657484211875227
1.8278703116294497
3.6431261740660736
4.453050376071682
1.454779238033485
0.4730706685863634
1.7155981818069144
0.9205896389830394
2.414929716507775
0.7059905287255908
1.4599852502292807
2.8559575857778143
1.866925878860031
1.4231113246857845
0.6343245938779037
2.145375432426089
1.0672760922690774
2.1139779760573303
3.374344729582148
1.8912787705289502
2.492624505861191
3.3325377190348564
0.3145024090280018
0.4174901941673227
2.4291580485087847
2.21245628484789
1.247004147477331
1.1351641096419856
2.125998945937986
1.8599934847373516
1.4985368348951664
0.9630457091228832
2.807221833299087
0.21599773057380048
0.0950860114638401
0.7261019086125559
2.6099260636167902
2.6794137211745164
2.1182833248771598
1.1266896647137274
1.7432999272280807
3.3224110919200984
0.9426620191058236
0.4363358631880818
0.6656715453611625
0.6953620380202793
0.31630867733043333
1.1942376867318212
2.5492149591466218
0.6128134518140299
0.41458478417384803
0.14668253069549095
0.34013745081060137
0.10878402130828546
3.543701377922581
1.9697592000525252
2.6739101157499516
1.601137958603891
0.3679336900225887
2.28198831780494
1.1479351795184065
0.23379903727471252
0.14896745700937655
1.2541909293039217
0.661981392889914
0.027986804110107445
0.46491016987308165
1.5727275118286281
1.2525152225544027
0.6730835712132808
1.6069078743609913
2.2040188459397747
2.9096979368291715
1.283281425350944
3.084098317438108
3.422067958825457
2.713968355754354
5.627088688160257
6.761220804639774
7.2535095056284
5.269433145950157
6.96140227229357
8.297303571523859
10.197269012743362
9.593574599460831
9.301808617334641
6.395202207724995
13.485966756755538
13.958453624706198
11.261455723639873
14.575671361649196
15.366042251063169
16.350835947995332
15.184520087831169
15.503060243246045
14.212855779012667
16.07766266447624
13.174806305313984
14.674682922903925
14.006930805849553
13.46950553892065
12.121295089697105
9.692476413794852
9.306785485306513
9.487940808978584
6.973017216173243
6.692733739042078
6.696425514961004
7.8237514619938935
6.61221402278051
3.994400493181732
3.591332243159305
2.9546109052982636
2.081358131290949
3.002630185922373
5.221649017092373
2.6614982810280687
0.47641102672606844
0.4266190751821447
0.3992521432743411
1.5067599917224854
2.0224216553000858
1.3828007366376844
0.9632895029783172
0.6854875356581375
3.1277875105530377
1.4541507761300543
0.23163006720429052
1.0667397407237476
2.5926275848956077
2.498110935743338
3.2012720520382656
2.230535839703807
4.382407382551021
5.2237133083253005
7.951035169179604
7.122137720114905
5.5977394717909235
7.5460785118258045
10.194777942450301
7.056317172573732
12.404619917578344
16.175914871010058
16.67464747258632
18.199864457341558
17.907698223491874
19.909285417964856
23.819639564792165
25.053480277324418
26.061800546566133
26.415551632779156
26.445307961094286
28.98764144294104
30.131792074604647
29.289010297529774
28.949552776121337
30.182407985831844
26.506588498066364
23.703957415512008
25.023307153161205
21.066698421373907
22.063430377742357
16.7753287617317
20.08317213744947
17.53090512135108
17.402391503258787
13.96600097479661
12.633807105083918
14.207459561272167
14.556757633629276
12.451053514246702
8.903237482859634
8.133639819735784
6.919167824526207
4.966647376115084
8.75447666212426
6.063860249644963
6.191766465273246
5.362828157764546
5.0442814914420975
7.007953318616395
5.836030545936074
3.684647518264968
3.608540229517704
5.044862353911026
1.4469336059546942
4.653640324392986
3.2241547130502255
0.002401082544161436
3.4479304101172223
0.6310364254925911
2.6336673174348393
1.252333630552266
2.2690204248686996
2.705971876644017
2.55755480459866
0.40151761051078766
1.4395631416060082
2.4042961150536803
0.2196451159537588
0.34872422801581715
3.519013084346279
0.6230831217323094
1.970849780165983
2.4916216832977733
0.010654052792674383
1.5691043681426298
1.6608465257804224
2.701687523666188
0.1773359013633381
0.3782309415783039
1.2071867427144944
1.407365517179685
0.6945915754294781
0.8116511506869472
0.6422386680336367
3.389161484489629
3.1701396900292904
2.0433963713041807
1.2286157179891766
1.7106252775358206
3.564168749224116
1.5325590047698112
1.2443466797853875
2.4116153492614596
0.6715162741269888
1.5818844738150044
4.057319510339246
1.677961255542989
0.6129282179783162
3.7570481374626374
1.8179497165452856
1.6350357719838433
0.16082119878117573
0.7134684747862142
4.881654590054515
3.023119170736483
2.3598439848656034
1.4290610426554113
1.4734795245947614
2.8800102298398205
2.383979994139497
0.8980271086822239
1.116608109378282
2.950374075300907
1.6786973271470746
0.8586383933745839
0.5175541157665999
2.7110196255472387
0.5206020030305686
0.20267461863378114
1.5554377210138715
0.6195312479691168
0.5599330781741756
1.4062530154034485
1.6656556308698955
1.9129361322985416
3.0968113552803214
1.9244091313684484
1.553777573657991
0.41629385905445543
0.9847285480511564
0.7788689910247374
0.478903446024732
0.5965095750206075
1.0224831122387408
1.836463823705755
3.7734673243003636
1.5263312365765807
3.1305406777250724
2.9224718612935203
2.1039279094921106
1.393838771418483
2.458461450811186
3.499761443680274
2.2683396696525007
1.1852446773046648
3.270344019897921
2.908084477827265
3.6893394541045827
2.3876476894901733
0.2925041803899867
1.7597082521970568
1.6653422031759115
1.6091540708942416
1.6988265707996497
0.767029154193982
1.4636528803495579
5.012808713489023
3.3421205213852963
5.3302668728938505
2.8532518296541753
4.0388572640844105
4.429695939898499
2.2797953680424947
4.437573260441922
3.126477776089004
3.657297594473368
5.8555941139368946
4.436681751834933
4.199351289259061
6.426424925892947
4.98871458884966
5.84291568259977
4.66405002814555
4.446202183667475
6.64906643791552
5.241781927090574
4.227654680579126
4.828337562496073
6.03411705594013
4.835724632155017
5.229015589650707
3.3363019357800434
4.755460738421831
5.1290745690261135
2.6523845524503886
1.6910932849452396
4.5878175846413685
4.212612428566246
2.8266976043006324
2.5175605135330774
4.317785732675147
5.370440457881763
3.418961781637617
3.2937756913726046
3.438346054530832
5.411382314864934
4.05555050823254
4.791809499793645
3.5878795337381595
2.2864675299167248
3.6552783641080704
2.5165238121898477
3.8495011727093558
2.081211073159863
7.542880938489263
4.180216914724257
0.5841434484206026
3.5616300172173543
4.385801353061879
2.05435787774381
1.5553744444247608
1.979092468112272
0.9613734187594841
1.0824364570963596
2.4108274147113677
2.0567166477934626
1.1347882591372436
0.7857940106275008
1.526507993451749
0.8845950660864639
1.3646922684440048
1.5637456245574242
2.6111695262998436
0.05973905238763189
1.6574993588100777
3.683315271111968
1.9816882713883106
0.05081162432143882
1.1726501284548316e-07
1.1462743547450968e-06
1.9696276190580168e-08
3.7448480544368424e-07
4.4182775124937606e-07
5.968259179260647e-07
6.861985046782217e-05
0.0005667890668179948
1.032018862806123e-06
2.4733081580574905e-05
7.45883544770493e-06
1.2772873449512043e-06
0.0005124564429245136
4.492779670250598e-06
6.805866642240215e-07
3.5584364794137e-09
3.3899924814874085e-08
1.9988142408757483e-07
1.8111154569586798e-07
1.3884058172693765e-09
3.1390085581641996e-08
1.070156305590375e-08
4.183952949017703e-08
2.0388238166438033e-07
4.033532528023491e-07
1.653065285864108e-08
5.146111870584926e-09
8.564594570433573e-09
3.591611894929682e-10
1.9314707394250815e-09
2.521634587874373e-06
3.4239700719655653e-07
3.89556843594517e-07
1.4685511218428752e-08
6.217555704101509e-07
4.996487970052069e-08
2.598346471926467e-07
7.095889673944989e-09
1.0039712351943718e-06
1.3548706239153596e-07
4.183762850058233e-07
2.307585967620127e-07
8.380917946725763e-11
2.124499312288395e-09
4.949219763835745e-07
2.219631627287454e-07
1.7096678171406905e-07
6.143877097127802e-07
1.4301892581134735e-07
8.436744954326098e-08
4.395083673292379e-08
4.977719221299513e-07
1.663414354815133e-07
1.925340991782258e-07
3.9725369813904935e-08
2.552551444494367e-07
3.0609609001346144e-07
9.285596044353802e-08
2.9344070570656024e-07
7.090273547387692e-10
9.527389236770779e-09
8.619864181273411e-07
1.0249114227404782e-07
1.962624123075342e-07
5.136677744411995e-08
2.4438390751670445e-07
4.5704060822224546e-07
5.922754021137475e-08
8.594693606054078e-08
7.723652666011603e-12
5.377280208739633e-11
1.200622298849674e-08
5.431290520531207e-10
7.717471711670337e-10
3.2446592956369945e-09
6.734836636620673e-10
2.0435312455774706e-11
9.2789132231385e-10
1.7857440550486257e-09
1.108494811246921e-08
1.1948310691047099e-10
6.654506229263339e-11
4.48600885214243e-10
3.8929830108371177e-10
3.3561169930235395e-08
7.118847310104288e-08
4.930981177985988e-10
5.0457969155542645e-09
1.4303685096988435e-10
2.1201451500626225e-10
2.405236573293412e-09
1.668262848373239e-08
3.678656089761364e-10
7.888636407529165e-09
7.864187721748504e-09
1.7686807648680415e-10
5.3235839089938834e-09
5.130270258681831e-09
1.2979850578301433e-08
4.8072604952810165e-09
2.1355004709080283e-10
1.0249480903894865e-08
3.574453816173194e-10
1.7209578137896288e-11
1.6887616121684888e-10
1.2894036480404815e-09
1.4398221432585167e-10
5.526388300571327e-11
1.0264625640109044e-08
3.933898124851577e-09
9.395777569372197e-11
1.4493337614018222e-10
3.8853357018067795e-11
1.0979677198106514e-09
2.2150053015120373e-09
5.822890044105099e-09
3.2621018117917284e-11
1.3827054834966117e-10
1.3430629989804e-09
7.845005991355586e-12
8.87261371077619e-11
3.766866888785334e-11
2.062451940917494e-09
7.397859715798968e-09
7.358621976742915e-09
1.8260201530569654e-10
4.09626399098718e-09
2.9981458274764327e-09
2.451323238848076e-10
4.816820906870148e-10
1.2417278581993403e-09
1.7711460948014834e-09
1.09769844651657e-10
1.905866839658445e-09
1.2765861578998367e-09
3.136627121745755e-11
3.6375310653563044e-09
2.2457519059711995e-09
5.618427775790857e-10
2.664221391775464e-10
1.8117285928255038e-09
1.1219283069162926e-09
1.2613533974540231e-09
4.938415404933626e-10
3.872073175749301e-10
7.661129199480674e-09
3.5723839730729244e-09
2.930246482836648e-09
2.957961361709025e-11
4.848966515971855e-09
5.247511641758438e-10
6.575541556412201e-10
5.122407300404493e-11
2.598217318343365e-09
2.1132931915235605e-10
4.1633576488919495e-10
3.409528261762506e-11
6.922031574146287e-11
2.421574770415167e-10
3.944527110886862e-10
1.151140084060374e-09
6.568770373519701e-11
6.228244965842362e-10
3.591942395150755e-10
3.290004316119507e-10
1.5879582057744553e-10
4.573749740581616e-10
3.239966903784351e-10
1.2057992906472434e-10
5.441564183066952e-10
2.6206429460089314e-10
1.721831796180336e-09
5.297749485430026e-10
7.059991362527834e-11
2.8279551204853166e-10
2.970769071524191e-09
6.171799465142862e-10
3.4357935348260664e-10
1.3466078901877404e-10
4.5651260635110816e-10
1.2234825591983997e-10
4.244869766204524e-10
3.1963813374064866e-11
1.3829419364220453e-09
1.1807354835795338e-10
2.1198478328528945e-10
3.3525118625751705e-10
1.3050961553228495e-09
3.087527375306818e-10
3.5060629322896607e-10
3.424063125400597e-11
7.511241920144632e-10
1.6132440345228502e-09
5.502973701551758e-11
5.100218703610104e-10
1.1940276357485635e-10
1.1997104088760766e-09
3.948864269969886e-10
8.131649923669288e-10
1.0130459376283682e-09
4.244126523717556e-11
1.2923786375020926e-09
7.457800431661448e-11
1.0542886194123876e-10
2.1479604590955664e-10
5.992421564053525e-11
3.438137499716883e-10
8.274909066354201e-10
3.798383013883975e-10
9.675654463538041e-11
3.298281825979169e-10
5.623243437355441e-11
3.910214821913263e-10
1.8041080393511398e-11
6.058457344934089e-10
1.37207575711481e-10
7.792596119846772e-10
3.544048914031855e-10
8.8563703884351e-10
3.5266101759630097e-10
2.8593121706358474e-10
3.3011044130842034e-10
1.6609918711468924e-10
6.596546995649179e-10
1.9318649318642974e-09
1.387303978166941e-09
1.0482557843728242e-09
1.6402617540234755e-10
1.7663898433995643e-10
4.953411705704517e-10
4.908077045547754e-10
1.560992876690269e-10
1.2516870969235523e-10
1.7480671435467358e-10
2.719335627585547e-10
2.9984155441989945e-10
5.325279080292683e-10
2.0220525332218084e-10
1.011823778089966e-10
3.638895954281518e-10
5.819656714989536e-11
2.593591959553779e-10
2.6225549961001335e-11
2.472093206428159e-10
2.6383198720982517e-10
3.6994720896367715e-11
3.031377742287309e-10
2.608979296226396e-10
2.684019929778537e-10
6.074963611956962e-10
2.1702889119254445e-10
1.8345502890114367e-10
2.1004431461967472e-09
4.807579146041383e-10
6.404407458814297e-11
1.5171116519464592e-10
1.5349485378367632e-10
3.4059757471929946e-10
9.686442106032069e-11
3.048459838062167e-10
5.2870493122937445e-11
2.4561614866127026e-10
2.1493127243016984e-10
9.332044532901111e-10
7.072449586977219e-11
1.0637310539742372e-09
6.107891714874889e-11
4.871327934949983e-10
7.634431833305788e-11
3.5460573956380453e-10
1.9085980585165028e-10
6.800885900780428e-10
2.460449988938825e-10
2.1914922757374404e-10
1.3766522885561188e-10
1.9659874952597605e-10
1.168024885267424e-10
3.6536538321059117e-10
4.630431907008129e-10
6.965859905290321e-11
7.026310179075799e-10
2.0850303491333766e-10
2.20506731938308e-10
2.92622492203052e-10
5.430888643490806e-10
5.754269080343399e-10
1.0144052308650624e-09
1.669164199614318e-10
1.5853010369757041e-10
1.8920159401143978e-09
7.192935050154474e-10
1.9327557965102562e-10
1.5524835855354531e-10
1.0078041688324041e-09
5.018738719108786e-11
1.4479280450172691e-09
1.2596698996328247e-10
5.712421840675061e-10
2.5081746041403515e-10
1.6612560360201227e-09
7.283600712924955e-11
1.0013740666394397e-10
1.566722824909168e-10
1.884452463205024e-10
4.365481417424861e-10
1.4753837218814167e-10
5.699063893163548e-11
5.380508660346806e-10
1.011141622787976e-10
1.25096537180663e-09
7.149427805458685e-11
2.1622465744574597e-10
1.7933256570193535e-10
6.462805011596356e-10
2.456751762303849e-10
1.178575301516997e-10
5.387623021590902e-11
3.9480833488790145e-10
3.919410835656945e-10
6.753002052692618e-11
1.9946237883853262e-10
1.284437623597096e-10
1.1136533005643049e-09
7.452333280824976e-11
5.799107602896309e-11
7.640519551566901e-10
