7.559744457670412e-11
4.6515450520017507e-10
2.2521064475767464e-10
1.0631782326081119e-10
1.9235891274022883e-11
1.909027738978926e-10
9.059838044610498e-11
3.0148114484018717e-11
3.8926890231578436e-10
7.222229120950592e-11
4.233266224154016e-10
4.041311276704266e-11
8.515502190214399e-11
8.402294840930313e-11
2.061517907791094e-10
1.844043963792868e-10
1.8191601991993394e-10
7.921627941347154e-11
3.690804900310536e-11
7.137945621852727e-11
7.107888391145652e-11
8.172555172324646e-11
7.275317530094755e-11
1.0707805053423265e-10
2.7666309949518595e-10
1.780725912791714e-10
1.1087646330748687e-10
1.2023854475884844e-10
1.1130494931678542e-10
3.323088523984729e-10
7.170517172383863e-10
2.3680719361892575e-10
9.129314718536271e-11
2.771617699397049e-10
7.910117278327738e-11
1.605603694874489e-10
5.146604298254975e-10
1.6731521300251726e-10
2.067127677188918e-10
5.669118122092006e-11
2.6356115659823003e-10
1.7599001238474327e-10
1.3256637210462218e-10
5.241873158308768e-11
1.5097441461311457e-10
5.516233039068127e-10
4.083507181422723e-10
1.667381460153171e-10
3.3926822375482725e-10
1.511704979322333e-10
1.2451043908777355e-10
1.308148466859099e-10
1.8771900351596564e-10
2.4557314059787983e-10
1.0071319137702655e-09
6.643801118297648e-11
1.5880084651082786e-10
2.138132776745798e-10
1.7705822039120123e-10
6.42489903590694e-11
6.74234975438508e-11
2.52743421450539e-10
8.220308541096398e-11
2.122555679474198e-10
7.271629772568079e-11
7.380083012330348e-11
4.501060940158809e-10
6.250448756864916e-10
2.500239680985855e-10
7.671368972233006e-11
1.997627412859009e-10
3.175621289414381e-10
1.6593297172645706e-10
1.2094343959559287e-10
1.0434308606383246e-10
6.095078470241222e-11
6.083455400788176e-10
3.1327786198251713e-11
3.4791425179029285e-10
1.4269285730949985e-10
9.926167632176659e-11
3.581006548041791e-11
1.435669607633661e-10
2.5230377905752973e-10
7.092943993538155e-11
1.1406979372506159e-10
7.239343842217098e-11
1.6903642377016506e-11
6.784065316963862e-11
1.956434012752403e-10
9.472590533878465e-11
3.619034941808222e-10
7.341523795088549e-10
6.520985988522155e-10
3.0025075264869583e-09
1.9702371924435374e-11
1.8110409316138323e-11
1.141357932378541e-10
2.800722464443553e-13
1.1207199905943684e-11
5.255448899556296e-10
7.08670214807994e-11
2.1028872002459165e-11
1.9163254476372387e-11
1.691854912129251e-06
9.612448113693628e-08
1.2292604360521674e-07
2.0323080916083202e-06
1.2667360611912275e-09
3.696337310993155e-10
6.136469483481722e-08
3.3767028153767036e-07
4.989480846592715e-09
2.1590538006004326e-07
1.9342190537164748e-14
1.0639442049938128e-13
8.184619571997076e-07
1.4644625300404345e-05
8.253384039025257e-07
1.1606653681783527e-08
3.13471159201289e-07
9.05822527654812e-09
3.218699388830437e-08
0.00012907482744854224
9.17916727309428e-06
1.6657471312658098e-08
4.487057836562416e-07
1.1553266556808972
1.757546308956538
2.822104603783954
4.149343703384543
5.160792933571916
5.7157500276049475
2.348169935053404
2.5199834706094504
3.6386939907683202
7.766839292825296
7.989565826395378
4.883447939563801
5.715717983431923
7.172459939561617
6.084585028654563
5.840722725610656
4.708654173601345
3.4877342994441562
0.33932639489576844
0.23111585969390383
0.03321144691460459
0.023913120494569808
0.010271105998111454
0.3291915851258588
1.454662302494318
0.7790024428614315
1.6801569767635534
2.2523844703509024
0.45741803887530824
2.4008913312929465
3.4767764528008462
3.811537590069732
3.902144215472611
2.967390079098905
4.56745837995113
5.494008689525541
5.853409369950575
6.304673471284319
5.152283776613776
6.294356452366062
5.018630670501266
7.40037171992053
8.647502572404463
4.788455457494774
6.796088525783307
10.094253191721375
9.525750934130585
8.199071046265383
10.099513643984386
7.232510478946141
8.780033722363816
7.578866476476752
10.25056278135068
8.722416482852315
7.0893334770483305
7.440048139256334
6.596322048535576
4.271401485004223
4.354583185571354
4.265968497946958
4.483415332189726
1.1073489454837535
0.336171485269277
2.6327192230613847
0.983061194630526
1.3230101593019112
2.38535691989539
2.632238742058552
1.58155941834556
3.995254994847375
1.2636243095416055
1.8935426442038275
1.4935438481745982
0.6114301989189797
0.059011228873520366
3.9146826657166796
1.8899762193474776
1.5665710322708218e-06
0.9109015894094502
2.13776852945933
1.9088060443391268
0.3145103633328863
0.1656814159724433
2.8315021738203594
3.875002388348709
3.2909389891688603
2.8972050635725246
1.0308151332929882
0.3063819722222776
3.207865239719268
0.9692071521032094
0.14614873027027173
0.41564748133794854
5.311077966378854
3.1858255970554086
4.872886661702377
3.592357364415368
2.8628488679404254
3.1102725121716928
6.882441138392156
7.1881115334716785
4.95818097295566
4.366582925325412
5.809319609526021
6.117562795669036
7.572155399305569
9.493895366609578
6.81732116280097
7.075770714523286
6.8475093797442295
8.625246223553729
8.329330110916557
7.9654410788368954
10.295266596393018
11.776812778885636
9.717831682211097
8.647820253775768
11.263009566572451
14.154073395672926
10.106258120595298
10.770700638934333
13.544956888962211
8.51759030033629
9.61979907179627
9.776774037206295
9.378832431290693
7.99008058604714
10.407242215849339
5.731637879921683
2.326294163933455
4.184320967555631
3.556548191826667
2.195615217645257
0.9988008665211703
2.682609740052897
1.8586939395267321
0.9940430143929953
3.6556222159642435
2.4662021555472022
2.6221571461316096
3.060218039773374
2.7454134825533933
3.0472954531709866
3.5378894398743315
2.4581254797620593
0.4789852753694652
1.14937866487178
0.9309602957871026
0.9563585210908176
0.7047379696845005
2.840040631432818
2.9462641151082694
3.3346933494420745
4.026327417827558
6.27667508998804
2.044750115786057
1.7646671088559815
4.612233108000626
4.104622720361504
5.735145312049827
6.483192662119443
8.558544277887083
9.866246787170864
6.353087407209789
7.277476677193151
5.772390800903626
10.740790396448714
9.60800093371809
9.873672582280875
8.072860545520257
9.043653200103684
9.570511141206081
6.589990212410326
7.189656188386044
10.40865167853045
11.862019178399384
9.15789529964184
6.6690014172859655
10.565586803073158
8.00680518716714
8.277404985837412
8.96934464015994
6.610698577794344
9.022755022462254
10.728278732269427
9.816193112728321
11.028954052107672
11.352286022452384
13.537914998401437
13.732883644563422
13.659646509376794
14.932160965616223
15.58366529205826
16.79261347169392
17.718623096874907
20.247609289085503
19.60141291029185
21.377626169925414
21.565558285456277
20.057872814203545
21.15282452623437
13.542139727360434
11.251688696247204
6.267598228894704
9.189659201708576
7.78305229971018
5.846282558426976
0.9703251151408848
4.26918268564478
0.7489472427875545
0.9080585416360428
2.225809490680022
0.035381598720065834
0.9202213727833882
0.0364604578877208
0.2849341938019408
1.0237226334301661
1.6112367053802001
0.725929587075474
0.836016800098223
0.46446619091600744
1.6865669646346582
0.36844536105017706
1.8928762790651756
0.20379586930390156
0.806649014332598
2.815960882153162
0.20785886060966774
0.11807528927314936
0.8667899307082237
0.16637780815412356
1.7864246008822489
2.357105407757533
0.7147120243620235
0.12095794498940916
0.2168898644142545
0.47116502468026844
2.039259132852131
0.14231887357064502
1.6063668154417985
2.5269689287578947
2.7125663910867863
2.770390876372694
0.6755000995002733
2.822810767300548
3.6837453248780263
3.9447296001077286
4.966873485732214
6.177040888951609
6.440509632587899
6.955316010737752
6.868213287372815
12.687094009158198
9.709857337385705
11.764928293023857
13.611548569810004
15.950484540407347
17.339687391888678
21.85697017369509
24.033970024122215
27.33270887814923
29.066479938006076
31.57769584520552
36.77292607649416
46.05669338671602
48.10485185802278
54.99947699668467
60.71360263447848
70.02125679398792
74.16076818080285
82.67458933016698
90.40772424751877
89.95184073221341
92.10560399403393
88.84355577342095
80.70449721404499
72.49151943396446
61.82579341149433
53.94014252142283
42.20030625376143
35.74548165673817
32.14152833005534
27.56101677427948
21.27399682378498
18.487055843944127
17.24844099733456
20.930856272330836
15.473925615217839
16.3412321938538
13.974499427885569
14.534304251743178
14.348464491260705
15.52689767596269
13.747708117281265
15.671189513990404
13.672021726297437
15.433307976188443
15.75169175885786
14.622792446222093
14.146050833052954
11.26550434333871
9.34344804380912
9.681726853446555
9.952418055258162
7.902095532605724
8.5651947887871
9.684994798284245
10.625728736750451
11.863713818364237
11.616861488194251
8.272134609318565
11.547015666571726
9.325104700825674
8.674908736987604
7.272867939845133
8.78618519296991
11.140509169563227
12.73776665564469
13.297203767570625
10.489455565586269
9.50364236590483
10.738184235762082
7.774281971660093
8.607369395800996
5.364110595706721
6.630907357364643
7.170469129991122
4.10759602234255
5.567042258060287
3.8616156090148657
3.229199714368974
1.9957573618086313
3.9321402495117215
6.2691466302829575
4.76668879976092
2.5591039909659186
3.969994220586718
3.531292221844804
2.4498665250129235
3.245468874647313
2.2002709173941932
2.142836918342756
2.3795404914324516
2.9960783482584636
4.111020134410202
5.4815092665705425
3.3967231026896907
0.7220535762629806
0.5023065003810152
1.5886185590843307
0.06815751420559543
2.494181598706642
0.13076678220557347
1.7874694718262596
1.7604314228987343
1.1570752580494603
0.05452698752373398
1.8525462712573129
1.5078504986970258
2.2070973158254694
0.5036077511352062
0.9340789623718355
0.574791115070149
2.697341739899775
3.489083874098403
1.6252980046861945
0.46525594180868496
0.8019132601980147
0.03780488471705766
1.0929083498646677
0.3421768741087755
0.7410328141878553
0.03427834009328771
0.4242868961343316
0.9597376349871666
1.9297926274091735
2.623505874443328
2.2225492448000286
1.9963446719180904
3.658509056698864
3.493446233169179
2.4378705961716323
2.670209450791309
4.3610616874329935
2.7347856664456365
1.9009503117635
3.619614029753188
5.243416639652652
4.654360746253687
3.386574098155475
6.714407100509894
5.788295431778757
8.358746809262932
5.78582431249151
5.609594663035653
8.429624905536889
6.626961350994039
5.347866221288537
5.2684703309370855
2.6906592393742037
5.134428818215601
8.699741095002258
9.079988840515872
9.144524926296901
8.307478360825996
6.551542578937348
6.224104680060277
7.611749573810233
7.0358874690146145
6.614700229918215
2.6232329898878275
2.3180240737840223
4.845059172739751
6.677805509527358
3.06652455788757
3.6000127363243846
6.150061925376533
1.6263057108601722
2.0621914280503417
2.521797285884431
0.6814374661718627
2.2372852246795096
3.145228040744895
4.198830875680921
1.4386940935245096
4.646649262399258
2.7330827269245934
3.4699525470315664
7.609815389335401
7.333536754641331
4.612297691361136
5.865119155095954
6.519349788294369
4.709734213340522
2.6130480933072624
4.769083823697167
6.202643157798079
3.2691955135999375
4.6299336436906176
6.07597929736705
5.1435129354881255
4.584508697346272
3.789711687038768
6.988299326162507
4.82360631440874
5.712647447804355
10.470156645422449
7.323007676381022
8.84540919487666
9.742660164457712
5.127984945563023
3.952286092735445
8.751094064777961
7.218977411273229
3.5501397035961775
2.5785906677586605
3.9740408757386425
2.734048212456136
1.9851922053657693
6.1170968831654715
5.218278556918537
3.3337966093640024
5.493813146194982
2.6318321346955575
2.3784149621426396
3.4009996717216597
2.100620128580863
1.0645334136444506
0.7755516994172864
0.782135294471356
1.9613078040190477
1.7875394159736526
1.024289578591733
2.249155870194747
0.7094713564112384
0.6387063817295212
1.203240036895429
1.0601097007921862
0.025879612078428395
1.3852193762609197
2.92000806696955
0.9948363393634172
0.5566606883668987
0.21519424635540305
0.0017360659606034917
0.06407912399113172
2.4832446066392992
0.5993667906866814
1.4011342406872815
0.7285379545601218
0.25951001478492397
0.09525638594532902
1.0100236195981058
0.07308577495019758
1.1136395238584575
0.1268910745055331
0.49947523818265027
2.598830454842976
0.11022434387378822
0.6660603921103283
1.7260170271843778
0.9806521556233767
0.4031767563035705
0.19967461558754607
9.24021276032275e-07
1.2024576098660316
1.7228776605764262
1.24539732318259
1.0398009396373573
1.5071265098382158
1.2814702676915701
3.6868108245628695
2.203037954270109
2.7241267161112797
1.5819808876229065
0.947386639654112
0.6211270922609861
2.6056566124488048
2.8950906676597135
1.1690532640750921
1.9517017644784274
4.16563095975855
1.48264303328268
2.5067899414365105
2.166966745927661
2.2510462113517176
2.655809526137336
4.833448842429501
3.496719157473187
1.9130878850940607
3.2795698079939046
4.290198302269145
3.8122343490435626
1.7778137992183949
4.0242141747090745
5.28893262241859
9.047598807405045
5.562359287353794
11.468142104624192
9.351899150040037
10.05940398296783
12.355877623729361
17.188120307510633
18.869322599940773
23.455275174618837
27.870446965991288
32.04431829910373
36.018893565120955
41.79135181015315
49.91068335831674
58.596115963836496
63.68068744714483
73.74596120203026
87.53884911919089
102.59573634883283
119.00149276832947
135.47485815920948
149.65119080806954
163.3403920908001
170.4106437625519
162.80321096045233
152.42189403752346
130.08471279630348
108.64742046807372
89.8073942613568
71.25113886798253
58.30126201849089
51.695974312174016
41.88824683475714
33.92669865925928
27.26478082202156
22.75815410411276
22.115632071127184
17.015534938090532
12.251012931602098
11.410669097621497
12.865815468711483
8.507372784550835
11.448566929985764
8.180191483840611
8.909236813893877
3.3682493187664817
2.919235944833929
4.179529236208688
7.697330643594422
4.809431395907987
2.8744931451120332
3.821628462781726
0.629635369568411
0.007581058799656705
2.151076269551379
2.5519387550214354
3.7970847127400984
3.1353282734214685
2.6373416821601925
2.136017785402628
0.368609639603421
0.24746210744132596
0.1798316254328796
0.22009404392221216
0.31190604331728744
0.03831139236081976
0.8387638837653305
0.17666497709852155
0.5726840026625412
0.02003605482046961
0.5714987700379074
0.5078209988550413
0.6719400900835313
2.48397509262412
0.9289531952704748
0.2758197771168972
0.46056470648786596
0.6466239261148465
0.2914980512905283
1.416761908982565
2.079157892103937
0.4971227136714468
1.6931223165385891
2.141331761773217
9.855290576897201e-08
2.6150273389515593
1.316880189332489
1.2428275271597136
1.3635192887474668
2.865955678088602
3.26514174324842
3.058823049526834
2.337526033446699
2.2733098480688754
0.027580121720338854
0.823505757849255
2.627741644622002
0.589930918324371
0.2378705180123888
0.12996642844312667
1.3562383569730825
4.010916798729698
3.8777478343388823
3.1115594899448378
1.046420082565642
1.0750004154580701
1.6233280892148079
2.1317709976237675
2.0054853844872165
2.529608307576871
4.172765601087181
3.49070285288433
0.3549052610560528
1.989811243270609
1.6264261631747081
1.1753110441449106
4.7190873168571
1.656900841686941
1.071324115681836
0.24233976263863155
3.964020019757604
0.9390938471116044
0.029202824500678272
0.09683447816351129
2.7141944515909873
0.8937533605578802
1.8030041607289813
1.6423506101611014
0.9690423058983536
4.711222886661371
2.3032759242009138
0.42530964058199056
1.754305007652
3.8130397598013532
3.8030371321697167
1.32787899505157
2.2332141763207654
2.5514930636077477
1.3560419152311403
2.1233228892880356
2.7289448917071586
2.889302379338522
2.5379848510223626
1.308976033934521
2.414312729634761
1.5928165653555062
4.142370021603533
2.209724720487306
3.406263977887101
3.07414037220532
2.0318930664177315
4.497238259914944
2.843940763261217
2.2933987159983813
3.662065423551303
3.6813206745840765
2.619948062389291
3.073438279295266
1.4901599711662603
4.300112996022516
2.5497275956608716
4.457260549592348
4.959734111659664
6.258915977901186
5.271905308140855
3.7361921647863507
4.565893451872185
3.691969323753784
4.512397132477758
3.073909568845432
5.7441870793492305
4.818936208489427
5.295646137376801
4.23457994524478
4.121909885244883
7.464527890295069
4.470775576984759
4.143024433476286
6.146279702779136
6.909938768321459
4.2225189832976815
4.304923087068772
5.632287439689793
5.300108615617954
3.4931447538999696
4.586964714819763
5.959594738979568
5.889571400272284
4.556715928007595
5.3297009775656035
5.562520773053828
6.135953400942994
5.995361294894255
2.7592005452410344
3.854701199698194
5.968540671542972
3.6783677267682293
4.259176739243268
3.300713992285789
3.0194153139660678
5.07475778606601
3.2669890917828575
3.652546005059488
5.120519292761363
5.047149797057889
4.690181211436273
4.9008645030640094
3.8004587986447786
3.5782063700179143
4.306526954028485
3.965063264692598
2.994750951537049
6.835470753929856
4.302605700291488
2.7309096694456625
1.1788264593318096
1.9366264334035619
0.33007397216453016
3.1143986699484802
4.939155632816889
3.707211341097224
3.6266349707256356
0.9736268340890775
0.004324712703537511
2.1618374078327482
0.9596126495876247
4.107140217762282
0.28241694101769443
2.143755134448368
0.07461705355673796
0.48269048945967463
0.23571611436365986
0.24658304844631693
1.335096187348021
3.901327925528502
1.6827218678709697
0.7218786748477807
3.696599553488601
1.7649409972078864
2.4296876803120617
1.6678515887483274
1.607284731601026
2.2200882829121507
0.8933614239020857
0.1103684651043454
1.2901035741615194
3.078044832150291
1.1356546418519693
1.1477033593157517
0.14525564428744564
3.394995651840585
2.0459759992618705
1.767907864565135
3.4940969402713957
5.1008535646935576
1.4509773165771163
0.2849484108493807
1.3790798965336832
0.8412763738565294
2.2972783834235417
0.7083838621305101
0.9993299838924057
2.2248672596302304
2.002435992228598
1.7207981054001031
0.6743943113066809
1.3728678307436852
1.3372938714576852
1.7627727258791135
3.6008929059947112
2.219839067124247
1.937204655378825
3.800597250342557
0.32850075900901354
0.3429498060772425
2.4845826397487536
2.5864349760457492
0.7533039614255976
1.1501845438928628
2.025980591154379
2.414170520638762
1.554286154894036
0.8069168596093164
3.0494866139575496
0.2995109062591495
0.08709020521753756
1.0284506519324288
2.340009806724724
1.7437284373476352
2.6848454677247653
1.5645837158355076
1.7269797025492326
3.1613896391055922
1.1909297940398567
0.3914336951162033
1.0396278725575605
0.9857090879348688
0.41642741773585545
1.0763815468187878
3.2685360934898147
0.7223392452730047
0.4996566250708906
0.2109367787481412
0.20572001435919268
0.05646913075518444
4.373225667763787
2.7220718775230526
2.231482451188396
1.451294013170056
0.25057038234247564
2.753753514564728
1.3841913876992642
0.38768987730807797
0.1666016512858789
1.2523636292551246
0.7280926268350464
0.019919979527541244
0.7314080731743025
1.998372350013261
1.8336996821724825
1.1108826511582284
1.9100888883231102
2.553798223990127
3.887709325279927
1.4562537793763255
3.0116158274741256
3.3005094401966693
3.1328254302449516
5.298946780136204
7.698122937748385
6.860145720934586
5.337670495459318
8.064437914502378
8.88479189519385
10.839462801279561
10.69488133585452
10.411017759759284
6.191291775131244
14.025684656057692
14.509969566597961
12.220058339131532
16.734081687012647
17.762070942695154
16.764775569677408
16.367665283543825
16.32814635358389
14.691066977272392
17.24407327764407
14.770804008942251
15.490755139987277
15.35249814388954
13.533879373986384
12.844052816579008
9.985191516893789
9.665786408348612
9.302346094669835
6.338762507157666
6.123252373869597
7.018322541399783
7.193829882892444
7.2625393715808055
5.177986699056117
4.189600287854246
2.998364891968646
1.6157544479834782
2.7804441119139276
6.016301791951083
2.1550146298974977
0.2068338118182921
0.6277665978683485
0.3596800030040518
2.0418226373379564
3.0196388274791364
0.8779458707695319
1.9053531916548536
0.3348050155344748
2.8780045905979548
0.8349152678416859
0.1919574748273872
0.9139775049625868
2.319049540825713
2.357044907690576
3.135395234912188
2.1714717914336954
3.1374218660583666
5.511862654255035
7.066736344058749
8.010150681574778
5.57184442044031
6.368183137471219
9.566192159007274
7.6866989335677
13.188707802703593
18.251759429720696
17.197589511098666
19.62152079664396
19.160734997423802
20.468978099116566
26.639018277271678
25.30440110532007
27.664317303981928
28.140298639203476
30.241716246433636
30.52355598298733
34.0801115801077
31.97863098644147
30.356512633000058
33.05292662587259
27.620836010999344
25.409041849960158
27.22487006617816
22.600430401482143
23.916397267229296
17.47182688540414
21.764588710501634
16.64843782146435
17.991467523607017
14.07513619154555
13.657763164987815
14.497758772476962
15.085175614198231
14.10870782840832
8.776478544974006
8.40043115461775
7.936514865650024
6.727288743751903
9.259468626053872
6.257690065788102
5.313037375922002
5.208436758092676
2.9468881046543487
7.136152060866341
5.561054105012869
4.256491032561531
3.3972251893981547
5.4268767243268865
1.3342081520810267
3.824421202033539
3.032317309608961
0.0043026330446230944
3.094101395794519
0.5156892779459831
2.3259432513183653
1.7417015057413272
2.407128747437996
2.30264176624669
2.750673616483052
0.37767839445867324
1.695410640992574
1.461514990456523
0.15230017921254008
0.18164837707637205
2.7692940160995323
0.17879744396646743
1.1686527574392975
1.6406572382793125
0.013816179604074707
1.4861121644349176
1.794592821103168
1.3684416288443033
0.3884575379380408
0.09405301484837558
1.1401162752538663
0.6566392626816803
0.5222793959523442
0.4131277891286221
0.4513877423384562
3.555375801957659
3.6916151089969973
2.200807774746655
0.7530585997693419
1.429520955608977
4.045245473742008
1.0538520368933741
1.6270101235016852
2.7542056026215676
1.5545752312421233
2.3997858938619223
4.6456320965750475
1.3103346689547837
1.076596745981155
3.638571434396709
1.6209005904940657
1.7598698943200894
0.2580237385470962
1.1785956400982254
5.524600802078615
2.5704140427574313
3.3451339244327025
0.9700891252006757
0.998729123726118
3.500267628961573
2.751433127640475
1.1207494152072726
1.0170148201759066
3.28638843737284
1.6906023140690871
1.090681718383809
0.5760418303613045
2.69642556939051
0.6207366649893672
0.1294593743905203
1.8233216712424802
0.8101756078193346
1.261306943776326
1.1652535082242406
1.6445652122071617
2.3382450668831782
1.9743012971628782
1.9027451337090358
0.9385631754577448
0.37179073280389857
1.5484072264506603
1.1408386488665512
0.37046111923191316
1.0113673590945995
2.2203670892844083
2.1313323461049727
4.050603590598976
2.9013388640367026
3.9382383163456667
3.0104632786055063
2.5901377237722616
1.9913362157615857
2.477871513637495
3.8466445563983696
2.0713634555249176
1.211697568435132
2.689005550203145
3.5899218636855785
2.859219830579281
2.2995285255379154
0.583533140757877
1.466573839821735
1.732211181079148
2.2059622182280916
1.9980898325149439
0.8924485485840575
1.12158478357689
4.325589546605583
3.996033745851937
6.014205376327477
3.1081939525921527
4.212092807314803
3.8810899417096683
2.8387426206162996
4.9804869771822595
2.673747844796411
4.012992820870461
5.739517375853264
5.754174000045975
4.363879157171707
8.091478669727675
5.6127016755119685
5.907695113102348
4.843741496214812
4.189414859562275
7.422744557862982
6.025732548835248
3.817256931203391
5.716824136289715
5.520962887890702
5.030201781125806
4.913276534817659
5.23456825089382
5.005779832606448
5.455945609564741
3.780077830445371
1.4043908379843257
6.361180619007594
4.797117818376308
2.7033444018943027
2.6471125364064814
3.369228437331316
5.789997638214523
3.3745634529797397
4.916818887590758
3.985715683817121
5.443418449461175
4.576741481569074
4.461477711150428
3.5557547839157397
1.5470744681703559
3.0199133060035783
2.448252555875722
3.6025907682294376
1.8448274492895331
6.968061572846011
4.35099167715762
1.7194903324583874
4.384443168607656
4.712284346480665
2.110258530488954
1.1351417236490067
1.911070248459889
1.2931206535835613
1.1556706844351057
2.461351444626652
1.765552414226553
1.4141941965646336
1.19872713530248
2.117296275245581
0.9968823339522878
1.3206939794317587
1.5119626848277334
2.5598032631412733
0.10643588661079947
1.7170174691990876
3.123480996293105
1.5661057159137695
0.07495688300473904
1.0478207800594985e-07
5.10133622150379e-06
2.1868171590571156e-08
3.7708981163092043e-07
1.2198215546088658e-07
6.092855322071156e-07
4.590569227840288e-05
0.0016336250669446283
1.197317648152824e-06
2.1969905990518805e-05
1.0786905747442463e-05
1.5458210094741987e-06
0.0007037701863334159
1.7629868734847368e-05
2.1999772122505105e-07
1.0306549968151675e-08
2.3088692620146177e-07
4.154849620054286e-07
5.676203545957762e-07
1.6363060404100662e-09
1.701370916797789e-08
2.2956735229620335e-08
7.287522453843247e-08
1.9014714605507987e-07
3.21226291366441e-07
1.0776795117156925e-07
3.6012891620495704e-09
2.396422701163827e-08
1.0451257910390978e-09
9.924142621043965e-09
3.004317659338852e-06
6.797739261429995e-07
2.642948181508295e-07
8.778093570811017e-08
5.614268987905265e-06
1.5682193461128592e-07
3.31355822187764e-07
2.7761395242772295e-08
8.281792698548148e-07
5.301698638666096e-07
2.5413171168489027e-07
2.1198292581710245e-07
1.1210504520217515e-09
2.3215117129295616e-08
1.2860884798221883e-06
3.2468217981985805e-07
4.990930947336214e-07
4.1470950176512817e-07
1.6601223390521036e-07
1.922497837046e-07
1.1245989621918801e-07
3.0269329890243326e-07
2.434669666615767e-07
1.9663268397603812e-06
7.072413036822948e-08
2.7289559431428704e-07
8.012802029306117e-07
1.408426742075007e-07
1.9119331888949542e-06
2.844707903768938e-09
1.881481505591825e-08
6.215569511812033e-07
1.2105315190297395e-07
4.937265035772146e-07
1.160494134635689e-07
2.1947268408581274e-07
1.6640942346510813e-06
9.73233955663782e-08
2.306949581799216e-07
1.6884271961670526e-11
1.7917450779597094e-10
3.847237051972702e-09
5.633511402970085e-10
1.2250386000002497e-09
2.2003111207406057e-09
6.295832022894214e-09
2.4298524483173014e-11
1.2362936471025296e-09
1.9657986734361687e-09
5.505510405358135e-09
1.5068692759761585e-10
1.2564797890219016e-10
4.833973252443411e-10
1.2831737076304977e-09
9.05333181036395e-09
1.6136179136597937e-07
8.77490774594644e-10
3.28868677085895e-09
2.4749007436181414e-10
4.07260070809188e-10
5.908254578404672e-09
2.1074491018412453e-08
6.908125776075779e-10
2.3366117856811248e-09
1.294202469389642e-08
1.8340651190509914e-10
1.4164292611219775e-08
1.920237240404414e-09
6.882949951320861e-09
2.173317958191711e-09
3.824340763338799e-10
8.758258324701316e-09
7.424142617451809e-10
1.2749287711509435e-11
2.0969522529169755e-10
1.1269700336601576e-09
4.3686079637145496e-10
1.3672547279940823e-10
2.8265897225203935e-09
4.150757432353774e-09
1.5389801792992184e-10
2.8483604561410264e-10
4.9527068193855453e-11
1.0339691028718472e-09
1.9010521195515797e-09
5.274559999125082e-09
2.7509697877212147e-11
1.5995836731776007e-10
7.204072338326848e-10
1.8974756122213266e-11
3.812992341024134e-10
4.771051725896585e-11
4.242734459382319e-09
9.71714020805077e-09
2.0144303154157504e-08
6.386237065058036e-10
3.267393215786893e-09
1.4429367986688825e-09
2.713958483940333e-10
3.61536849416825e-10
1.0455495630865259e-09
2.4405007915533827e-09
1.0964451659011045e-10
1.5485093634823972e-09
2.290952886195182e-09
4.9897026797451346e-11
1.4758942721772349e-09
3.1370976755630076e-09
6.612710039648974e-10
6.081210689328692e-10
2.0955126990867185e-09
6.485437082159127e-10
4.90110086999692e-10
2.538438459749749e-10
2.80765836456239e-10
9.587921257230224e-09
6.471017817000159e-09
4.040704152765777e-09
3.6655705730118646e-11
1.3753038411510096e-08
7.797815067069354e-10
1.1804986362964427e-09
6.406747878131938e-11
5.627914288256536e-10
3.418381961992612e-10
1.255871038128697e-10
3.0744714948417136e-11
5.205934652487606e-11
1.35127439220981e-10
1.2365966152974616e-10
1.1232436924012934e-09
3.743686102528234e-11
6.19189828752567e-10
2.2096155461242176e-10
2.755496205295662e-10
3.100370096892245e-11
2.0392232695381508e-10
1.9316499133602108e-10
1.7522840727934995e-10
4.2772597023952076e-10
1.714505128244956e-10
1.2141324062042138e-09
2.2024206480790072e-10
6.426901974862862e-11
1.8031569893487722e-10
1.1141188862230949e-09
1.543798708080824e-10
1.085107780743956e-10
4.9303157436328254e-11
1.7806192738086286e-10
1.328944635117026e-10
1.7579144550630458e-10
2.1476405696876103e-11
3.592276795868337e-10
8.939086613056573e-11
7.106995800572845e-11
6.97227833765093e-10
1.7787215476529171e-09
2.2690149663516557e-10
9.269011263654007e-11
2.261074112848884e-11
1.3421327892337273e-10
1.1870916268499706e-09
7.768889438724087e-11
2.35102055090747e-10
4.4780884005319565e-11
5.043003166130597e-10
3.231964053382244e-10
3.424751548221219e-10
5.068934615056386e-10
4.076576560442619e-11
9.341899568519413e-10
9.519576630911343e-11
5.385028670742467e-11
6.945763286293349e-11
7.977343243998522e-11
1.968724524886869e-10
5.814395585681401e-10
2.2051240601698442e-10
4.1331611961322166e-11
1.1352107732515659e-10
4.7269652324270214e-11
2.8822736112501606e-10
6.189327786576631e-12
6.459137223871521e-10
1.1982208395750522e-10
1.6590768714409656e-10
3.8630533222422747e-10
2.576889386572071e-10
1.9081963116609435e-10
2.485083078135999e-10
2.4605916691477813e-10
4.2886456787930844e-11
6.886569057334484e-10
4.1918448412591956e-10
5.389587021019701e-10
1.0921368364171186e-09
1.2423023686246902e-10
1.2157790479659735e-10
2.3118753909989626e-10
1.7850560478435544e-10
2.0759901161326465e-11
1.1932652408921973e-10
8.890604419556988e-11
2.381510117943702e-10
1.5624987571487737e-10
3.7807718631820136e-10
3.6331309980472e-11
5.195125140666333e-11
1.269271094628909e-10
4.9366833096359084e-11
4.054780589535603e-10
9.838762227324544e-12
1.0064714452699262e-10
1.5805153025171293e-10
3.073032380929951e-11
9.273256820302377e-11
2.197373677225808e-10
2.1292929868189883e-10
2.8022743035107665e-10
1.3449531410059291e-10
1.1621325382363688e-10
1.2169775164137624e-09
2.213965270791525e-10
3.3229515199808407e-11
1.1561856914378673e-10
1.1539930814292704e-10
1.783409329615471e-10
6.936633028220691e-11
1.9219165498158442e-10
6.631126115377662e-11
1.5053820945252303e-10
1.466932468646597e-10
5.454555423680103e-10
3.6694783598405564e-11
6.857724941162526e-10
2.4773149189880028e-11
5.289297132189298e-10
6.130214251032501e-11
2.907478026776328e-10
1.704236293877679e-10
3.216943079262677e-10
2.0138090564090293e-10
1.3602825644780195e-10
9.868877743278335e-11
9.240216707047218e-11
8.309108434296886e-11
3.223376675707468e-10
3.8809614529411764e-10
5.276595813994705e-11
4.0494821826130566e-10
9.1886933028986e-11
1.3311948477870303e-10
1.808835256577221e-10
2.863407390714802e-10
2.89722048294916e-10
5.686626304725606e-10
1.4386205842287638e-10
8.770822666101579e-11
8.496382889777757e-10
3.905897880990596e-10
7.753881863618187e-11
1.446305508554018e-10
4.69679664189449e-10
3.3262610115281995e-11
7.897458074871933e-10
1.066132934326896e-10
4.726229294726819e-10
2.2016529731602318e-10
9.56127763607674e-10
6.037098974917222e-11
6.980268435670091e-11
1.0584210706735962e-10
1.1645984074070246e-10
2.7677316212141044e-10
9.989740987544012e-11
3.736145337184692e-11
3.3306679916908237e-10
4.062264028864847e-11
5.557428649177199e-10
5.352116138938377e-11
1.0300377061951848e-10
9.72467273939831e-11
5.12584295210551e-10
1.1519102765375063e-10
8.460424415311039e-11
3.2582070256364376e-11
2.4407643848540336e-10
2.31960582991397e-10
4.673908005015645e-11
1.5600442506059906e-10
9.125571391736892e-11
9.199720375291597e-10
5.747573561308571e-11
3.8406797640389704e-11
7.100631337865799e-10
