5.519955267697592e-11
5.276724801152959e-10
2.3161297213279304e-10
5.808312565893005e-11
1.1943273506416911e-11
1.5268621836147926e-10
7.860012542277821e-11
1.7586903634644525e-11
3.9897025713055397e-10
3.7238597288970716e-11
4.629357880845548e-10
1.6457210622899806e-11
6.81222128978308e-11
7.93118144880974e-11
1.75045877124106e-10
1.4786950261117376e-10
1.8094504346637422e-10
7.07604262541291e-11
2.498933194519232e-11
6.5754795952928e-11
4.172538518199498e-11
7.539676406921916e-11
8.399224186050007e-11
8.136615191975734e-11
2.475700382439805e-10
2.0196140513648878e-10
1.104452103233578e-10
9.335030100861613e-11
9.138673103322253e-11
3.5443911067186213e-10
5.59463169012444e-10
2.6396626984997797e-10
7.04540413299737e-11
2.909200338928097e-10
8.622627705612612e-11
1.8790355305944174e-10
4.089451732994075e-10
1.6298722699674079e-10
1.4905295537259185e-10
6.981208210788781e-11
3.027243150197319e-10
1.096483632410039e-10
1.0703539581800202e-10
3.071117364616572e-11
1.0556050174314403e-10
3.6763653329951043e-10
3.1460875780487386e-10
1.6347564552182325e-10
2.2798434058633782e-10
1.1102888514377145e-10
1.1886581922554263e-10
9.468312594396373e-11
1.589527951097469e-10
2.0710304150881589e-10
6.388638528880382e-10
3.820329340561838e-11
1.251390102935418e-10
1.6598451906661255e-10
1.6516401289482332e-10
4.2915193406138116e-11
3.8270692650832795e-11
2.717163187532497e-10
5.079761209257829e-11
1.8298413743060945e-10
7.913284133089568e-11
6.443609215524336e-11
4.090904999183518e-10
6.39326881081477e-10
1.9748635797922478e-10
7.089421431229267e-11
2.033156005550913e-10
2.993246374940714e-10
1.4291503408480356e-10
1.0552578415478283e-10
4.7870858912234906e-11
5.1689219864243635e-11
4.954268926855853e-10
3.054492359659164e-11
2.8102414397457313e-10
1.3068869552810526e-10
7.268329949065046e-11
2.836492266162954e-11
1.2174373431952339e-10
4.638347693558898e-10
5.2696778337399176e-11
6.564355216280985e-11
7.894118717760823e-11
1.5897801960395916e-11
5.1138171336949517e-11
1.521049849818468e-10
1.2871644450648952e-10
4.1223712599126996e-10
7.492726138508364e-10
4.279932639849819e-10
1.5469039606078117e-09
1.370187786343552e-11
1.6141316745915238e-11
1.4199124173893518e-11
1.5148139075506738e-13
7.822214192703135e-12
7.47288390598733e-10
2.804259119699039e-11
1.8081680695013223e-11
3.254911313108382e-12
3.27909022811643e-07
4.90416182097896e-08
3.0354724678876195e-07
5.3769651278751694e-06
1.5479233635326663e-10
1.6125639832241657e-10
2.832770635339204e-07
4.1961072737437525e-07
2.225369733577237e-09
2.0880117640277e-07
2.3675418670597372e-14
1.986326264493112e-13
8.901558986558277e-08
5.4024498489167985e-06
2.7086944420239327e-07
2.1298823793736145e-09
5.265922784674082e-08
5.957538253145285e-10
7.893764870939805e-10
4.413603519863833e-05
3.791219369073148e-06
1.9415184512124384e-09
1.8066009365800063e-08
0.8626401247809904
0.989811309037292
3.107032219658133
4.089865658834927
4.367482183355116
4.886227867366777
1.8375083327970532
2.583168020333349
3.764430193362975
6.170535350485313
6.677813920757677
4.746176488321725
4.360350864144921
6.014315838686033
4.499930715439141
4.336017952422029
3.511949938049978
2.0065460279569014
0.20517796395053953
0.19050008690238862
0.004354182176416214
0.017856450019873796
0.005370353998478952
0.2883974298251357
1.8270611500553182
0.7968676609455142
2.23814312953958
2.5670662207742683
0.6455678383521981
2.2612312422451253
3.6954638634262995
3.8327689661633078
3.241407607382119
2.9680996174085843
5.11417622815813
6.202449911483918
6.375456428071696
6.07099794640846
4.894845144981866
6.329895488007614
5.007907714587229
7.703762725936148
8.513605810949404
5.65313581023664
6.613134210965006
10.689064912619687
8.840861892978438
8.192523442324951
10.563455712846933
7.224704662004355
8.269891463174986
8.76201600501853
10.746143342566612
8.468519756198999
7.50613927951902
6.9932254313150235
6.739490426904326
4.191688490034156
3.679703728865658
4.605256868909488
4.083513111152605
1.182292491758654
0.6844159797140275
2.3444728328501103
2.02139415304592
1.847391018397306
2.456641409175782
2.374806950047331
1.316098005026285
2.9719435750669136
1.4019713086267636
2.082776725324546
1.6392597871250931
0.5259965852132658
0.15380296880483896
3.371895314865012
2.5179166487240394
1.4612576644345553e-06
1.3970141032042138
2.1866034119197373
1.6581509088954798
0.5089104010579582
0.13594036367143073
2.442590780843792
4.153418209869625
3.4561671250832493
3.0222435909687215
1.3464340307955651
0.3647248250612276
3.2994644652163805
1.0769414308776852
0.18323101974205097
0.4760984213709406
4.294492287300755
2.8797933293616405
4.77806307375651
3.5431329067237023
4.442881398032086
3.7841238044049126
5.487490510990633
6.993957813698015
4.182314049557005
4.232946073343449
6.150151955092826
6.545132957526791
7.128777387033472
9.323200283123752
7.314622987876383
6.904733104428927
6.747636798406639
8.486898846875608
8.51914403810598
7.336322802970214
10.412777931714409
11.390978880741184
10.2695748711381
7.841113423116739
11.799695286536734
14.257740445036072
9.297811311906141
11.03135527650517
12.878985039428205
9.110077313815777
10.16113364343227
9.468327175081052
9.202429835186404
7.686995660041041
10.36800014699335
4.851894414943965
2.5393084715913448
3.9327126822059264
3.176087581062094
2.1774193803298014
1.1365766024371529
2.482338522311831
1.9198550428464174
1.0410143011647053
3.7769010354390606
2.5526690779126375
2.4539854018622673
3.1498143889753076
2.3530622536113848
3.150624124117009
3.7329667509005424
2.4016673712045264
0.5938662803525485
1.053703711244548
0.8284820820454201
1.2599925487070147
0.595231067587906
3.140764982183282
2.8353389219134497
2.8821042585492953
3.6335100217629366
5.859505839180407
2.4248962203529363
2.128874690343153
4.433044256300018
4.076501978929074
5.885231470056777
6.316700063341176
8.677296852736156
9.264814515346625
6.415768455805151
7.162041491085376
6.525418622575558
11.09976230285666
9.692043708527066
10.350603471231334
7.855445202319444
8.754159533770009
9.464702403239679
6.57937978282406
7.608100953532622
9.770555849875587
11.763725340072462
9.819702457367118
7.497224490811776
10.90939516906366
7.924130621561038
7.876409777353113
8.993026912514274
6.668696796623062
7.897860288271333
10.378259280067576
10.130195315814387
11.341652648323274
11.87739545746693
14.443988058835782
14.893299811144079
14.598008134470494
15.592484962538531
16.513815675780656
18.05447438711739
18.164110030252008
19.681400757953007
19.731923887938233
21.535982424541103
21.55684513789648
20.291353703476137
21.36131167816741
13.053871620374412
10.48827276140506
6.760599210173862
9.993773773118695
7.989269131553973
5.996332281536189
0.8438660984838955
3.685199752662221
0.7955430435205528
1.0527132427905477
1.745637218654693
0.03816265277452048
0.9235950795612258
0.02892218688273654
0.2785867591942815
0.6061484115819337
1.9526918345116708
0.4674811369147855
0.8935832062871035
0.6999489446446925
1.6197104452210012
0.4388386765482769
1.8073117338900289
0.4245113769137794
0.9300769160209222
2.6060757165917523
0.17392562628421446
0.1205329998190928
1.1327999655374896
0.1825433513150646
0.8862557344759986
1.9542915972222448
0.6854431855318361
0.09804626882900677
0.1497038150305597
0.36010940569136146
1.4033779872339698
0.2149913701901496
1.340420605079339
2.465388581018133
2.7939607808484337
2.116243942818754
1.0416260890552105
2.5802010678144827
3.356713687693563
3.858411925528201
5.309312744499567
7.185772686805799
6.1897139888320005
6.918518117699057
7.906717399074685
12.043107840296402
9.319980729746028
11.23307798980882
13.344456862547768
14.996981773151607
17.811026259981723
22.37024828018724
24.498121763913232
27.61571610632838
29.24021379537684
31.572542850169103
36.81654376570974
46.95653682011912
49.607521483489705
55.446609921581285
60.910221035358184
70.1436008732593
74.46678099587328
82.38935925894621
91.42376452367091
91.71541060235167
93.42710010238319
89.80156214574619
81.81905297895541
72.23527838974063
62.296861529832164
53.05107834813043
42.58698914356747
35.9466315605094
32.08539602648687
27.402093197502882
21.422571291608698
16.52024755499946
17.9294224019173
20.055296410074494
16.243044735031646
16.16182170936327
13.48925450743659
14.357783952965566
14.331312476074286
15.06110923541357
13.106717396854073
14.08232540864966
13.95683441864514
15.457360332479936
14.988409470915522
13.95924406240096
13.76618095963411
11.048374611909182
9.00676686121904
10.552700491597239
9.634568496771392
7.846293046471065
8.297600331470742
9.7450854142022
10.790734984660899
12.46034373829332
11.315486315344037
8.747581042325006
10.917772807246454
9.57505371678091
8.716677071698271
7.73336062631944
9.339320051017388
11.192594958306689
12.643387367904683
12.501444429726115
10.9615580518668
9.2521299249401
10.63808471405819
8.140781443677335
8.22363497298831
5.091322928985009
6.959142736057737
7.158624040325241
4.052477460191822
5.070104442614765
4.177461240504133
3.536176299912752
2.0787702561241383
4.211050431228104
6.1637740611976755
4.952788205572755
2.5786039789723665
4.251263145791572
3.242352446144582
2.8609750165759973
2.964303129734649
1.7785879354147176
1.7181695892689461
3.2471434738068345
3.1584563483705597
3.846783625218241
5.70415608107684
2.3167256040528983
0.6793963239026062
0.3221314566786618
1.2091154171189553
0.08548744744819146
2.3216793845936095
0.12722351139671664
1.512478033806707
1.2723349273568014
1.199662894555765
0.0684193238169299
2.0904240923128357
1.9776286095766629
2.466064974807564
0.7355754824899584
1.0135909942376535
0.6495528829589543
2.7687032679894155
2.9088785337785357
1.1069348965531915
0.43901496503936493
0.7479073154779659
0.018679197344324872
1.7933480331615204
0.35490533590244144
1.0272037970440078
0.048547770426959444
0.3765448196563345
1.1997520333667038
1.998562513588703
2.7867348219337384
2.7594184862268563
1.7848576808328593
3.361584900890356
2.7761519187587043
3.016844492618325
2.6736283117849284
3.8794188043136915
2.694975904435729
2.0304758879471403
4.467929874906257
4.961128080610429
4.89978882743993
3.5236705334362095
6.274785179990808
4.6370669947968794
7.889166816800253
6.065486295113734
5.507257565637893
8.4601059816941
5.744905785239973
5.942840768605957
4.960445432390987
3.0702801740910637
5.1619824143957675
8.439769884423827
10.05296972343159
9.540481511266792
8.322552791525316
6.580079092715444
6.49056782764456
7.456551470387506
7.267656762781208
6.574760537584859
2.93556424897174
2.601657173673064
4.690293661929474
7.287518835204332
3.102133290233078
4.40970712347182
5.894716585413444
1.4166752465736148
2.546650699722733
2.322024787824193
0.8876004795838238
2.3498785046589137
3.297880269131063
4.098622502864709
1.7916869429710394
4.088420149650401
2.542142125009619
3.8259500907764363
7.460024466421768
6.860543348443294
4.479963074932782
5.653805619097132
6.049671990105502
4.428977834562247
2.788328963412997
4.012418953294632
6.309312053259568
3.8537954196440176
4.5315057446550036
4.92214722237031
5.402164519436587
4.970136748545645
3.7896890914276478
6.384253196582258
5.374428754994873
6.349090127589957
9.555557840801086
6.832299398921056
8.167576533748
9.528379848896382
5.233156668239226
3.9451029868577114
8.135233755316444
7.235653815215952
3.552427914673455
3.165087816293734
4.284936306783196
2.750842333621113
2.1420637559635183
5.536758116891286
4.938208177759422
3.434826970532402
4.7011683440312355
2.707451961763986
2.302145595949277
4.202994989663574
1.8460967286322612
0.754183089175963
0.6396361767254812
0.5265460364560199
1.7236387500918326
1.972910495090801
1.1053047366637967
2.4302418933362286
0.38013650025419066
0.6396356473096566
0.6018327818474308
1.0694855287312355
0.037877538458101975
1.0641569889015563
2.297976640583206
0.9839779915545291
0.4556340284465405
0.10527138523408607
0.0007156480490979288
0.06034705837375858
1.7227417879139209
0.6731263251419249
1.0987926573420026
0.441753070339158
0.21139320379661966
0.27255539534633433
0.6700562851793126
0.08118049483417099
1.162840451966443
0.16776656817301114
0.8128894683071105
2.1177247514052144
0.1360065196196205
0.8684322958369058
1.5300902450095542
0.9731624272238171
0.47159100546535726
0.7044270852095799
5.66155797808405e-07
0.5712933511395573
1.7790313826479043
0.6896411064651234
0.8659263685389045
1.1265278621235426
1.0723842091266578
2.305094945349334
2.630950552660344
1.730033097511212
1.4851196680086811
1.616849098335447
0.6324273517420459
1.9437022953129588
2.579292237828031
1.3890400614488159
3.08795678990706
3.8384027065226083
2.2996550576808827
2.789030797879174
1.8848708099515876
2.6147905610338826
2.7739830838612876
4.831064234424368
3.548310739928902
1.7291250604106947
3.683000851469896
4.260978039714083
4.364431152000325
1.856940046832969
4.4960575176622415
5.671971313225705
9.774053641152921
6.532685628957178
11.045278606567969
8.690958161010183
10.621894774858221
12.765544355400952
17.392417619358294
19.747430419603308
23.888107254553972
28.115762862539857
33.294031888575965
36.80251711765994
43.02435907100231
49.804577506222444
58.824173946113184
65.48269653910003
74.40961760608936
88.22893706616996
102.47505979769467
119.77735660256613
135.42084892240132
148.20810370592417
163.3344862906903
166.7161875172819
160.30716546881015
149.26854022017554
127.89119900139698
106.09873988456646
88.71403515360815
70.59593208735461
57.58619368868291
50.91175086414951
39.84865167966292
33.126330826468184
27.26283606701282
22.688449462375107
20.495198068831574
17.376388211429965
12.806890878527302
11.380009809067246
12.860019705007593
8.286546208258383
10.667123319639776
8.343747840741282
8.462545422782258
4.413051971230699
2.9301100640327356
4.194632066478497
7.564748275258071
4.681870749154196
2.6386264425428774
4.039176511709401
1.111992309743925
0.001778207181402672
1.6463685978381433
2.188691602654243
2.8156725891656835
3.944655055575143
2.644123851254853
2.412923411508384
0.32503584299001104
0.15652407069287402
0.15526708998234548
0.45433906586673467
0.10274416350817903
0.015555167752387166
0.7773168934292151
0.0480972863495151
0.8489245774918789
0.005157020010060964
0.11930743478318027
0.40891139305519386
0.650431393028888
2.3503359760442755
0.9728707649954282
0.3889686797814916
0.47259562377069636
0.6884398442273428
0.29594210505097607
1.2163883525526111
2.584753143765105
0.910964568377207
2.2014982135058
1.9560475233014158
1.0677798759800077e-07
2.3621377162027284
1.0037886350157967
0.9389307358415172
1.28140823446562
3.4175015916106872
3.259845224639046
2.9618617538686753
1.6023497993791354
1.8808656905054206
0.07925288556279524
1.3451736183589693
2.528255810083193
0.7874256398782798
0.16689075342700574
0.10549878498789257
1.2654864425506969
4.056381366977431
4.305209342877239
2.6932448482518763
0.6982486008379388
0.9564628816933086
1.8852210910965441
2.5391789747952735
1.4356484460031478
2.329063382395242
3.8904873289845647
3.5168789718426505
0.18717822676851525
1.8139122192881343
1.9842403523915249
0.9588559340746982
4.029676517497323
2.597674977288963
1.2691221425589063
0.2741651460957601
3.7365616955370466
0.9346792788447619
0.06264992799196148
0.014685298146778917
2.66913740107473
1.3103111446034081
1.835666595762853
1.7622447667288053
1.034802178166018
3.9771478738642725
2.2377204608071066
0.5768815181128736
1.8514844763529308
3.481714911416766
2.6151699127789607
1.6864692503587608
2.063310157851083
2.8668099054683625
1.811971026356844
2.3307527823867664
2.4202991305343446
2.686680311110655
2.86519729505033
1.6039051675915885
2.975030070657686
2.0311045793083573
3.5416959992719264
2.2368346115735367
3.3069935885239383
3.668784166102673
2.263705834850388
3.695777105094451
2.4275775145699585
1.6496202301444038
2.9556453100897944
3.53613135769901
3.086225758100023
3.52096408041093
1.2167114299764596
4.534643214300111
2.353877728275858
3.8710074786609314
4.588116835016651
5.800511004136857
5.199180299653212
3.1262227199948964
4.348679112674251
3.74181445681007
4.0309587929855875
2.925545904171626
4.995119637535199
4.4175413054771555
4.963330776546914
3.596208969810856
4.708337592511754
6.818917283221257
4.350546690806441
3.759444830666952
5.88126223839865
6.811225583947725
3.7018561741590825
4.352483535247606
6.036428981166407
5.06073582473357
3.7266271192474507
4.280907577209425
6.520411432967741
5.733766147604552
4.382950058919604
5.059928281530348
5.442332702264627
5.989285951688554
5.9083026829003
3.258874080351778
3.9842928778158293
5.731747011096459
4.1011724539065915
3.6573161022033314
3.2339583958347515
2.86333981169104
4.716962005104987
3.2013477961430366
3.423653162125899
3.971352979247839
4.7695680896237445
4.325888936071749
4.210684262319591
4.479121092860807
3.3828213186388605
4.449867458925642
3.0091708502565075
3.222791647704281
6.855773205048506
3.6601599075340685
2.395151122385465
1.182630618842429
1.3148728255394107
0.34562843933183535
2.199842423460496
4.018143849680531
3.3360466127697457
4.117955204257024
1.6531344373937873
0.003139658987814625
2.255209328920022
0.6802454255237262
4.061668644805022
0.18840303205838402
1.92424619822394
0.07198698421671582
0.30795169866460587
0.2904615453310381
0.27047017302303183
1.4130896069492864
3.1349234864150772
0.9560056419064372
0.8931567839426144
3.719072670847766
1.293833916148178
2.911899969479163
1.6528795573807036
1.153865966951464
2.0369052666185836
1.0884298792559988
0.13744386401924705
1.3168069592393652
2.966145964264152
1.0292795931158938
0.6627796220214138
0.1492255144721388
3.7371504173583396
1.7085490213218797
1.842590802672121
3.784354432718897
4.537855856121551
1.4166452465324697
0.45715680098333455
1.7315250871312988
0.870079958967529
2.357682784532651
0.6727762602230783
1.4347851588135079
2.8779247957991627
1.922295653213526
1.4851642772034173
0.6479530737072138
2.1646454678077274
1.0275383618387526
2.1200389180191848
3.4949871508176784
1.8938303453630865
2.489378624187785
3.477703321287365
0.2881948886297171
0.40356568507774626
2.435562533282046
2.290032327938236
1.2429994676893537
1.1209610845075602
2.236249859428506
1.9178145142239327
1.4256642495819476
0.926361320588168
2.9203655913419735
0.23539552072001566
0.09221879982605975
0.7835804811048774
2.652987341894214
2.716071166259236
2.2435097167315714
1.1866746096084915
1.8565081696521764
3.3837591925954666
0.9628130992812125
0.4230430583487427
0.7278077247980966
0.7190563353505119
0.32717370558193637
1.2437185569736386
2.6715202481892675
0.6175613627719801
0.4144384208771513
0.14685244319554186
0.3227878544717317
0.09744300841946994
3.6487738923685114
2.0613422613088166
2.6291576958597522
1.6422979254698795
0.37844431278385515
2.3293636447890664
1.1629992832459513
0.25058507611586045
0.1514462596181542
1.2812275810429852
0.6818400577538862
0.025319006815584032
0.48791672812022985
1.7290668059703422
1.309968546477568
0.7017045056768121
1.6366621598581277
2.285474990007726
2.9831021667394926
1.3409954074227957
3.2123695474047893
3.520098866100696
2.8233909062834437
5.73388585060098
6.9841364032983595
7.36002845670174
5.4288831304349845
7.2378259738778095
8.611228862237823
10.598778403017926
10.076179625284194
9.731828864275414
6.567270970904845
13.969811546639784
14.326664461414177
11.716639870852447
15.147069067814861
16.11918583896157
16.906055749017053
15.776736523800377
15.909768142229051
14.753608550080534
16.677582418143274
13.80824610342831
15.39534220094138
14.681405125322403
13.838652968317101
12.545319540517267
10.1393765553968
9.738430992845128
9.796512397739797
7.162910737481528
6.833999673908336
6.954762649218237
8.008213247586426
6.8936141945438285
4.152760118517784
3.720417406906913
3.141364557471513
2.123351644885407
3.1131638145741567
5.476145921558815
2.7314637295071655
0.4348383642464743
0.4175196005892004
0.423463385196689
1.611965782835748
2.1790930438756506
1.3467784390369675
0.9959593190014029
0.6808870129362379
3.214317615165668
1.4233347291021645
0.2222619956883225
1.108649714398611
2.660365903132972
2.4280651546059286
3.387830256925655
2.279661356165143
4.380298898240917
5.2880816626910505
8.060197417132056
7.4686220082144565
5.615653091472746
7.7105684079503165
10.455349965186748
7.4998595222964015
12.803723908616234
16.866954737959087
17.15171383701782
18.73196603410275
18.464065064266038
20.585850555806584
24.776790306026584
25.870064456292955
26.992653729314622
27.428831109071563
27.506229797985924
30.01642899142465
31.36371167226696
30.41749776715805
29.991635323380105
31.39967587997497
27.41564961671634
24.533561450345665
25.90165697299432
21.736514035405907
22.738352702631012
17.246010648719302
20.679452251645724
17.970599318546544
17.827583484827354
14.292736955137096
12.98174107903972
14.65258302190167
14.996378600577783
12.996781936459124
9.060394295393964
8.342392241311497
7.160778871520705
5.2181405369825145
8.920573388369817
6.17043289027869
6.270366394355296
5.466407044292895
5.0283837273641785
7.1922753031620354
5.920481386045876
3.766580625331166
3.6900901625221545
5.204418637590895
1.388088433706601
4.653681084568536
3.275086694713407
0.0017972762803336124
3.525740243976507
0.6134628842469364
2.6757853951378783
1.25515678512269
2.3063016607892712
2.7701589948260508
2.6587865620679567
0.4260119477710894
1.4370311447199369
2.3834979808022756
0.19245523506969978
0.3343060483177224
3.5552468599668767
0.5365593695972157
1.9399696597032139
2.622115561674146
0.009320641121923165
1.5265487753845155
1.7490658996026796
2.6808549742645127
0.1878806421542709
0.35115544188669606
1.2297508009476057
1.4468964296428075
0.6740833959904169
0.6995183139315871
0.6134074317030036
3.3871457005475403
3.3731642941604205
2.1089673564165863
1.1710059312302676
1.6804033316395226
3.8069036133983665
1.5327389916443195
1.2696940416815534
2.559835382863272
0.696164995723467
1.657050995457583
4.227473869668272
1.5629211791120383
0.6169064186542214
3.9429513948839934
1.96033241935696
1.7224171357069402
0.1517088099444845
0.7571509295355842
4.998408528581606
3.031696646944927
2.5839318864889274
1.4284615676495587
1.4773073457883032
2.9993123406081503
2.520679151492598
0.8934168965136275
1.0993791732482079
3.0612731827177693
1.6838914288531743
0.9756856800973821
0.5328845207714419
2.8162115494677793
0.5396169111818042
0.19172316006859275
1.5816276267194134
0.6675816143788843
0.6153969590619862
1.426710342288097
1.7393760165352017
2.0494803413827327
3.0677488652482445
2.000998351139559
1.5482884798621068
0.4160415925332386
1.0841722204236233
0.8000745070462387
0.5196528592411724
0.6131591457039424
1.1155350812859282
1.9760683400696462
3.854810153147265
1.6942991628802342
3.2620520720273234
3.0151822986828116
2.2251724887129236
1.4386901948345694
2.5172612749277805
3.564027015594693
2.317837952273369
1.1811434328759025
3.3437577467109327
3.0027280150905957
3.6595063615161316
2.4048211781138544
0.3304162274931253
1.727226477506231
1.7233703724602145
1.6944709351097893
1.7082182696186854
0.7573671659102534
1.4479787041227121
5.158455640399073
3.4867167261229137
5.564930701948041
2.9419930185052077
4.199253504576557
4.496597209414116
2.3622190868269906
4.623928616849962
3.2614448054990675
3.8106691252076867
6.018473633821479
4.654719482659364
4.320677815790911
6.700200365882079
5.173795410726452
5.983895767352267
4.813514014312068
4.584947668646249
6.88671899617876
5.491403978913829
4.276073349677841
5.019869961527611
6.176947998068519
5.036692724825221
5.327385218876053
3.5849671919120922
4.928664784392137
5.28846037560421
2.768878535297461
1.6769523532845674
4.825001516310661
4.245115871614881
2.8825626387387673
2.598757737247529
4.257693807707887
5.4187675175856445
3.576648580395905
3.5512265078176757
3.5190933607627874
5.4789578080472054
4.127429403506124
4.891773317130499
3.5724880312276723
2.2824201908424167
3.688882543199132
2.651885819433283
3.909198414204762
2.1120587551823844
7.738088012036579
4.233798828176664
0.646551085684128
3.7989484585562456
4.570667087471708
2.1362885331411934
1.5168371831593233
2.012400201898236
0.95272000552992
1.1008198249204586
2.454303952901757
2.1405206065837765
1.1778714057471142
0.8440210413059305
1.5871941454155387
0.8921343814176187
1.4131266605986452
1.6141715348499321
2.6779723081058804
0.05739870673729075
1.7267884340421311
3.716302455181647
2.0304487293934628
0.04957229967353473
8.151907766514989e-08
8.810939214263759e-07
1.1204910595592886e-08
2.485595780950645e-07
2.1308242417231753e-07
3.0687797002748595e-07
4.987176495617646e-05
0.00042376902999868675
6.197465814080201e-07
1.637897165945848e-05
5.197581646882553e-06
8.870158165428326e-07
0.0004077024083975871
3.2357417033954174e-06
3.4283926285971424e-07
2.371023784689335e-09
2.3351107463905995e-08
1.310900913062036e-07
1.2505313071980542e-07
6.660127600403455e-10
1.9842991419624207e-08
6.288431978916933e-09
2.8684941323144253e-08
1.209485475798681e-07
2.4125991735619286e-07
1.0349552712767736e-08
2.77213833557021e-09
5.17780475495915e-09
2.0938874201385005e-10
1.2245482595865282e-09
1.5825087580636646e-06
2.1631096108227432e-07
2.5357468059679135e-07
8.95433943583301e-09
4.1404703329766116e-07
3.159676733918763e-08
1.6595783471379958e-07
4.618991546373454e-09
6.251076915613233e-07
8.802916919174165e-08
2.8109110789218465e-07
1.3531852632910327e-07
5.30293245983176e-11
1.6292479272682437e-09
3.512085894662401e-07
1.4118039259697896e-07
1.1083512931596116e-07
3.5627129264131207e-07
9.280525970134863e-08
5.215866966816751e-08
2.788117151752162e-08
3.203577285835029e-07
1.1369279498746873e-07
1.237004045963595e-07
2.5045170115516446e-08
1.6012878997286355e-07
2.2437449780640644e-07
6.107624938304615e-08
1.9723763421265655e-07
4.1753081945528615e-10
5.658650621547814e-09
5.505856475009941e-07
6.183003931381852e-08
1.2551326732454177e-07
3.282767507224524e-08
1.5153940100141139e-07
3.268129948342998e-07
3.2214009083679675e-08
6.235964353723717e-08
4.034479528815584e-12
2.9293515397057444e-11
7.596704399595395e-09
3.285664925667958e-10
4.89718194573097e-10
2.1415610959599723e-09
4.70894438620109e-10
1.0166964037389836e-11
5.777292720940857e-10
1.0750186015606279e-09
6.699943252875813e-09
6.735282003584433e-11
3.529336097169519e-11
2.5387226984207054e-10
2.3036442016201993e-10
1.9961436492097498e-08
5.491869055430923e-08
2.8988533247571776e-10
3.2707193259002648e-09
8.185918865753401e-11
1.2336531107820674e-10
1.5897687707818737e-09
1.1217798652481791e-08
2.039358664889737e-10
4.693596346706697e-09
6.024265291043231e-09
1.0091370283820384e-10
3.587187380947098e-09
3.165657524773176e-09
7.975161747396947e-09
2.7765910110797813e-09
1.2199058017747034e-10
6.033577727875663e-09
2.0805732722844313e-10
8.500844855252104e-12
9.309387210742508e-11
7.576957743351771e-10
8.90973325700085e-11
2.979071144158763e-11
6.012035126655651e-09
2.3959191033622913e-09
5.985413487501189e-11
8.212794189511888e-11
2.1273231861356506e-11
6.139589388456305e-10
1.384340219455466e-09
3.6121113800011798e-09
1.5169757171350515e-11
7.382678799126667e-11
7.738431563176657e-10
4.337350696523408e-12
4.8574730029133854e-11
1.9221064552846527e-11
1.2268980395233853e-09
5.199616806095798e-09
4.804397885112124e-09
1.0491539705448114e-10
2.489152614405925e-09
1.892603481340487e-09
1.3434489068006552e-10
2.708701637121285e-10
7.551696975294877e-10
1.1951674676698165e-09
5.8204987101410146e-11
1.1758398398970587e-09
9.407641007073811e-10
1.8264475400074878e-11
2.2148608709251e-09
1.3735476923570643e-09
3.2446947879552853e-10
1.610538367119369e-10
1.05319655402713e-09
6.129843068413414e-10
7.218272732600415e-10
2.493847207905371e-10
2.2060516220044624e-10
5.300470401096915e-09
2.5097618001647826e-09
1.935787236446606e-09
1.6066898057554373e-11
3.3489142361420818e-09
3.090682605166708e-10
3.942210836094595e-10
2.8505805912686055e-11
1.4432755280210235e-09
1.2215939479388922e-10
2.2210166059257512e-10
1.785807897492716e-11
4.048921668282581e-11
1.4125191926224767e-10
2.295877366165903e-10
7.417839806869318e-10
3.19079247468521e-11
3.840994782983322e-10
2.1104821433023666e-10
1.9209178498850482e-10
8.045487490707914e-11
2.730922773560475e-10
1.8934983465753393e-10
7.308159853952465e-11
2.976278878353931e-10
1.5020554437986941e-10
1.1115588940683258e-09
3.041640812717618e-10
3.7748016128768754e-11
1.6881516895427057e-10
1.8190603441268103e-09
3.1359069372965835e-10
1.876205879941251e-10
7.615877947738861e-11
2.4043708228333635e-10
7.408703516842545e-11
2.556592999698871e-10
1.668473970523264e-11
7.986322779162052e-10
7.038618522578194e-11
1.0879619241842348e-10
2.0413629410169195e-10
7.966451948312837e-10
1.6944657362430348e-10
1.8761653998209768e-10
1.9074078043915155e-11
3.9760637409036237e-10
1.0242308277119052e-09
3.102661236452173e-11
3.0074373072511274e-10
5.672925540448729e-11
6.684031325902883e-10
2.339607032341773e-10
4.948392884376121e-10
5.735090527365447e-10
2.37583092857324e-11
7.658027419881719e-10
4.56083249960805e-11
5.77616836646824e-11
1.157175959324116e-10
3.4215329200205455e-11
2.0221993209502655e-10
4.937366137745739e-10
2.1704468366583314e-10
5.29411666615753e-11
1.7773464411642348e-10
3.1250158469442746e-11
2.266077385345094e-10
8.895913284093618e-12
3.7125499330568994e-10
7.968678388236572e-11
3.8419006608234487e-10
2.2573344394592746e-10
4.93361538748013e-10
1.8975537855734606e-10
1.7501351142558666e-10
1.8437356678759426e-10
8.429978303807663e-11
4.272505873346047e-10
1.0981590861628514e-09
8.459393730689687e-10
6.270022743244811e-10
9.804916566728553e-11
1.0138937838888276e-10
2.8749197486523885e-10
2.6912700813622864e-10
7.971923196767708e-11
7.471682426973333e-11
9.838727879208719e-11
1.5695468939469248e-10
1.654605605319376e-10
3.2082931516618836e-10
1.0609200312288513e-10
5.3391378239240256e-11
2.145641897022199e-10
3.061029099808636e-11
1.623406519426513e-10
1.3927493533913282e-11
1.4129336714561255e-10
1.589166874290926e-10
2.0768689579123922e-11
1.7365405828399328e-10
1.5453257358208019e-10
1.5101384217702866e-10
3.322768998508815e-10
1.1576550096568833e-10
1.0318642506495308e-10
1.186323300644283e-09
2.6678368801404045e-10
3.311243891702791e-11
8.290723773298828e-11
8.395346873510872e-11
1.762952739307367e-10
5.247472285709315e-11
1.6451243747716305e-10
2.879133347598742e-11
1.3344484361976806e-10
1.1833605418743694e-10
5.28335449634158e-10
3.6877880666047946e-11
6.112907875737156e-10
3.078036660174117e-11
2.8135111225524616e-10
4.1137510833225025e-11
1.9541992798025142e-10
1.0928530200571513e-10
3.828588178405497e-10
1.4100426078789474e-10
1.196927571765824e-10
7.533969819309754e-11
1.0132942759952376e-10
6.301892441571854e-11
2.0896154899609504e-10
2.707705435490368e-10
3.845261561064702e-11
3.907966378073031e-10
1.106804862995657e-10
1.197198783425393e-10
1.5342219571915362e-10
2.9575604965668655e-10
3.1922298963218e-10
5.741030444470368e-10
9.187820859027722e-11
8.417437775815305e-11
1.0550453144102148e-09
3.965463056176387e-10
9.949901722818854e-11
8.669798925025237e-11
5.579442328658781e-10
2.602579553558975e-11
7.954348090214421e-10
6.96985162960857e-11
3.2797264435710463e-10
1.3422615905339239e-10
9.402574839372244e-10
3.9736140794013466e-11
5.4024206011528664e-11
8.376633622361258e-11
1.0001398017986025e-10
2.394722490039981e-10
7.972307142759129e-11
2.946587862739272e-11
3.051730990366944e-10
5.1303511929072543e-11
6.530040344790771e-10
3.827538652113237e-11
1.1185630922202414e-10
9.706867460178159e-11
3.640833166675658e-10
1.3279209839538266e-10
6.312790633370467e-11
2.8330177257360345e-11
2.128285545268629e-10
2.1155945396188894e-10
3.6948779949805717e-11
1.1313695976292525e-10
7.090662786977738e-11
6.419800947483752e-10
4.1649722341516994e-11
3.018491133411152e-11
4.438352869496763e-10
