3.1587845631846515e-39
4.1868982461176386e-38
5.727327303411564e-39
4.421329806389877e-40
2.8024299998886156e-40
8.642746152579263e-39
4.2188313099319016e-39
5.321192994573961e-40
2.3215791886333934e-38
1.295422625354022e-38
2.4250735841818537e-39
1.6642787530923073e-39
1.0753104288842218e-38
4.7661168513392225e-39
9.685946022413738e-39
3.281385422318614e-39
4.373585407218871e-39
4.612993954916357e-40
1.0380351118001121e-39
9.702834121865932e-40
1.536579718808238e-39
1.4184125222932136e-38
4.040541229533039e-39
7.92958032451511e-39
3.477252075221503e-39
1.710893813479159e-38
9.556053643496715e-39
7.779172151916347e-40
1.7300754680385533e-39
4.668359784121256e-38
3.9410483962692995e-39
1.6474718624913563e-38
7.372067979382608e-39
6.424813164249538e-40
8.569950893453992e-40
2.9583966029425034e-39
6.412490782221833e-38
1.7874600522418694e-38
1.009308784208991e-38
1.2403316570177712e-39
3.177100924810142e-38
5.764159702893725e-39
1.0084766142877799e-40
2.6222301266473684e-39
6.594889419552351e-40
2.6577876982472017e-38
3.216096321300934e-38
3.400631882471469e-39
1.201133923406934e-38
1.8599070265277234e-39
6.690805391957286e-39
1.420827835663633e-38
2.647399757495689e-39
5.1295658797680815e-40
1.1727847497617886e-38
1.803627361389607e-39
2.9319588680859717e-39
7.810153171179316e-40
2.1434314444262585e-38
4.172560925662951e-39
4.302643427428057e-39
3.4817163284324884e-39
1.9727333373495196e-39
4.4627094255144185e-39
1.1252954433581136e-39
4.722805315793376e-39
1.470210795901046e-38
5.251370464949658e-38
2.7898043049946655e-39
1.3458960275703281e-39
5.24642686961501e-39
1.861920033295845e-38
7.007983160632445e-39
2.005207819046549e-40
5.4293856764468335e-39
8.638268213006846e-39
1.3992227601229544e-38
1.1424978643257365e-39
1.568534689387448e-39
2.8532119119243108e-39
1.1462915803656199e-38
9.646804296587157e-40
8.982683713054293e-40
1.606912666580393e-39
1.7127698046816187e-39
1.2906148379952197e-39
1.0669746492044638e-39
8.134299883889618e-40
1.708209635818871e-38
1.2889820780942842e-39
1.6762571481363307e-39
1.5681748727803324e-39
3.453052923899893e-39
7.65423106270844e-39
5.789908087598925e-27
1.1528417685281718e-40
2.60527319338967e-40
1.0463968671626828e-27
1.984178874370466e-34
2.189524072880385e-18
1.9396142730740005e-14
2.887122719410562e-21
1.8436261996609453e-28
3.5095893399895324e-22
6.247336872218424e-13
1.896600755149841e-10
1.4536875635751127e-12
8.681773424280542e-14
7.753286003178562e-13
1.479239586921191e-20
3.739965782118139e-18
5.385735758974732e-12
7.864020031603407e-17
7.051186263203394e-06
1.9821304357663042e-47
6.844508191116747e-43
1.2149487873659208e-07
7.646736088454543e-08
9.296390488364595e-08
1.8816395415735852e-06
6.644186841243429e-06
6.479663269634266e-07
4.86077780524418e-10
2.2384272298321888e-08
9.02235523696948e-06
2.0363455806256767e-07
5.0523189555497584e-05
6.463105233828561e-05
5.194148749560391e-16
0.30207503844454336
0.0007955601778973979
7.524423887498138
10.366079312149227
8.651305732468447
12.151790337426512
14.13240644462367
15.936281745121367
17.808302102380804
14.522980087441981
17.67722239574938
14.932649444580182
9.645545868538242
9.483437805275981
8.050425040202027
7.539323733796943
5.158244892711188
2.4456831214152577
1.0094730586980607
4.710711180280484
6.990518550117569
5.286505339706977
4.440682893617897
4.655461329692706
4.335774413081056
4.7812915841825765
6.602968739378934
4.424924687804565
7.16409541237733
2.009091643800419
5.914880915212406
6.559081553632674
6.240782623134
4.122127003421753
6.155775840270973
4.686545390335283
5.411976081623061
4.325037447970345
7.106834438175435
1.817220763564115
9.839230817479725
5.748618048901671
8.002191128969272
11.636647695639104
13.774799540939066
5.329366727069031
10.361172248948085
11.484777133367404
7.935125643459031
12.8998360001309
10.264972639604366
8.010153552323152
12.953011256231754
9.054853211937665
4.689000049666746
7.796420997255078
5.110230818235511
3.6315173383467334
4.485023138529018
5.534890306508588
5.062944328387495
2.461519915880114
0.510033935218638
2.6440778464343113
1.0617597199519782
0.16337781719957276
0.046653658043708426
0.21429680602677303
0.3314796327911496
0.15593739311654234
0.09981512360243042
0.02429247782416492
0.37687364073382257
0.521304428735661
1.2375354859342893
0.18237291699330277
1.05055522238113
0.010592477945997079
0.040980193644737546
0.017175665180376252
0.06831021428348227
0.0056353109118358275
0.0023079735889411945
0.004035380151487653
0.5255528586685811
0.026645853268905624
0.005045955556529946
0.7754131235029065
3.0528282292040796
1.5973485340864677
0.3907305084540098
4.531108633340007
1.1913898508528533
4.755135966780997
7.277466110116163
4.458475214916101
6.002335527375099
5.30434479241613
11.398903255057695
2.925386469872523
9.241116466657662
8.77695060110882
9.101572327577252
8.795207209676173
11.001126342160848
13.065486552518225
13.9167572431136
8.330843623517454
9.742196001866695
16.044674144014163
12.99024363983198
18.17737653421059
17.006823018558855
14.897367527847475
19.410496225062875
16.25063125748448
21.169914609169805
20.369364678152287
20.536308275942414
21.543017144371994
24.49690195854049
19.409516972181038
21.305729466796418
19.036895055923072
15.92462585644064
15.139854650944901
6.8131821112915985
6.520318088033074
5.7202254514876
5.109223625897152
3.7003917120744223
0.4898705665969014
0.5230336024872418
0.22474411279418582
0.03153012362516983
4.043923035850405
0.28703790801123846
0.00871724556752172
4.015649488130619
0.011030168409484922
0.03816095752412153
0.24864503317865
1.9630176972626117
0.6014721723827727
0.701785445820172
1.8629833038358072
0.4138683155196739
2.142724460860633
3.9386915187986125
3.747101202288109
3.346481463049937
9.04074476038039
9.632390320520285
2.5391843918304704
6.208052971933335
5.7194118164277885
7.179184361675457
5.904207749998377
10.31089760105386
11.041276886444631
13.55147356447059
12.239347143552756
8.024044477407227
9.83303105842316
19.778824297033996
13.77593757347697
20.499641085635922
16.923718833362738
19.79812862321323
21.69935055252419
15.674438646493813
19.355059564173303
16.17694447560317
21.895150390856635
23.423408049544058
23.471985049205905
28.18172361695877
30.82838428463405
29.924088976808815
37.05656674389857
37.68701000964793
42.969681152619245
50.57595953539543
48.29025132955388
53.767839658422155
61.06028287668177
64.5451826309685
74.84533425189728
81.01629193120455
83.41182956522664
98.17804080270506
107.61563656553746
116.72876321559666
124.44306923052848
125.99729307661497
134.904035595829
129.53399434400467
121.34476034385479
111.51448413171589
93.25050161112156
72.55397400441342
55.67389753757452
41.52649665746889
34.28312766746286
22.993069167351237
16.379653311005196
15.153160926577968
10.482997502065247
10.329031487204348
6.222492319954548
2.2147328493212743
0.9516878769056148
4.158563400120183
0.81216057586879
2.575724343180155
0.04506864590486741
0.7343829865330618
3.13594308665332
0.032799368695871106
0.4102767906036101
0.002864108258514149
0.010706506669659442
0.00198948089988757
0.01571703522038216
2.3137134224877447
1.0290281638446523
0.2880898973660034
1.9200868173735828
0.04329778424458271
0.050558064305614714
0.0021974858031531034
0.016611045016289672
0.10360314261380436
0.03966181879281497
0.0007645113734650516
0.9828242536485358
0.8101588340324263
4.232991862108915
1.3386352071340335
2.574146895681677
3.649705644618763
4.814717191988537
3.1567788708432873
4.367731663717248
7.219671095670295
8.009952177966964
10.864900223874402
9.273608745499432
13.087171037297866
13.559945997333903
13.261867070760458
24.92824646643337
23.098874377428213
32.87779358400166
28.89491733152324
34.64852243528207
46.34393325160448
50.95830026899579
51.695586131895446
65.0950765149833
63.678809623283584
71.29855127398362
86.45769994147851
95.99505623602704
108.01527973153735
112.89071799971775
133.02199867184274
141.85125788434718
151.65170111343016
168.32546783376606
179.52185974999995
176.3705300624542
175.53117725470432
159.7436177281314
131.6032566174099
119.97169728437679
101.87002946331867
77.24240745811701
64.39997276742052
53.11364460011538
42.79908681909285
39.98666070399732
33.08047630791929
24.453101372794894
19.768942245138458
19.659679358944686
23.636853679287434
17.993577673293956
16.754476155257247
14.48957486926844
13.354838454915539
9.942503047441813
13.605243974883908
9.13158355005189
16.828355358821913
8.753073731781345
6.983612818159726
10.595185923146127
5.181986649784578
9.000861306234384
5.455769284173018
12.632819340785218
6.095396368935061
8.393204413514121
6.20322757841147
8.172934279616326
14.286957287489862
10.997688054545657
14.690028399777136
16.80071370233247
18.01453996104738
17.84527631140217
15.221985245132863
19.45699722068172
19.09372213999782
20.970568637374583
22.974906482525306
17.698816064868243
18.637826471257092
18.904465841299796
9.046395443360561
16.08139644269618
7.5562526324329
12.358442109598725
9.921800456909311
6.909973808883147
12.18584488759723
5.51553957074089
10.80117031180371
8.300175187453998
4.863282390043107
5.764915682657398
5.111047247026047
6.84815681610818
4.09051080614593
0.787335698083419
1.0755763073087925
5.035542897307471
0.47515545962927497
1.3556994799833537
7.844511409017528e-05
0.11032452785572529
0.2927942472350278
0.09359312578499801
0.24170707165797167
0.9978181546817081
0.038949566056537606
0.10870332968291938
0.21950061541537078
4.057470764240101
0.006532125914776569
0.07109799836212481
0.13797018696742314
0.03469652291925931
0.34712066724925955
0.014959016095693398
0.07233905928412737
7.355294331518548
2.251848883715464
0.814561182309225
2.0305878448961985
4.60135613745087
0.3332130837412341
1.3835827544280683
2.336827329693386
1.916633747156796
0.2593116266162702
4.249071508010143
2.009923731775175
5.995576529260502
3.5478008459013863
1.7828877509659709
1.3513821150778627
2.0410074649409182
3.599855332182207
6.944166638512248
4.695033073201306
4.268652212872685
4.439404212321027
1.8718190669712569
7.076619040658931
10.421309145302505
9.416713799402416
3.343508212022659
7.677268969849169
5.3835885953571125
14.162823531663934
14.196326329494186
14.580852327169517
7.794942702179148
13.797789585912307
10.954076430588108
19.116352505055424
16.83079009388746
15.68835111124872
15.643932896147675
15.710121172454379
20.32143268065164
13.73858910480877
18.392191466973188
18.148605052176663
19.156992260527726
17.159038874860844
17.04526992364367
12.53545328499816
18.73844831343701
17.07232921609148
14.0435627079316
14.402794495020933
14.817546334768883
13.679393642117118
11.188104349964215
10.909967454783517
10.28987138649419
11.089515943530447
7.31683410380141
9.947200910854193
8.777456406772442
7.6431364357816145
1.5846940337778543
0.6817373595905281
3.9727186997332136
2.8383693531335137
2.922623692787677
0.2784508029978813
0.9485557265490538
1.8001755445173473
1.7865374166708603
1.9997862937628916
1.6464881947432704
1.7533034549013453
1.771608478345551
1.1313311074429788
0.06357448958717318
0.43303128097615673
0.40265033959823776
0.538216397469061
2.0555131391066412
2.316610876811135
7.189052014290807
2.314663793199507
1.8206344818208025
5.970694316308129
4.640239667739165
3.7235485875091627
2.392883876843201
8.223080520060037
7.691219702473333
2.740830340762188
2.7600589870579015
4.6836057915563405
0.41625484428740844
6.161330081638208
1.9043645546192134
0.7940873528342905
2.6352926287786342
4.391535194014057
3.040295668301135
0.975062320177023
2.9016869296537844
2.6816667770539513
0.10892195803353048
0.023293823488043718
0.2358703179226411
0.02407874274272256
0.032072486957955844
0.06986364218990794
0.10563792572216868
0.15712040547329686
0.06818094525251485
0.03257971972018975
0.01640585713502296
0.007199486341850878
0.043147520548755175
2.995764906545497
0.08481922817830512
0.0003244308865640216
0.037125520651708085
0.005538579484569321
0.0281475879304195
0.06478353913916905
0.1838641645156952
0.6597497045996785
4.456795840837838
5.8409446840375345
5.396422372086515
5.658273139135861
3.534006525938486
7.242288039158492
4.618987449827885
7.928321198599266
6.3873254982207746
4.413684817555243
0.8890783170760278
0.27070482135308654
3.564298858495085
1.2395254392395751
0.5955842238377069
0.04358752050749498
0.045954408808577075
0.39057038036570446
1.6889099494323993e-06
0.00047053536206768275
1.0309984692895566
0.06615004155977915
0.09491537870852161
0.06902585804088013
0.8636361260489039
2.917449850292263
0.3081697153799559
5.152370816264341
4.952071012325952
1.5171621473359154
3.53500564170777
8.047366708192332
5.934236901348333
5.8243824998278075
7.370704854100514
5.605359443450501
6.028883189864641
6.147479157226141
4.479372733532864
4.807765418254879
9.597796772564793
7.958526546383424
13.437258424437479
13.032006294080858
13.185892639433625
16.98845234417852
16.20613650485016
17.214214564468634
17.63209894904952
20.852873695133216
26.89341151922506
27.32726081824118
32.849119102055525
33.83095897990025
35.50088632833598
50.835677476680814
58.9272195036159
68.72793868300535
80.27234260190714
105.5116874973164
120.06258363478474
138.9079546414489
174.3854133849709
194.29214529553724
217.388993981395
252.82709286247368
290.5502802408141
325.532917652436
382.35507197873346
424.76007208864814
479.1324060392669
527.5955043220196
570.7627403604954
614.6824326563885
619.6595038526859
605.2665173334165
564.626400856276
491.91035557914734
415.00337072761937
340.32116544577525
281.43890579532604
224.65761173605725
186.8030738955882
150.59115501677383
123.85673286281269
104.20061883086949
90.60601346724108
75.85340044826167
67.01700114268628
55.27599863538456
48.038666359187765
43.84789283878986
37.684888067489446
38.048541848940374
28.3230542377168
28.252986065323068
23.635079245550195
25.125735878904567
20.217809662417178
18.98310633080486
14.384991834036832
14.168446258925464
14.751491753544832
9.860802847165981
13.004092741986268
8.346981321599197
2.750512098047272
8.386806440957853
6.909289402844845
4.57314800460163
7.913204132026772
4.900452840192716
3.5933229280973467
4.657584850103122
1.2995483346263603
1.7240337206554859
2.768698062534728
0.26367447216259365
0.3665026931333616
0.44657039872850723
0.004688754489299324
0.20527702402527523
0.14408383949844544
0.4061895867463217
0.015531563357801871
0.0027696042018525934
3.0362773490479045
0.20845100130121302
0.00017003435953627386
0.2190662826825522
0.22454298048932592
5.552523661847727e-06
0.6049888525541526
0.10183067231370894
1.3123180064241862
5.473714977956478e-05
0.013025782233681041
2.577811336274974
0.04889978307312437
0.04013831968907504
0.026306186247436875
0.03192702890945234
3.3475461661846118
0.09789897381724715
0.11675590226041348
2.872174476846396
0.6810965490069558
0.038101159099512824
0.06230215848675669
5.157263482372875
0.03865991916123078
0.021672805642187723
0.8081200708978923
1.025231847721602
0.44511261418423087
0.044419696960020454
0.04516086777031297
0.2880605158742
1.5722594460854722
0.9712399589717936
0.043601141846789856
0.0007300038183567851
0.9363378491474437
7.404992599599543
0.29834802667177646
0.10218689528223622
0.8692665552768495
3.339451911326531
0.0022823846017395602
1.1972961231393384
2.3449797760816624
0.21314419309846377
0.37330412333795154
0.19657552454179084
0.031800370572074604
0.09394555024572032
0.31055681021775416
0.7114898288169732
0.2283673696127336
0.038254258951480796
0.11664290473434794
0.2144444802932509
2.059165252110039
0.283762264064105
8.067813018575783e-05
0.6168139977355355
0.023998974973307417
0.037525397564014226
9.734810524716746e-05
0.0037126792556475734
0.051132380942190435
0.07035441213131095
0.03148944787276746
0.4054462265547353
0.014817365412446649
0.23374742448852004
0.23806512782300204
0.00157811408206739
0.0025692466526187423
0.07005877636261078
0.06334623227162786
0.013076403768667222
0.08757996773208591
0.08690017212430745
0.0818675053541387
2.5803139662899215e-08
0.007632666375049354
0.03750783696075959
1.0345934587426526
0.05869271573438256
0.014165589043101928
2.8584152512579744
0.0856903403475059
0.10611282802838976
0.010189662312120077
0.9112001501896062
0.036851456282913995
0.0023361927700194392
0.13373362832357313
0.62362646457329
0.33244496917341065
0.4301550647620137
0.08682469118387366
3.7773770166787037
0.44721806894962424
2.8436463497546205
0.011576125104559116
1.6327528371985385
1.2362645831832448
2.1590414746441837
1.0233015232388645
1.6995121769594512
0.9289807050248104
0.9484035449095106
3.707544583959125
1.0613819764292332
2.4578182191275344
5.201366891559696
0.24244577056270802
0.09100821857083859
3.983061484901701
1.8779661643238896
0.7232391693692111
1.1928003113670178
4.679332776450093
0.4010573348528447
0.9599985938219217
1.2157684928004016
3.9436271860856102
1.4193587341723446
0.410277455245723
1.2206849117432537
1.9832361271591847
1.0328449891435274
2.9089140145415833
0.13801643705787256
1.0449800650437562
3.451597355248189
1.6961642032938866
1.2951556296836009
0.7829181415429102
0.9455213782067463
2.34845237785606
3.818325875132466
3.3722711798707627
3.2599131056379544
3.6353628581309456
0.9723550297959349
3.46690312082291
2.7571552427767156
3.6458272259874938
4.706331432640335
2.557758400107215
2.0844620294302807
8.141023753449344
5.0865012250456365
4.551925942023303
4.678347393320007
2.059419722854844
6.508556649181266
1.4525130072695693
1.2400825933147877
2.3341376377585616
3.907986496322005
7.331237167017296
5.581505376108314
4.6034640972024645
3.541050308598058
3.2723868667344984
8.430669818027948
3.7588379096303117
5.148612391264659
8.726297883270828
7.638400179170004
6.208481090300023
8.748428436684783
6.4833469008187015
9.570048532913189
6.073675515036171
7.8319519884716735
10.6842513288701
10.779799394680467
10.089453028231432
6.84042337599762
9.62106069728394
9.498827236143606
8.818578453320528
11.034858984780211
12.77728103707617
11.148444053680178
16.06552733845912
10.137831428265253
11.385100015467463
14.951585992483405
13.926274404469128
13.908572810216295
6.4804102812086475
13.207538150148272
10.760771942233943
10.757307590651237
10.562263811367913
8.699018456552473
9.593784799016262
5.228721312214544
6.688069572087108
6.948780716762339
5.425972185845068
5.52764796820599
5.936993830350703
7.7619228866598435
6.097689252375059
3.8364757178962563
7.570000587115194
0.4080597803981875
2.832512628841885
4.269726653315621
5.486490614255293
1.3768298279780333
1.2280577291700026
3.9261053553099976
6.255436673409396
3.7379457425290163
2.7310241101706496
4.024565136075041
1.9896045945280025
0.6008789236556946
0.8277387995473682
2.9710211860343674
0.8333696110277816
0.2516528588430243
0.06790967318569417
1.7705436922170206
0.21815912632430687
0.4712869301624968
0.3873054320406439
0.0986198581792581
1.9492314426036255
0.13100311281466784
0.030722827016114902
0.19882322725180168
2.025235953827281
4.10388780488954
1.1960314561045775
2.74175912496516
0.28928479745489577
0.34518958987784953
2.087484269393288
1.3189490393694174
0.22041423446185543
1.1450898804327383
1.2278787555921808
4.3958832390297005
3.7414333754091937
1.7154718061005845
0.4168243177532847
3.540003564124429
0.36579683023025106
0.19805473122149778
0.30180750361547704
0.569850184587469
1.6486672891530056
6.572476343466844
6.866589796223072
7.586684174380531
9.001416830731376
11.169157563116542
10.79301030047542
20.063893314789567
25.16524348125071
21.30144276010545
26.854447058518215
29.139668321998922
31.10102269377888
31.314278551657313
34.08438447393957
32.63176576918605
37.67173264055064
40.3863289552086
38.83768131991496
32.17486310058656
34.172013056239194
28.114203057642708
34.60493036727288
30.017962526482115
26.574993520904805
30.694330925432034
21.506956660397908
14.565945144871126
17.548057762755366
12.763020427681905
11.714304628089923
16.044443858737008
13.729019809452355
9.8744517824308
8.398067073931651
7.75911619290522
6.771175305561369
8.847936317575773
2.7190643021224505
5.272984775897674
3.969761185232955
6.3280519157130986
7.518990154052979
9.764194755670992
11.711963317345568
11.798305310280004
11.889712576336025
16.617020728002753
22.62328343229235
23.449836242157904
26.143919600917172
26.86189620515216
35.347595023936584
45.93101678759733
49.44588669990592
60.097071401714004
65.15913013443196
76.36700816064578
89.26495496374608
101.58149899954475
110.03100575170075
128.856020347477
138.83805157892624
161.90508739930291
180.33447347983645
202.02666994928114
218.48559064379245
241.99599946340402
262.7885418076501
280.50734515890514
300.5583814866162
313.0019171122854
336.18978472982275
344.9211275949416
349.8689785349565
358.62545466265146
355.91574630261283
350.2787015850511
342.4353640455008
323.6416964322605
316.8550202684243
302.4941593452778
283.8704274530674
271.2607229391657
248.86431779636192
234.99330294143712
213.926196591217
190.63839424677784
173.42862360962738
163.06577771715504
146.171112484907
131.42089535337698
120.98434743278432
108.75781414155013
98.46922676414044
89.47074967036085
76.58947851756281
75.38710723999637
63.00311163682319
60.321812954342654
59.32683447110302
50.56346647565481
51.26466702925702
42.979516248770835
37.99071643211598
34.98298582784603
33.30976351291545
28.15554611718719
28.366375964582367
31.23916137450919
29.179546556571065
30.562256039584994
23.882494843117748
24.130712113249434
24.57271727621612
20.24521912472629
25.55782495981339
19.046985368204574
21.0697379854158
22.720703156780413
19.834641515665247
21.005855467055532
16.528656753937565
15.879394331359649
20.00934734125159
13.966798715516262
18.89035228579808
19.56123270983743
13.213417419778173
17.991327548897495
18.980262456285153
15.331891286487432
16.625137126394012
19.985489288568406
15.914131609417423
16.47368390973817
20.862109174104365
14.488891571671868
23.140191207641628
23.662557331212568
18.65046046507288
16.31933871413791
17.322419055858546
22.396191314152205
20.957611841450646
24.079796539155858
23.078076386462783
21.811363865351908
25.37019453896571
25.786487300013217
24.669524574997986
20.550589973805906
24.95275180505231
24.064246326895585
20.246201569670134
20.00816233750179
20.28229118799404
17.097311225437867
14.731591299754228
15.386096256572465
15.887909771191858
11.329900071760797
10.052025383935401
11.082028722409934
11.174566160202307
4.908402317793265
6.959320661948335
6.62181026877019
2.4870450371460118
0.9010159303505955
0.08156559686932245
0.1596027158876251
4.064289191519055
0.1175805362208572
0.9657132907145696
2.3161106665129036
3.242510393319861
5.430531050296193
2.419981796410647
3.7051791385628867
2.2693351791972702
0.435969896479294
3.525087437704177
0.850305779384849
1.38347452580602
1.0174708724727237
0.14505080378986715
0.46423059387090726
0.631358589294026
0.000399839429539035
0.0025960785840461824
0.0002739871811390707
1.116666792440625
0.04913266315835152
0.6273160075067921
0.33004282876186486
0.17500790867283633
0.032720122973076526
0.9369514411838509
1.1407096167359676
4.913534406827127
4.641644570642998
6.417953005061838
1.0382676857671058
0.9228540268154483
3.470901633793959
3.202533846050915
0.9113457285552747
3.5313525490650943
0.4735231517852414
1.8950936952036437
4.544484126771064
3.9899701285072453
7.509160843989733
2.3757723644746407
5.574101817116039
4.416337027769288
3.9646359753294753
8.276473248106152
3.1046530555187246
3.881837027951733
6.908110703205141
8.438032111767344
5.01731193356217
9.225907343112796
4.956390392474962
6.591812701373895
10.388936700683152
6.796728558216356
8.614577863872036
5.232043068634292
2.5202308355993255
5.700108418051404
5.71046227871006
0.6462212691883608
7.122165452082834
6.914402979272448
1.578628671608215
4.234180364286911
4.712371733314303
0.45194497872015893
2.2725741938145294
5.812665875657569
5.904370153001169
3.6585462605986985
2.347837487856681
0.700740125289795
2.7705357450739743
3.5812161757949457
1.5108875417449543
5.721421624251305
6.08976854060726
2.6727219715504895
0.8885309665541901
4.738598609270941
2.176760957435637
5.062931377299141
2.531891865861984
0.2596614873434205
0.8958176028479825
2.745529745399379
1.0496798351871581
0.14551144242008152
0.85242496948751
5.033138913281506
2.310897817328081
2.095332374811126
2.06219810765431
4.912502942636083
0.3412760544594289
2.00353958035376
0.18815014576206707
0.04145664845824967
0.3512887516464503
0.361075855073494
0.606362785607581
0.8889970035164714
0.00844560020502928
0.02026566254364051
0.04895087132881697
0.30936896524604435
0.0893119687643293
8.632837253799708e-05
3.2943407338893525e-05
6.557543038241852e-08
1.5779719811787797e-05
1.5049980536292294e-09
1.9432184921753848e-10
2.226304513181906e-16
1.9016991632410996e-07
2.3905113808251484e-05
0.004052591176874322
0.00043177676214294986
2.8863807217507072e-05
1.6360686976544273e-06
4.5774060438771746e-07
4.036957504461358e-09
3.5465545749425204e-15
1.0102659945097556e-06
6.247369135660472e-07
1.2121986139964171e-06
6.861627984095272e-05
8.523748244561584e-08
4.564115540817401e-05
5.543817554826227e-10
8.08411538622357e-06
1.7224749883884152e-09
1.2585255885003226e-06
5.402782285621464e-10
2.01537900242252e-08
1.7577479835080908e-14
3.1151663164576005e-18
1.9146873138960182e-30
2.72916804713619e-18
1.1291562161371142e-24
1.939608614650819e-19
4.62452376489051e-21
7.1664588988915e-21
1.53373358093783e-18
6.7765297849649625e-15
1.150589463223544e-23
1.1738786360619245e-20
3.8657252716665156e-27
6.861032649065732e-25
6.510960604316612e-20
2.0190672305186795e-18
8.128404958178273e-26
1.2598285786189323e-25
2.087833097669404e-20
6.235158118229628e-27
1.65135995305977e-22
3.248468809751117e-26
5.099034977582039e-20
2.003142897958284e-27
3.2196570186602204e-16
4.464918746812235e-21
9.951751567641055e-20
6.706220681120016e-20
5.174928953698665e-21
1.2550188548886232e-20
1.7709739807506834e-16
2.2383841993650812e-21
6.286293003519093e-17
1.102741821854373e-22
7.849737346906549e-19
1.0725014609889117e-19
1.3052182618519864e-18
5.798334400428859e-23
2.5151561970086448e-20
7.065629373074606e-22
2.344951324245541e-16
3.2917652470188084e-25
3.2885195540353644e-23
5.066459011706583e-27
4.158104682845045e-21
9.247029857194011e-25
1.9797628987419955e-27
1.73835550489664e-21
5.394897314317746e-23
4.475387607461752e-23
6.10950748660911e-24
5.831114730277901e-20
3.650835860963273e-16
4.212315514824598e-21
4.120662385339843e-24
9.29755472019928e-22
2.249065916654708e-21
1.0681451544435493e-19
6.144967353649765e-20
6.215610939527522e-27
2.5560700805894223e-22
1.7235558893728184e-23
7.001982154614012e-19
1.7090164615519285e-24
5.884507196498767e-21
3.577156831746464e-26
2.0319846750001663e-25
5.875751285362587e-25
1.5589271995573882e-22
2.193708899540356e-28
1.461717238258924e-25
3.3050970342696276e-21
1.8241939679458712e-21
1.4945917951818762e-24
1.0825666528888399e-24
2.4706034696753886e-24
1.0975467710116962e-23
8.557421788332091e-23
2.143098615963096e-22
7.348556836133473e-23
6.713783027747534e-24
7.594169608249873e-23
4.747280314141211e-16
3.161434239291092e-22
4.712113039662723e-25
8.198299560705808e-23
3.9483957798358044e-30
1.901870307683809e-21
1.1419810865901155e-24
4.58983624594008e-24
7.676209096246887e-26
5.436902263709764e-22
1.6367922117284584e-22
6.003751199617885e-25
5.173671177577879e-28
1.2706676305748082e-29
3.472821698162971e-23
1.0339216222175165e-20
2.4130156937549286e-25
2.9166013769493634e-28
2.050600190254402e-23
9.939587466199399e-28
7.84454947187446e-27
3.164573392858108e-29
3.858630928850563e-22
6.208033215597459e-29
2.9230181163044043e-28
1.0466929135939083e-24
7.24838305522592e-28
1.3203747883636907e-27
8.34008122291887e-26
2.0717470104546526e-22
3.429627617269338e-25
3.627389823473648e-28
1.6931904122299812e-22
7.306388701004016e-25
6.332769529044422e-24
9.481243814422167e-28
1.163182301716758e-29
6.856318440222567e-28
3.172410837819184e-22
2.0784138024195126e-24
2.968207752849754e-26
6.139411588337354e-29
2.2328385171644977e-24
1.8140430852061874e-33
2.2416525794258195e-28
1.5024339535208298e-30
9.21026902366159e-40
1.7850394231089115e-33
8.487127070848685e-35
1.9466626503661172e-30
2.8941931346295817e-33
6.474325136819362e-32
7.485884208876679e-35
3.767585906442226e-37
4.263741275490449e-34
2.3606491022566677e-30
7.689026311916854e-34
4.536068001943512e-35
2.248570247551546e-34
4.4954734665823996e-27
1.1528297588200042e-33
1.7495952744297495e-36
1.7859111696381646e-33
9.8008550933563e-31
5.162419701143152e-33
1.3721663297530525e-34
6.987843788517331e-35
1.4841759426971628e-33
2.071532928088813e-29
2.4790760096522042e-29
5.405357311254386e-33
1.4844796953875038e-33
8.541221964009112e-30
7.083825582492351e-32
1.5780397188574872e-35
5.2136976193692606e-30
3.007424826824082e-32
1.4687075591160952e-33
1.651159940371266e-32
4.58735211640678e-34
2.477253895738248e-33
7.873529456185286e-32
5.372927000015053e-35
6.515310439704376e-31
4.7585202543413393e-35
1.1195114510410554e-30
2.3117970520883692e-36
2.2663867732312906e-30
3.432543725195429e-36
9.983963965988073e-35
1.938604777262219e-31
1.8546544252890506e-34
1.7295263713830445e-32
5.278778260696198e-34
1.0825073219592364e-30
7.823084786842171e-31
6.848703398677118e-33
6.430248041639028e-37
1.780786969718544e-34
1.729849547740431e-33
3.971019664172727e-34
8.403141022493703e-30
5.219719682217546e-35
1.3813372422172625e-31
4.174693877754267e-34
3.1365979869716924e-34
3.7767316806571084e-30
9.643205285021e-34
2.513554785994028e-33
2.2810606411374453e-35
8.371770648703966e-37
1.9091868008476436e-31
1.278603705390127e-26
5.4868074119432e-34
2.423279332128858e-36
1.395525611995589e-31
6.52708534447658e-31
5.265010949386794e-32
1.1436328983074275e-33
2.729595648679962e-33
4.19079491084912e-29
2.484347972707548e-32
3.0323212564861105e-38
9.96297180502593e-31
3.223499843498634e-33
2.7344343723714277e-33
4.367229837753637e-35
4.3082372404782885e-32
1.6295701944462258e-32
1.4563370406550897e-27
1.0743026978979342e-29
1.5554513011074457e-35
9.242255070611708e-35
1.2412116085333303e-29
2.1565855964469183e-30
9.231329553438034e-32
6.018723213962032e-31
5.397454489025303e-33
1.2559509688846293e-38
1.480678786925552e-38
1.7373495446557632e-38
5.5551600084648865e-39
5.12799682486863e-39
1.6380490987750925e-38
6.215941766960424e-40
5.561525716421043e-39
2.391004694573433e-39
4.7550181428831426e-39
4.453104637775819e-39
2.1765394119108872e-38
9.185129189593178e-40
1.6048612173389875e-39
1.9139223425211035e-39
1.2037561105936965e-38
1.2141790929205904e-39
3.695377806331653e-39
4.576034613362628e-40
1.3046944711099984e-40
4.671611249364035e-39
4.156159182870684e-39
1.066967911272881e-38
4.225328027461732e-40
1.9074745466352863e-38
1.4516183506809053e-39
1.4313937735403495e-38
5.242578010941188e-38
1.011547711423132e-38
3.552563176257148e-40
3.6861054524750665e-39
1.277534663829607e-39
7.116816124382752e-39
1.5099330439329972e-38
3.601030950229364e-39
8.135210074150686e-39
2.1657580776587778e-38
3.9404957504384187e-39
8.009371185963873e-38
1.4121230778123901e-39
7.468969638832092e-39
7.63178182976588e-39
4.38176864636947e-39
1.5781523616404097e-39
4.708460839562149e-39
3.173146215877829e-39
3.405906799410896e-39
7.341708427621905e-39
7.698120408868275e-39
7.001371743849614e-39
3.655439570921819e-38
1.576806211027868e-38
5.212705798282949e-40
2.9024043030248975e-39
3.029387669305301e-39
4.42130738422204e-39
3.226185554924697e-39
2.6006681346774686e-39
3.5059385121539785e-39
1.5734413844797644e-39
1.1144607341018505e-38
2.8453216958470637e-39
3.755365926634394e-39
6.989770237153609e-39
4.375839615227985e-39
1.9883318051105697e-38
7.593365324253472e-39
2.2990384295832047e-39
1.99626108791988e-39
8.457834837918086e-40
4.7230143940778904e-39
3.231400511585946e-39
2.8924003492933074e-39
2.4044451027676743e-38
1.8906150270220467e-39
2.4009175767311938e-39
7.618012857503212e-40
1.8762144091754003e-38
