4.431939259366939e-32
3.4073381392889054e-31
7.009866362175413e-32
7.883185136935743e-33
5.311323064354229e-33
1.047530131795132e-31
5.010315654124384e-32
1.0065433316110151e-32
2.0471124069284934e-31
1.2215962247460013e-31
3.38678258139842e-32
3.015944031250552e-32
1.2537321393694907e-31
5.789641571030564e-32
1.0655440450000728e-31
4.155299142892588e-32
5.854268130199613e-32
9.582010611079977e-33
1.512016582628809e-32
1.671227500555527e-32
2.2896342963667075e-32
1.4264883975083069e-31
5.502842079720071e-32
9.702815907212113e-32
4.999101654325416e-32
1.9407663238920986e-31
9.67260409407375e-32
1.3744306553756593e-32
2.4695706348354164e-32
3.605851301436608e-31
4.341667846286538e-32
1.6398966303747008e-31
8.07134010605279e-32
1.1990614609160555e-32
1.7183110451395718e-32
4.2692180387017237e-32
4.679769269046965e-31
1.6405387141938934e-31
1.1428027011196953e-31
1.8428541508074754e-32
2.739590733602828e-31
7.08335643621708e-32
2.312436055714043e-33
3.4895816482352697e-32
1.1620332698477113e-32
2.3548387879036093e-31
2.6220113523799432e-31
4.603239591922016e-32
1.3152575937352129e-31
2.6385186147138763e-32
7.341102392313803e-32
1.3967964632308628e-31
3.779666132658618e-32
8.765744633136415e-33
1.20949499247541e-31
2.6340941771996147e-32
3.991302951352891e-32
1.4674364355063905e-32
1.8746867310375316e-31
5.121308791212869e-32
5.780694240244552e-32
5.279657611921916e-32
3.2825692267276213e-32
5.836245338808657e-32
1.8256928203949482e-32
5.236979684026401e-32
1.2546713269050752e-31
3.6300998387862734e-31
3.62916814172425e-32
2.3010753163066575e-32
5.815698204116386e-32
1.9929786571579206e-31
8.630657851974449e-32
4.539319607622515e-33
6.003493650232331e-32
8.501171469953968e-32
1.5012808408562043e-31
1.9184762682951722e-32
2.4589850496234275e-32
3.839766363997458e-32
1.070434315980326e-31
1.469146151743343e-32
1.3109755146036988e-32
2.601204735388341e-32
2.3737067926260176e-32
1.794846786477664e-32
1.6443143741849014e-32
1.3396869959898058e-32
1.6224442558128385e-31
1.9917077167402035e-32
2.7794252188119264e-32
2.560387239162739e-32
4.403530888829903e-32
8.63631641760992e-32
3.552833804442113e-22
2.664219392156237e-33
5.1137792355543044e-33
1.1546975298588488e-22
3.877169205974011e-28
4.302550439345072e-15
9.825741787265266e-12
2.2941944965218507e-17
4.3615585972370285e-23
4.650868225981688e-18
1.391728675700834e-10
1.1473440577341132e-08
3.6316828251406155e-10
2.66792953063129e-11
1.8148362204507926e-10
8.435901087263701e-17
1.2910933242615957e-14
8.755344406561515e-10
6.170725582556988e-14
8.478684372467956e-05
1.0198842011469707e-38
5.352590069881077e-35
4.763908498422549e-06
8.393854151918647e-07
1.188999469045336e-06
1.980061794125762e-05
5.796804421235783e-05
6.319352211989265e-06
3.481511584087869e-08
6.226145344189541e-07
6.920658037001343e-05
3.7205409088789957e-06
0.0001486172455298586
0.000451581668065322
2.1362156702581926e-13
0.30506390516265935
0.0068876056493223925
6.317578609900849
7.873332937638105
7.654571663682034
10.035609205636899
11.488685147442565
13.43991985668796
15.01600472629767
12.487334045693572
15.082192539307691
12.698434995140943
8.03529700323982
8.032095750568638
7.317907403896468
6.112608956000131
4.332295643909054
1.6157863846154246
1.00390881597743
3.7503556291055675
5.798106429260342
4.155112575796822
3.3286701397118597
3.806482260645402
3.667147995213016
3.757258403970402
5.515574221352015
3.640830416523623
5.914538905040758
1.9484527970953887
4.381382541317502
5.562055031799282
5.13085115666444
3.2357008243795513
4.612323353427405
3.784602583361759
4.557787279534585
3.6944282297364706
5.914302936329792
1.5841768276002146
7.775272658998476
5.023451978317662
6.949836040696193
9.278452994786637
11.299190983117457
4.2310165926066645
8.918513104767449
9.33926380225465
6.586690633814467
10.173382052126371
8.519619548670626
6.892912544391266
10.119088318952167
6.907715330843889
3.744611931988492
6.301027610534168
4.257180051746418
3.0052589334755533
3.458566372115797
4.5178806464195205
4.042982227784917
2.210224152172263
0.4657233772122228
2.1155347849510164
0.8434136546730403
0.28722428133212513
0.07129817777413999
0.19745224942888434
0.4340428550655222
0.316242046255
0.1303307737953737
0.03914857263267244
0.28953682148091897
0.6070029051674698
1.0812438073792956
0.1351216314425918
0.9038068296854616
0.03189416872219186
0.09115159352380056
0.04912739440116595
0.11606592726300181
0.014456471799883706
0.006947330288567877
0.012304366130221681
0.5808541728295702
0.05341071587263434
0.011787939811040843
0.6690986692558203
2.349564196696894
1.2262996227276368
0.34951642931037075
3.3279368667358824
0.9686449404950447
3.5817454044209374
5.942924465399869
4.266533632323751
4.77854535552043
4.432811024747603
9.102507705520328
2.3889494660198562
7.527730969393615
7.116180591651879
7.1466345593401615
7.257719499623994
8.31815332889102
10.863985068633493
11.486478322017437
6.719246295839597
8.319527594652216
12.533647696926955
10.488161865003507
14.89603738234335
14.224047619348589
11.659773090897106
16.11628744733299
13.105455468218151
17.109967600877553
16.2200100849158
17.210271523127997
17.819631283447144
20.035223881579338
16.060920872221452
17.196646268163825
15.552310024884658
12.433746648783375
12.338037264924324
4.971392418883756
5.046729336043466
4.556670443430677
4.020828153795329
3.152974146225727
0.4530192605786839
0.5365186416354842
0.25238700616125187
0.04941401104555163
3.378944839849459
0.3088133219006609
0.01781832731769761
3.2975599432253513
0.020047159673383094
0.0735257989383617
0.30032019517476405
1.7421079261248757
0.5905383126739212
0.516100696826485
1.6474051947449815
0.36577648915924865
1.802509909453177
3.063638886460317
2.9768604980840174
2.7605029234929948
7.527234567663361
8.034405431183247
2.2581208772791896
4.930641640549673
4.398215895016009
6.10519638459366
4.624466766591345
8.23619988435924
9.128499865571024
10.733038879563129
10.43882001114948
6.78430908083997
7.650443737856717
16.284313186924273
11.812690830396065
17.001349049094376
13.58883569246202
16.27830705544088
17.87237246407155
12.255181833313253
15.594530470108419
13.034522541211569
17.779517110612872
18.768061441790245
19.481229906551967
22.514162484163876
24.422198577026712
24.816691973299708
30.49836519672809
30.677026337668536
34.47164291740027
41.36908895611561
38.85480555034943
43.46779590985654
49.538680510417855
52.045705200302415
60.651493984109656
65.19747716175682
67.72021531136758
79.45994334947487
87.26970577350656
94.19821353464188
100.67458208020916
102.1693468793486
108.20761060667384
105.14905243334393
98.25595542561129
90.12953651208663
76.01464923463676
58.686837667891375
44.820015597448695
32.95699674616145
27.784966555523052
18.512908515480127
13.291650994740273
11.771110037118778
8.241952849421232
8.528799279496155
4.5872767383968895
1.5241627176134607
0.7673147638480163
3.323755033824074
0.5459257916490731
1.8943664404462726
0.05119905401450936
0.7040945257894972
2.4781486036281892
0.053147361525804716
0.38005577109823735
0.005849632295302288
0.013674207096072538
0.004587766816618813
0.025949358945760406
1.7436362138533523
0.6819859555584857
0.2406123514363327
1.5367223435458612
0.062017882942428514
0.060061780463520974
0.004585258550155414
0.039725927276317144
0.13328086754421503
0.05289052066679496
0.0032534252110541792
1.0748662780990736
0.8253625738442038
3.0534283737185595
1.0235086999732603
1.8989774024450317
3.022369224137025
4.035394259074688
2.405742554578969
3.856097767944983
5.706224155138381
5.896529200857634
8.556718088430843
7.320859006760867
10.074419259839058
10.996377164852213
10.938868368437195
19.572252741428336
18.7653192501087
27.283833858022106
23.35098344509792
28.056515363021987
37.54797405226437
41.826873322548956
41.83883378210385
52.741875297365816
51.38424589348615
58.551960306025734
70.993829434033
78.31568936691116
88.07232099919355
92.06488108002041
109.28464861190267
116.40531553600269
123.68388488502865
138.80035923726797
147.7104744309676
143.9699744300251
143.22040718082818
130.1143529920512
107.05283817206505
97.75265713007019
83.17313575871721
62.815062640100244
52.661681491348595
43.5051111054861
34.2314127675582
31.769405426252273
27.121250662683273
20.483034049392774
16.359632844770243
16.221674183005966
20.063433858753314
14.975594460854866
13.396117933421296
11.580361969999322
10.740194721227372
7.751237921027103
11.497894947262932
7.011920234312612
13.19545512661589
6.892471348481995
5.5597634652203185
8.35958586992587
4.103448750277861
7.593005446049642
4.076442667939511
10.20785863414208
4.6538804024747735
6.899753452637082
4.9709575953087315
7.138582523573318
12.00273122073144
8.797015562243574
12.274369426226535
13.809467366606313
15.245692200777412
14.668164049211487
12.254843912486544
15.461543778392993
16.052712868284033
17.449327862187
19.281180418877916
14.757274935171145
15.168977097885822
14.889310233616133
7.643737079693364
12.819358683471071
5.929711641922792
9.554603361012095
8.027178080264655
5.29685612450031
9.434575508113154
4.60739507594661
8.885701507661947
6.654409600688943
3.603237190795553
4.553373120754966
4.5376530849200245
5.320332533513985
3.3428058866693378
0.8474503899031021
0.832675978466711
4.145919827117237
0.5287420469125875
1.2376331935975922
0.00023422365062364376
0.1237881688238146
0.3630756757949983
0.0829286381573474
0.19961749225918973
0.9116376797201335
0.07753973432319597
0.1080252635961404
0.19029511035987054
3.2107088768440377
0.010943420625305494
0.09862813631889025
0.1410033883683941
0.05799790086035053
0.31058892898086515
0.02889384721978058
0.08273650340868019
5.559175880076615
1.6940495028653724
0.5931500573610838
1.9700593834022304
3.2963861539117003
0.3279521220139942
0.9736302811703994
1.946957394013174
1.476385531393531
0.3320823239178752
3.5329046693147284
1.8606114688222475
4.249930663267352
2.935643041626118
1.2811491536617272
1.1872298148476845
1.6904131697502653
2.6810216301282277
5.63897111302636
3.7117681286467676
3.4790527426916795
3.8710063124472422
1.6319065835483857
5.997649451048326
8.471819231535077
7.813769676534977
2.7501069260563993
5.9993289691710565
3.890998850106618
11.634740400584437
11.524118674358423
11.898000951737506
6.615705418048461
11.506864976802964
8.991014994188296
15.25076334141888
13.91426008017528
12.642503450318076
12.81760297554242
12.563183578810465
16.49434763245692
11.095377717410239
15.098558118846997
13.968399342634171
16.23337327913108
14.155721673565564
13.725465456471255
10.691839113654503
15.267776105493043
14.048191822035912
11.798828470107042
11.86097413491383
12.066445584697824
10.986733269744988
9.11962252793971
8.319804507410904
8.595000567885197
9.311118304774343
5.654580870141679
8.249504061289425
6.731449044772952
6.0404484966245
1.3247875550851476
0.6761503102324832
3.4209086417333463
2.0773866832152676
2.601662728451074
0.331711710426319
1.0559572950239655
1.4807775250686341
1.7191890133505567
1.6025430248777406
1.270458233242482
1.5559507898484084
1.466833186133492
1.0160097150274587
0.08158078505683639
0.3746151334998444
0.4040039050081735
0.4793589231999677
2.048965974412037
2.0915867515121795
5.79499708755922
2.0541233473934564
1.6286228209687867
5.000431529292715
3.8995475339158454
3.1924555758009023
1.6689886554872915
6.841061149877809
6.512741361445721
2.2375916406088865
2.329593394492536
3.7119564247473686
0.4060690581772919
5.405872973644719
1.4921025369339196
0.8518644784220409
2.1331657220849434
3.2238450492813935
2.7012620810795713
0.747704288940653
2.4189133958647075
2.0510276212656238
0.13827346256167453
0.03939396589599685
0.35249905522850905
0.03229299049902972
0.04867383270797333
0.08324241614340727
0.08831900297289884
0.1323311074084144
0.08052293171824615
0.0410579877597944
0.017815276730075793
0.01462097932607936
0.08055870006441455
2.0909431712626265
0.10936784507916378
0.0008079288748877729
0.045011826754338964
0.00790352299267669
0.03779925943409016
0.08701941699846516
0.19814747159886859
0.7049444603942462
3.6150281242263214
4.649522677329704
4.411405700737736
4.051496259049921
2.967487833344445
5.788896766149379
3.8064283033767854
6.509413261997639
5.380845168719474
3.6859472383319773
1.0975140680860205
0.44109208825888513
3.0737187089158025
1.2370293755939086
0.6030257855894695
0.07115536840827749
0.05259297921461975
0.436352161519421
1.888582739484988e-05
0.00392511695191794
0.9324314137400482
0.07699128944632089
0.10098221167063762
0.10236165562242673
0.7886425114628399
3.061599893769585
0.37630814812720675
4.1372458582896625
3.992734544729113
1.319156837684398
3.1215984675239996
6.347508933179164
4.54841832638086
4.716295299031256
6.146019016048046
4.753395144287743
5.031543522851844
5.082312583071978
3.715004126840115
3.7281687714926854
7.897701976285795
6.066809791297117
10.736723877311828
10.382082034728619
10.74856524845407
13.987915385446957
12.52122990342031
13.773825453562019
14.502682363330583
16.79347894259671
22.038875491904175
22.884351139957516
26.5641195557097
27.269594095589618
28.381532869517752
41.68691201277369
47.52943983288633
56.33705105483865
65.34583059905265
86.05038427866485
97.23719568277568
112.54083168308478
141.95812750149406
157.6698236625185
176.2375977437512
205.1728120844296
235.70401222751306
263.98268161947027
311.14047713985906
344.00256281574235
388.18519771312117
428.6662588581686
463.8571182110233
500.1908149330267
504.11338108580935
492.7735531630595
459.39596785925994
399.11358519699655
336.85117754854537
276.5807809215861
228.75070987045922
183.05614153661992
151.15192490058786
122.389567152232
99.9057625128665
84.90263585464841
73.19798254938408
61.57395140566185
53.98873017075557
45.16269458756962
38.69988146299698
35.59561535626599
30.65727814284975
30.44370088747323
23.40984289290187
23.408407566797365
19.385535727861495
21.433765959357242
16.68657765465
15.558211993099754
11.725624226347717
11.489996128567926
12.420746531878294
8.09983035252022
10.617728032791378
6.831531848213977
2.6432915194483857
7.0490753962601485
5.720617343529252
4.0831506646334255
6.16231709289452
4.163948871189212
2.843151024209255
3.7098053511984204
0.8160931815287152
0.9788764563721111
2.122454410125022
0.18267536593661862
0.4068113230070407
0.482412128391986
0.009636202347604617
0.20216573717325265
0.1222795172941509
0.5217457532273846
0.027195712534289797
0.006464617221423468
2.6683188923214813
0.2542649460742744
0.0012224921481513453
0.2492600205644114
0.28636844239364684
2.8434735841969933e-05
0.6820177150632799
0.10339763810893893
1.23316144815873
0.0004461451303395349
0.03495458478719169
1.9005338953132787
0.05815696827274652
0.056069361979557114
0.05001836004545725
0.040765965796799544
2.4768260309165946
0.12258217169585293
0.11158872795064353
2.079698754492517
0.5676885709051128
0.06469388425186577
0.08929857929928917
3.92822740834846
0.05237379501097347
0.06021568782348823
1.0591793386074457
0.9214226420522067
0.548275065544426
0.04332519982918532
0.059639147412646504
0.27166392166720543
1.4040533182915504
0.9089916837782698
0.07300023718774008
0.0015504941226255336
0.6979336205584763
5.7394834021948675
0.2844989411179183
0.17751933541188095
0.7804777687723221
2.4753216954666257
0.01250867737799591
1.0947212847032617
1.6843008736213336
0.25981999158070723
0.5092741942637246
0.19935919505927097
0.06228373705547352
0.17889338581336175
0.25672691514697665
0.5079712555014155
0.15791098795949424
0.0525075912557146
0.09404195141942844
0.25558263674303167
1.8210506524691195
0.19481653487964667
0.0004956286974448729
0.43558175390866455
0.047830735945530355
0.05817277865165199
0.0004986862233049095
0.009296614398444895
0.07462029035371753
0.07798292960342411
0.03921900737278195
0.4352044074323032
0.029394586727673463
0.2438811486133248
0.19851894113510854
0.00712786851400404
0.00638180333318689
0.0747754109042702
0.08674876917741359
0.03919310575222598
0.11386442546471649
0.07657797070480955
0.0600064849361683
4.584141438306349e-07
0.01922170006897499
0.06603043427622458
0.6445579857572193
0.06121534459188445
0.02663305224998074
2.632575585350451
0.09163501235875811
0.136682505496043
0.012499099769770408
0.7432924012711484
0.0721610262191904
0.006410287702884017
0.15823109974021393
0.5273763901551052
0.30084245549784827
0.45593235649312747
0.09949678102522283
2.593381067597848
0.3286921071369276
2.3672949525775673
0.01334527559276068
1.1401239833920103
1.1899852917225566
1.790572377882871
1.109171584754295
1.5951328015490707
0.805186185278025
0.7222040783834894
3.1637557372431173
0.8037515249219773
2.1823271717381494
4.732629893487194
0.3071172953878466
0.1892804509883522
3.1176395195423865
1.6111018867616473
0.489902760025986
0.9544140016112594
3.756217929266647
0.3631834301532404
0.5773987241275712
1.1527541474018905
3.2215262119458092
1.389340571259014
0.6234919945046999
1.171336761120245
1.740703783906608
0.9973450925604935
2.4559244590603306
0.16058728118910293
0.9828903678901414
2.8591020207782454
1.4340150804949376
0.9873417751173653
0.6038599461304034
0.6942719925561315
1.940668751751812
3.1628546496711
2.678198007831745
2.5690899609415543
2.814942497116301
0.791878079728786
2.895608064416131
2.167201618763145
3.0269442846836334
3.636925219839591
1.901406328110154
1.7362707249477936
6.280917706048753
4.051207131720816
3.7318344351252923
4.146029440463023
1.5222350837831613
5.289249333746483
1.2273707853098614
1.0171094110255394
1.756627467040854
3.226515425053295
6.176092433871484
4.276939792987467
3.461918491097596
2.8858879679328986
2.859241125684204
6.701156544582518
3.4294223168354288
4.200065196749592
6.954131660539563
6.202205023851108
5.269623547295582
6.809861342750773
5.434596627645446
7.744611734342794
5.00515057659522
6.085414193640721
8.520396586639148
8.517635964113067
8.156773834027884
5.5401550310234695
7.791209932575514
8.036234811202897
6.9625920128154
8.47662198233416
9.866001063783665
8.813964761616633
12.738866630786015
8.040174106065797
9.07590151415336
11.615472192688696
11.164768908255606
11.787005003723303
5.203011450123997
10.279797325283658
8.773856969397247
8.6041977237275
8.718210695146137
6.935949984912272
7.735846889350992
4.08422990797309
5.472682650590644
5.175152980724308
3.9538740171253473
4.4954111385411055
5.370715648349331
6.037094880698006
4.904093845152375
2.9852693587776935
6.582024812420379
0.4963269532830444
2.271385582292534
3.7304209960374863
4.370451780676672
1.1001320781160857
1.1061735234129704
3.50763932383819
5.232665213463159
2.8979138153049515
2.4318258826927988
3.2924748533150265
1.7853095502237466
0.6400043597464457
0.7421105234881042
2.186451723788801
0.6555322773389112
0.29691760080316093
0.12136292265812541
1.5124410130385137
0.33043091435245503
0.43827794468520287
0.46149153862458864
0.12222258588901926
1.772221300323882
0.10623210143094804
0.05474941995709052
0.20410755254710108
1.481638921269453
3.441135401746824
1.0197676868809604
2.3111474208674507
0.31746544429932977
0.34219558386419047
1.3612277585997274
1.0416591954242105
0.24618841070600328
0.8743697727819835
0.9029208377386376
3.5845491982799125
3.0968975454829026
1.401143592644899
0.46193727001611495
2.791907983976076
0.33156891462248256
0.370641101868516
0.26572326147648767
0.4277546814273209
1.469113259833652
4.832681242989119
5.278228491421618
5.576996983503052
7.339376282664308
9.557180859064752
9.013689827726951
16.298746852766676
20.475581081132788
16.915247112765826
22.793815427939926
23.620926696686897
25.74929483056357
25.92351236924152
27.89258858776112
27.146821761942395
31.563420281552997
33.674406385010904
31.62076649370583
26.46026133833803
28.078690887612836
22.191452272622357
28.63134416150299
24.985864173837292
22.049481279392737
25.366288277495354
17.73338800925101
12.15570822628218
14.466085819042258
10.281126774947841
9.607911450961366
12.9515266118041
11.17829734074253
7.760225483855896
6.836365536633737
6.311952990253259
5.396897681748798
7.118456148293725
2.3839894416638625
4.745870470168158
3.4990747032401432
5.336409469233483
5.996462939300839
7.730849377996087
8.742772994710702
9.81126949148294
9.429349037562044
13.717003088126901
18.22402987495052
18.67753956731168
20.45875235649306
21.969811690474128
28.779817185423994
37.47979653620958
39.861234746632086
47.93071685428912
52.97017824569176
61.58583713109498
72.01541057007547
82.59538492514514
89.51555215232256
104.92833790577254
112.95853848707426
132.2005784482957
146.616967662182
164.76641926456708
177.2496409465852
196.57548335031112
213.99676903622705
227.91067852360894
245.80462782554778
254.78173936000294
274.61041696842756
281.3683985712704
285.2737373867505
292.65432733632804
290.17235145454816
285.2389420456895
279.81951068865305
264.29789512796344
258.7052047728042
245.8843185532336
231.19186716855444
220.7987699112558
202.5764798340379
191.90087858390038
174.08714045601536
154.77421974218774
141.20289183269205
132.10591151536633
118.78985085612565
106.76441721738209
97.89145619682256
88.42163252632459
80.6385349026239
72.51234756293985
62.53090765234255
61.474296048939834
51.263724032168966
49.68007310527779
48.26081428252401
40.83594196365539
41.58010489650474
34.99932764201073
30.8545819229411
28.36480970130597
26.92476109530589
22.760938244947376
23.451295013706773
25.479534924680948
23.818425768643984
24.546915502454397
19.729601131306346
19.52004877294214
19.830069114068195
16.91777727434223
20.77650017110525
15.637377906371974
17.29668591009835
18.729717303651256
16.130532788396565
16.83789265001799
13.704962548585907
12.97488277659299
16.944405285503528
11.66052078600666
15.701700616587019
15.840466762468962
10.561605334037399
14.965720572157684
15.523016952511538
12.980097289834985
14.094721825497745
16.468902293726426
13.021428929459523
13.473884576495186
17.795624162559562
12.059153215758473
18.18854377318707
19.984875540660774
15.440364992226177
13.665518591002224
14.379836334908784
18.313605471119654
17.095870798915865
19.35496934074706
19.07599495870162
16.88566684608625
20.31609727781894
20.521482421840805
20.22310595128462
16.735362141246558
20.647989291172127
19.760282225022458
16.309158822878835
16.02947516669723
16.50433291094118
13.796748327541923
12.077779555730059
12.229167349196025
12.473985774878164
9.227863927986114
8.07953632277033
8.690388625386111
9.294788774237096
3.750623592078806
5.711349235306181
5.151129729385918
2.0964516411749203
0.677428590032743
0.07917407356123972
0.19215495549020523
3.1411489232759084
0.22060393494480376
0.7799923121971392
1.9936284426338202
2.79040218609404
4.472423761083943
1.78667345808945
3.0186183044311043
1.5789447165084134
0.4924197214233117
2.732159008987592
0.6737134488882027
1.4555972402441455
0.7879175090068092
0.1602318173331762
0.4085332271516061
0.59882957980517
0.0015744414243528976
0.00673706333800602
0.0007484423402977084
1.2595427406858797
0.05549517311708568
0.5285223873406213
0.30838456730567526
0.20796193626764725
0.06804755678899588
0.7339715722040423
1.0292846216060076
4.226164354681627
3.668708225289568
5.194720893804077
1.046831284250817
0.8007269031168078
2.715343089404948
2.7074622525359575
0.9295205125645455
2.8700841514474416
0.4755306133080211
1.6017341790970177
4.123678042200693
3.144052709644013
5.93815449127122
2.0586166882968815
4.587912312764342
3.578912324098639
3.1700032990371065
6.9614831438099865
2.936927096181202
2.711107222069571
5.440652769243648
6.917601250221396
3.5755821666954497
7.371267059270722
4.253090938699144
5.280072309197257
8.706475273571462
5.4103191803727215
6.639433262327562
4.1829326336204895
2.290692167031451
4.677528105000211
4.937749406971912
0.5408145390101883
5.643419724133863
5.83925253025219
1.4018731682020262
3.457713826530249
4.1098978057003785
0.50043319348208
1.8030460995634197
4.623050650559254
4.966737224518723
2.9339280777712964
2.031855276610327
0.4825081358657429
2.558743490674697
2.9496146407749353
1.5175107812110047
4.3509514153015125
4.88768678276567
2.0905162511394155
0.7091624571400543
4.069764009949712
1.5569117483274013
4.623086333726269
1.9927171019644532
0.3954006669397325
0.8498744166422343
2.050034328916921
0.9642378924153634
0.28932655811436897
0.7181547341175831
4.324507639244223
1.9622625578950637
1.6976617205202618
1.7191054802502983
3.806302058905221
0.30886646935321743
1.6329191111809902
0.22271447167571562
0.038477829509317184
0.3663199281149654
0.27238774973585567
0.39274587908301023
0.6393431452365572
0.02057877538987432
0.03231578032116908
0.0696435090101982
0.31601387616718907
0.09581591938555298
0.0008052846864058707
0.00024625206523169453
1.3246486743220205e-06
0.00015338243400940898
6.259639416889529e-08
1.51889155846141e-08
1.695427605235131e-13
1.7503757604570231e-06
0.00016943124149121447
0.009827780517190592
0.0011972055728226012
0.00022071938467619817
1.7513986382356446e-05
5.451408603952893e-06
1.544812976476569e-07
9.733149813072975e-13
7.306925611808684e-06
3.6699378834486578e-06
7.447540118399519e-06
0.000460757612364451
1.56659388374671e-06
0.00018751193394115812
1.2298599453469262e-08
6.234858072786617e-05
8.241539457510097e-08
8.585707702950396e-06
5.298503769474699e-08
3.520327545888478e-07
1.2284581645911833e-11
3.4506989526780053e-15
8.328721775211617e-25
6.418699647457335e-15
3.602638418631814e-20
5.625147968096058e-16
3.341278982709033e-17
4.801035819410698e-17
5.376764904401997e-15
6.176518009186696e-12
2.976604983928186e-19
5.515814948307944e-17
2.0074838413453931e-22
5.924814118230217e-20
3.15298978237863e-16
2.2014802671290445e-15
5.21583085152892e-21
4.946518890227695e-21
9.442933150857917e-17
1.1879462150478024e-21
3.3119719277036425e-18
5.453927506717743e-21
2.692398500970926e-16
3.4117694811703337e-22
8.259122259572167e-13
4.473881955023373e-17
4.34890284623333e-16
2.6410256809855637e-16
3.0550610306135766e-17
1.293292320093263e-16
1.778109991223014e-13
6.660819529486347e-18
5.212571535967462e-14
2.4963812772000704e-18
2.5932931694597027e-15
3.175506678073193e-16
2.4982260316174633e-15
1.0987479917948944e-18
1.0380969026186223e-16
9.203255501465539e-18
1.8977260727507209e-13
1.5442489405595194e-20
6.218527825940744e-19
3.5904259984416284e-22
1.9506698381302084e-17
2.7841788711857464e-20
1.8817468827741334e-22
1.5185002545764607e-17
8.334401249786304e-19
6.827074652009449e-19
1.8924430972314544e-19
2.363744540254929e-16
4.008219860933958e-13
1.971007825606773e-17
1.2245700770462304e-19
6.650328514394495e-18
2.0923797168168736e-17
3.7379322975943614e-16
3.2796898507094765e-16
4.1506316188123263e-22
2.947182470306536e-18
3.8700470246022824e-19
1.440127792195672e-15
4.2340970247053995e-20
4.991580203104394e-17
2.2241718195395774e-21
8.874107847823879e-21
2.803395840821468e-20
1.7743018702813753e-18
3.374913834379487e-23
4.135507258443006e-21
2.5077909650950065e-17
1.585731956733e-17
3.4982529411837705e-20
3.052012709089545e-20
5.68766142869423e-20
2.494323558618366e-19
1.167784617635476e-18
4.4828369767816474e-18
7.652494454861797e-19
1.3529937296845647e-19
9.164835219871977e-19
2.922664039579212e-13
3.519320441171888e-18
2.4737658254457055e-20
1.345198082001241e-18
6.772878553974137e-25
1.5331007910740637e-17
3.815948691486431e-20
1.0421633588458366e-19
4.150951330374188e-21
7.876685496228118e-18
1.8418853960018884e-18
2.0393051068241366e-20
6.566212209300519e-23
2.6537964450176292e-24
4.736532653045566e-19
2.491838074022342e-17
7.945918929015205e-21
4.492995911862546e-23
3.606612710025744e-19
1.4464625655015031e-22
5.6175786997779345e-22
5.710188392911221e-24
2.885877939433111e-18
1.2272360193304342e-23
4.511580597065374e-23
1.9320285428208302e-20
8.074846201455469e-23
1.417739970457227e-22
4.685279497445085e-21
2.311143026447838e-18
1.256957867327899e-20
3.9976149926022684e-23
1.6581991864334291e-18
2.198250811176241e-20
1.0181665889445507e-19
1.11305414833472e-22
2.452301170652016e-24
8.065219676898515e-23
3.737486339795446e-18
5.94356681951648e-20
2.201350993764473e-21
1.2997441226695398e-23
5.57125024862363e-20
1.7022216802278925e-27
3.994807095324322e-23
5.813959889298039e-25
1.4044990266499912e-32
2.5747509947813776e-27
2.5016997383306276e-28
6.955362116668457e-25
4.581349641734221e-27
5.363397934811483e-26
2.0028117694909994e-28
2.3041628741029083e-30
7.279687475142762e-28
7.648333274507763e-25
1.027670970498616e-27
1.1935080759667609e-28
2.8878303982393813e-28
6.211736609545587e-22
1.7840847932059722e-27
9.311746829069187e-30
2.7068525019198534e-27
4.290458984284713e-25
5.168405413576425e-27
3.6931041952573034e-28
1.8187273752552525e-28
1.731330571126537e-27
4.681206714392493e-24
5.977676883333054e-24
6.068398821632667e-27
2.6636975274112458e-27
1.655320165913166e-24
3.64817328361944e-26
3.6228234864515175e-29
1.678905359610826e-24
2.279865558817078e-26
1.9394422609643417e-27
1.3355528683243283e-26
6.462344004684221e-28
2.656392965691789e-27
3.280627838451764e-26
7.848284888168543e-29
2.2587933291619304e-25
1.1264229259735076e-28
5.252350862671767e-25
8.36214628227543e-30
6.872661016306068e-25
1.524461333922358e-29
1.4440868882721337e-28
1.1141841953322609e-25
3.4674980202798843e-28
1.0874514716727808e-26
1.1674781524052112e-27
4.590630748844574e-25
2.3500310613519326e-25
9.432363035082976e-27
4.246375973129689e-30
4.1072579513670705e-28
2.2261703356446235e-27
6.215892739290066e-28
2.072765620189017e-24
1.831021380362083e-28
1.0250534445994656e-25
9.927575054198066e-28
5.040296707676323e-28
1.4711801372773173e-24
1.3823530752084398e-27
3.1996935669409237e-27
5.852820783051644e-29
4.714730120104341e-30
1.1030775001603806e-25
9.951014214384306e-22
1.0666424062438434e-27
9.75501027431101e-30
8.791313158300854e-26
2.38726738297799e-25
3.582044149970277e-26
1.6428466876614373e-27
2.410910317984335e-27
9.281740763405885e-24
2.0719194729479083e-26
3.760177191724588e-31
2.9645044299352104e-25
3.9986786751545016e-27
2.621942318288163e-27
7.128283038506765e-29
2.930076812069071e-26
1.2155008586763531e-26
1.662600430522355e-22
2.8668665447784858e-24
6.506121237103405e-29
2.417340777277877e-28
3.020124774112294e-24
5.283309300290456e-25
6.774418677155695e-26
2.091651273409573e-25
5.837753159168991e-27
1.3600082919185202e-31
1.5239527440944663e-31
1.864775050549396e-31
6.182160361581667e-32
5.252768739938956e-32
1.4862848209010077e-31
1.2497321391271613e-32
7.061138569190568e-32
3.2954482177791346e-32
6.308475066168005e-32
5.782482759676817e-32
1.9349539319568537e-31
1.5543408836155541e-32
2.1780342260783872e-32
2.882967228229859e-32
1.296931157239921e-31
1.795648467809611e-32
4.624157132230331e-32
8.129284462486285e-33
3.26386036999576e-33
5.534882832082591e-32
4.6967444348413746e-32
1.1504351971749027e-31
7.887814105726103e-33
1.8971808827491336e-31
2.084176903195467e-32
1.3350507889900475e-31
3.8742568271954553e-31
1.0334291657924537e-31
7.991909314703717e-33
4.7393993856996525e-32
1.7564156621838812e-32
6.748874062755994e-32
1.338779805860673e-31
4.6093334361758166e-32
8.268952928709545e-32
2.0504556680364695e-31
4.500065274738389e-32
5.884823599108457e-31
2.1356789091954814e-32
1.0236939738187918e-31
7.392092892377577e-32
5.013205271333747e-32
2.3080079714304853e-32
5.616647900331489e-32
4.3222041345308017e-32
4.547440597819416e-32
8.076358501602553e-32
9.081021170551943e-32
7.35358186340472e-32
3.332202567825707e-31
1.5284061336850633e-31
9.492932557285113e-33
4.098658469359246e-32
3.865537365282098e-32
6.394129324648069e-32
4.2337293211153253e-32
3.283705000625942e-32
4.6660553796619474e-32
2.0252716067495914e-32
1.1616594265218137e-31
4.2893292485524405e-32
4.465804250166694e-32
8.799041027245693e-32
6.168613615430957e-32
1.7689928312684965e-31
9.196158396884657e-32
3.6713300975386174e-32
3.2958603040175314e-32
1.195774623858906e-32
5.318837258630894e-32
4.055580953524657e-32
3.855564292946182e-32
2.154417206443094e-31
2.3466040756637572e-32
3.5887669158785e-32
1.0984438843733999e-32
1.775134258546405e-31
