2.7089989359882446e-21
7.55729865361989e-21
2.2098046262786022e-21
7.170603964113142e-22
4.0053046921207855e-22
4.715203958095743e-21
1.7395782343824458e-21
8.561187922357573e-22
4.3048888373132635e-21
3.891756411323513e-21
1.2914783877220182e-21
2.9063926699594284e-21
4.13483089630608e-21
2.8021380048045974e-21
4.086862584089084e-21
2.209660892373228e-21
2.2577274938361713e-21
8.3704691941033945e-22
8.105023116603067e-22
1.5058550602670665e-21
1.5205211439148927e-21
4.1482155170462685e-21
2.525143114191946e-21
3.417169101179438e-21
2.8329056155054746e-21
9.428420328141402e-21
3.2254513702634592e-21
8.670394673806787e-22
1.5631054177690536e-21
9.157865285679806e-21
1.4298187527902629e-21
6.076248701916183e-21
3.567312109846453e-21
1.1739963297847234e-21
1.4885664088029587e-21
1.9927278241077087e-21
7.977025485319232e-21
5.047760860031503e-21
3.420515152750785e-21
8.58661751649453e-22
6.060987562826202e-21
3.799586361477874e-21
2.1253548821863355e-22
1.867907798433339e-21
9.027858115234034e-22
6.6542803576125906e-21
8.917989991135023e-21
2.5233550121633295e-21
4.751685969245715e-21
1.2322938087293725e-21
3.265932576461361e-21
5.275402262552404e-21
2.4517223776947067e-21
8.071547848144643e-22
5.770110767076967e-21
1.9029452836582283e-21
2.358095125513451e-21
1.1360813989174846e-21
4.843007649681068e-21
2.7560303388097345e-21
2.60278681826173e-21
2.8951144689001376e-21
1.9507276953970608e-21
2.114627837584217e-21
1.1504366880712332e-21
1.7901169657128093e-21
3.5431841508669395e-21
6.144791567821051e-21
1.737518477858615e-21
1.190891534030502e-21
1.7521011739278862e-21
5.867273791648977e-21
3.7273106952374996e-21
6.7623829791701805e-22
1.8114091631071065e-21
2.341774072529545e-21
4.604934343783653e-21
1.4988934899707036e-21
1.4150401978408238e-21
1.4838135527935655e-21
3.149068158513107e-21
8.054587099918723e-22
7.12586156033835e-22
1.6500520342298106e-21
1.4790384250985184e-21
9.761823283814719e-22
9.48898138286044e-22
8.240882432858814e-22
6.119888914052053e-21
1.546339060117426e-21
1.5238684769211063e-21
1.9131844634641607e-21
2.018514195882771e-21
3.733682864435134e-21
3.176260783079948e-15
3.514577232525172e-22
3.154177319702725e-22
1.099566086643402e-15
4.102964037640142e-18
2.8710165687876224e-08
3.776016169006109e-06
1.490433359311998e-10
6.119205742915846e-12
2.521090577232521e-12
5.372019302377669e-07
3.5195996081076424e-05
3.929072375264576e-07
5.808293272776952e-08
8.799045067092117e-07
1.1527828467483245e-10
6.092481602043097e-10
1.2280315715465457e-05
1.0795461615723553e-07
0.000596493127219496
1.0292570680655552e-26
1.462355610353305e-24
0.0014011517581571367
5.057061587156345e-05
0.00012506653383414517
0.0007101556411253339
0.000783774371828258
0.00034676140461001434
0.00023480316851906002
1.2229682330230306e-05
0.0005080069583103501
0.0006917070325118763
0.004513660688451487
0.10016675862453717
1.725832285595396e-08
0.5245293608053367
1.0266290866203462
4.351313551386187
4.049621642496918
6.459343756328434
7.602401418148994
7.489864144489076
10.610327650937338
11.92150896318541
11.698095689011742
13.798664523727053
12.26179412182483
8.793199835064256
9.819440782428568
10.5502701349861
8.860195718976259
8.63663046968598
6.619660645780174
6.388355170777085
5.6647069937199666
7.22052198526779
4.35277755122907
2.9808716476711026
3.408183695550773
1.986016491618236
1.7636195911969774
2.5588381832045615
0.9080567538965179
1.5807011143252478
0.5824130526890778
1.3121598038078286
1.9961904073828087
2.3667614568146216
0.9628350252673441
1.0935104787036565
1.3094902797906465
1.4582711639190218
0.7889152089999263
2.5385392321344824
0.43773342831662765
2.5772250137681043
1.0784545664833094
3.0244069643087776
3.9716833086981636
6.256659192175922
2.0196112065551826
5.516466626687163
5.664214756360968
4.446174161935436
5.733720597659877
4.571200399112621
4.327876270692821
6.398368728332112
3.404482802330818
2.3685552559408087
4.181184514803811
2.7307252443466887
3.210615746458897
4.026903337256804
4.047314134497487
4.608904521011975
3.4337704160523947
1.8829996559227957
4.767478796498136
2.439672369292183
1.5594262283792575
1.2860318704950493
1.11745670156361
1.280719987938225
1.673832349391571
0.7754596581899511
0.5796816171701628
1.4033225346507998
2.1215542584361438
2.4399730397105888
0.6922145908559351
1.8916209211790889
1.1976981794582349
1.9420745840678388
1.602899055314673
3.263457544008041
0.7745104438794502
0.5910521656107854
1.125706995365783
2.168832515125775
1.3042407475879758
0.48094976643263004
1.7971839313268096
2.7221004871371846
2.029354351983917
0.9725832899248635
2.02919241099364
2.3057915608919717
2.5904202687047593
4.773745436648618
4.186980421063158
3.3162194681794226
3.8808239496817962
5.44176258296583
2.5033281993719263
6.376507100163938
5.661300034756673
5.151896100162039
5.386804990923024
5.234596056253946
7.983545731531564
7.313518916266903
5.448730317949589
6.380476904414003
8.238869737104142
8.055351568316208
10.14599169886791
11.000227932836461
7.424673831867325
11.763635746929399
9.581015861717383
10.605529455677202
10.41755539812879
11.950709106687494
13.10931444130858
13.995014472713876
12.604643065863359
12.781515657909566
12.569576404813315
9.170699723846624
9.856075982162617
4.462729351152054
3.783390774109855
2.964409552125148
2.3238511977443457
1.8441384115910568
0.1169447523977243
0.3238998944289314
0.12963890037480072
0.26761927309885325
1.7376980036192797
0.19997900983356517
0.07430107533191344
1.45119938508362
0.06510645916973416
0.10864202034074977
0.3841295399242236
1.2150604691332754
0.5291627847272612
0.5245648046662088
2.471408298511469
1.3603215156315664
3.0602406508743734
3.108957669215902
3.2581230151554252
2.5086766579945863
5.802549730500638
6.083113158173313
3.6432741927261305
5.478880649385895
4.251794188004406
7.266782435778429
5.555818439303023
8.424154369204228
9.635037099682684
8.807749633873163
12.334911037415948
9.890578619369565
9.790721505718185
14.959273925758083
13.342995073792299
15.500695946533881
11.858793606361743
13.659891897703726
14.678274902812458
10.95550919302519
14.382956042371049
10.779258841849126
15.116394294160244
14.914115022338228
16.19824157811876
17.53070156738186
18.0674880810524
19.705282421702666
24.722699056352585
23.751526875422712
26.424898936830026
29.620413199360843
27.174896012665222
30.160550839009865
35.74822029179197
38.30357374457019
42.54176125027233
43.965520885859526
47.56135270337537
53.88234208600936
57.458563126317905
63.07635191775253
66.25289014780415
70.27342035659328
71.15851942936347
71.04691000647748
62.84965636848075
53.84998753034111
44.656397822425234
33.36704080751575
23.87921923091753
16.495269052474708
15.148654995040435
9.492609063048713
7.242892293542907
5.159095810858215
4.1039926448623
5.325173889929263
1.7829775581329796
0.5959317010683766
0.44804026768758115
1.3923183976454017
0.14997239507146617
0.6764365438740815
0.0569383708529811
0.18343032723222447
1.162903370455453
0.07841024334812428
0.42037756897129747
0.052647069801891454
0.002387760549977372
0.04626512606539084
0.04754047631902995
0.6819323514928488
0.23489574281360803
0.23167510761001567
1.0940942021430258
0.2492401461790416
0.1172587229916371
0.005122326391125168
0.3153615336742155
0.693994911945873
0.4958992585609722
0.09336817698361484
1.8294262752153112
1.7303392246759643
2.240228398720054
1.0135970608321623
2.0910294639771556
2.785557410796559
3.4580252422420816
3.336663343035178
4.260079443841816
4.970361348415988
4.467468837040991
7.135676405867344
6.3565238861932984
9.194118387503535
10.851797523960176
11.925928430163838
16.487765935014092
18.155336526846153
24.56967630109466
22.802348533871417
24.38642637667627
30.205231896722815
33.38720081307939
34.06345234066905
40.586904571461375
40.77330977942537
47.707060039556346
54.727417060153954
60.50203212523952
68.94009870741003
72.52100635181208
83.42215775903993
87.20826267671244
90.69793434032977
99.0516801896608
101.85997646519603
95.74064531402543
89.54738958422676
79.981404397873
64.62968965263549
57.825465634844456
49.81270343912772
37.65717817805109
30.852550772077564
25.961498519232382
19.659783627555463
18.120331291513878
19.4399510290169
15.291044078341638
11.87020552924178
11.47789199910834
16.10804931927099
12.90586282026684
10.469853825767666
9.79049278644141
10.054917787932759
7.740787903213413
12.522064654150057
7.975958780677204
11.104362264231913
8.040822735482484
6.569831027016185
7.020898150054952
4.575836916647141
8.511382220619257
4.435408701547913
7.702392863601961
4.921683344114805
6.787411263810226
5.797963274317157
7.532878331420679
9.77242984893274
8.26199340158955
10.477397412435144
12.059854623899794
12.319974216293442
12.169381001639312
11.170059620402917
13.044319725827316
14.570295645010056
15.380795178642895
18.47511053782543
14.991658225405072
15.224661588510022
14.864635715855064
12.42728466948118
12.79172093521215
7.904681511925056
8.303882641209409
8.235522914437684
5.2769707946782445
6.960756323055338
4.670296932179996
7.237944000908045
5.070783041926683
2.4385342209935965
2.9242982330611427
3.6002773143836806
3.147169088084007
2.031687332062286
0.8801153622782655
0.4192675961918607
2.070272188792816
0.3654197509650554
0.640297011309831
0.001152412296893866
0.10496252374078331
0.35051005140122654
0.07177785531189591
0.09319473763436477
0.3541185301500228
0.5096338341887388
0.18298178291808287
0.08877527595798872
1.703484329482935
0.060066277112458176
0.21125173449758347
0.21779621765966234
0.24207657688649956
0.4302251568772626
0.15889107924237048
0.18272488572506407
1.82703119244438
1.1345401527972405
0.5021724439179456
1.7837374619700925
0.8312681453911198
0.32298904309861903
0.5823980276495567
0.7263480260858954
1.8799214180653696
0.722155583061096
2.2855793795164834
1.1466498687841449
1.8780206608081036
2.4348053055830645
1.086970503745163
1.6714320161732394
1.4388064831943734
1.7647546466212527
3.438983399354332
3.2208398556571534
3.948074136358948
4.1547866673440215
2.750771521557529
5.803947308972469
8.348173289999083
6.880992719171406
4.334248481407499
5.991225463562947
5.461496735983298
11.072085471358408
11.70522542966102
11.565980944394012
10.843748047483409
12.636152636344224
11.414525469605268
15.003849852818158
14.99664700236794
14.516835887704087
14.334470189587638
14.587225579869246
18.236004433067585
15.40421177536526
17.402552397012673
14.829749310297759
18.894929033336425
16.15008570360984
14.795313132111481
13.73338494173351
14.626915151474256
12.052810821152809
12.695829300649253
11.447586879316948
11.637698666126642
8.762612336090125
8.703727822759475
7.35047452372612
6.946524245903029
7.224447610448737
5.123789867888896
7.444028144015947
5.159537902824961
5.140970096816941
1.437861232212068
1.0874278422608432
3.260133735875587
1.4938748866484692
2.3766900923089116
0.49518308588957494
1.3690525423248778
1.3553180298313747
2.907556009737737
1.7340504809064912
1.0338343473878968
1.9036246790716933
1.6645503968449897
1.5481942037185672
0.21312316695668665
0.5602174786150809
1.8051019631151217
1.1235435232433413
3.6166843596479166
2.461444230733621
4.658956803238695
2.3376973971429003
2.9075020032312393
3.4792393629543725
2.745187873620864
4.427067158108101
2.4379708918448513
4.715699647473493
5.675427132904437
2.7773328506332455
3.5145991728412116
3.8800064421271188
1.2644222406344965
5.444744418074357
1.7020640831077396
2.4002869774944036
2.5031746154901113
2.6197497424721092
2.7946450432700525
0.8453885496235635
1.9795813645523632
2.0642292555646224
0.5033413197890606
0.2300221618155362
0.6023420302761208
0.04743484135602238
0.21303971804617272
0.07176450671663186
0.07129603249555475
0.033902220060497625
0.12323099673275632
0.033876414221578076
0.009045840238183127
0.13086652731890405
0.7326710404970983
1.1548329672178836
0.19385426106979006
0.03456876099917744
0.12358100149215975
0.001109839936207922
0.02363035244320818
0.13181158246998673
0.6170259176594227
0.6526951919198338
4.039443073796275
3.166940591755323
4.1802822795548815
2.5682689443503497
2.2580028640642738
4.826767387765843
2.8564258197847967
5.626697604966467
5.54956681653174
3.7344818070567465
3.586366813082105
2.4183027156998307
4.366392006019538
2.935163070042277
1.186837850089192
0.4409072767428075
0.23279279623238008
1.4396814062191763
0.007095128920750954
0.06347410130824191
0.9925886825223083
0.35072029148006734
0.5428959171797514
0.1908118192237559
0.41406158813359545
2.71688968637466
0.48466011465808334
2.8047560223359103
2.534115010775117
1.1567546090706597
1.823902470523143
3.535303371134417
2.51649439341741
2.5070765202803083
3.907864922327685
3.0643371217279505
3.8320271066616796
3.1694614167220085
3.010642515258217
2.604295350873386
6.241431686023301
3.1495051472376074
5.95842026235139
6.060649274091068
7.587541687510209
8.568384795128493
6.71756810002273
9.213762803796596
9.881646586681802
11.155023973424337
15.196926610124379
17.279627076483493
17.6322483081511
18.538466514913367
19.452470716836192
29.87999084801377
33.313142407439166
43.02399542320642
48.274543059277654
62.43604789889363
68.23204582735987
79.2082171219453
97.12065633692093
105.29562274693096
118.11414302992095
137.5608577760373
154.86443371103405
174.13453994806835
203.9723331159127
225.65973225947053
252.80228054823493
281.4999695719291
309.3347674700694
331.7102290341597
331.38445772160054
320.664572643076
293.50885357224024
248.27479980769849
207.49161889395666
170.44643323920852
139.7251819025933
111.75864892320064
88.07820986094322
72.52267883197031
59.18565629656754
50.22475622042413
41.051646490642526
37.85681650904895
31.04779671202589
28.670449625940694
24.616796543905014
21.088748831281293
18.442555619099622
16.596317080844894
14.240407771211993
16.10990790348285
13.246124794359783
15.045031666475394
10.46698276540769
8.163438428079484
6.6932596517314815
7.749201867105077
8.831630425498929
4.79375051106031
5.816288057597292
4.096708900827525
2.3496976865832346
3.456790446276354
3.9049461355098174
3.350034753034608
2.0618702441242474
3.4312324957426905
1.589511440030294
2.5133283345195654
0.4360160162737017
0.15090223751100051
1.036603113876148
0.059181648389080785
0.35968245487297784
0.1967565093558546
0.030709570670581506
0.16162824839506335
0.12141965235691199
0.9735588807869309
0.06720848308477266
0.054924317816911025
1.352672646750548
0.3308616019287327
0.07065852893429549
0.3190052281763848
0.21610609838082148
0.0028209488234101484
1.0494816538261704
0.26053439295691816
1.1005400009007977
0.08618083204728592
0.45817799744720294
1.7316979751167527
0.18266789915152357
0.3123507813437723
0.3402369424270575
0.2472439998509777
1.8533436074316365
1.050404191727968
0.3590962646024791
1.7642092278723078
1.2857179367132907
0.6754935142607014
0.41043825132833983
3.7998745732638044
1.1353406614829027
1.7893284556150768
3.584600144527326
1.993667306527331
1.809069395353164
0.5225652053780181
0.5824493153131279
1.6518692888190742
2.3434322466277306
2.7257748002702327
1.3424749298218583
0.07655947274654412
1.5367025550724205
4.326575182400557
0.98023760967388
1.1625109802699678
1.0888603982546767
1.4330186118076496
0.8262062655619907
1.4629318397577722
1.4393191009148456
0.8362781604481622
0.34566937841793777
0.4737010087398417
0.3415027751797127
0.8152053606278832
0.07759673859303834
0.1289794087995545
0.23604256390812775
0.2813415377723158
0.10886242915392756
0.4630690140959729
1.074533617185802
0.02206683069296815
0.024397286684711292
0.3676456430222972
0.06095931633044778
0.020673602531843624
0.007547621247148806
0.03539071439070063
0.18931087199814706
0.037476260022735776
0.04429435537703657
0.6053239259333607
0.17764233460306067
0.09427860950359356
0.04884582421383353
0.05452475335692976
0.06542086378262561
0.1360044604623856
0.39736386143427255
0.19025903527674026
0.7857025383180304
0.16545647621042825
0.015285933719493296
0.00014385982741125302
0.10196338791005073
0.05761021116211232
0.04198615412539711
0.03843340691065071
0.07934596126008242
2.902233103820354
0.23934690295832461
0.309788029224184
0.015004142718152315
0.5355191410002721
0.2668043700934276
0.08862194670819695
0.22774068012478277
0.4336926844006252
0.5953273905112275
0.5412768634703025
0.08336572714809663
1.3337166224339643
0.43749939087864986
1.6213462945563313
0.03829496128116077
0.43257087907467423
1.321214829526913
1.582940622273414
1.499446622455667
1.8874970636698671
0.37120338435145406
0.5726238859386809
3.2188427320812276
0.5038648608224762
1.6739840903770464
3.873410200648988
0.48678412252603254
0.6240606799616645
1.7652753997363118
1.7494967006872486
0.3708426478181188
0.6512385238154843
1.764710981943712
0.6684431274804676
0.4469790075472581
1.3781493549064305
2.4760722289663306
1.5500314116423841
1.2584775457779604
0.8020380995567229
0.871919729936754
0.8163179482358442
1.1863059038275956
0.2579639560246611
1.3715771366207565
1.6703682613652686
0.7335504519387
0.44447251918553726
0.6463568139073613
0.566456131293966
1.5324571651245245
1.730410404189799
1.3613141986079411
1.6027122685269075
1.377108318166122
0.7560984631871616
2.6791860555723748
1.1809210453009638
1.8106162347958954
2.249860591595539
0.8457100418839236
1.40188526051073
3.656376309257455
2.6955509325104634
2.7958879201263325
3.333909301374722
1.2297675713621308
3.230450728277738
0.7985315509990352
0.9035003534738691
1.4509516994257947
1.9430113817953616
3.6394934000631354
1.8433028883599674
1.9488078060978717
1.9797344955260923
2.519813023147711
3.9168684310165154
2.541045379954063
2.682767840828101
4.295713019121188
3.074698648567925
3.7621391022544595
3.6399323552804774
4.096226023066461
5.5525862175981215
3.8709231264501796
4.443407963270268
5.246541021140244
5.863654500128823
4.928268105843674
4.134166298733264
5.3973920631175565
5.9695100921613165
4.325908928001836
5.367304505227039
5.828175001973354
3.9397560096858166
6.644463213882002
5.359986848363499
5.396298508750407
5.347837094455657
5.937258346803646
7.648244433069741
3.6125805443138503
4.211297152460386
4.272756987211666
3.9096862775322263
4.427106611366176
2.816444540889898
3.372025401108296
1.5568008510971527
2.9419267666812967
2.188334322013746
0.5095476576415423
1.444004304479614
4.017448740132295
2.4234564418575553
2.0501275210342516
0.6379141640885165
4.196097330970512
0.6878480885752799
1.0738143258989805
2.6945916328929282
2.048252690854974
0.5639321088270876
0.3618340251575287
1.6869956216940778
2.6597913460343836
1.1550262630836368
1.4174693761484638
1.8187009931420446
1.0036983159096944
0.3528965881677501
0.4159632588590392
1.428741123126551
0.39560599499872895
0.1454114481815902
0.24545409997937678
0.7659121453573511
0.7537864535130679
0.4391360828364313
0.9374149113750796
0.48285111338102493
1.0092930840146739
0.0769219088325775
0.3753302777125173
0.21320413030186705
1.6475987407122594
2.178882338954837
0.5326996208936519
1.2680896274351763
0.26791848663827056
0.1591002161514454
0.5506606519701253
1.5094488933940473
0.4891577058567561
0.9002212688031841
0.9061079076424771
3.602501514257435
2.135151076643623
1.6284018786314738
1.2113554968937517
3.5341227460559055
1.3209126718076938
1.9295244316959463
1.2075788513504322
0.9175560230870159
4.038188249475332
4.364256095317876
5.3121087786502645
4.613965057649445
8.561542543285727
10.646116735111338
9.694582470016842
14.574566873257657
17.85243838689957
15.275041805197151
21.27475078757242
20.965232258605777
25.16936188005028
24.85408774597544
24.973171127667424
27.326941022649308
31.379403757769712
33.78652045504792
31.16471127094962
28.78140845478444
28.82425365843878
24.202151479462543
29.07142520640359
24.9369856184371
22.048552202295195
22.93932725167532
18.125400929926894
14.818110872141146
14.727281575505188
9.853647075476184
9.092489906386538
11.46085075781979
10.333435849168595
7.818963968949136
6.335262506080845
5.3377740702973835
5.059405053004624
5.677048389870636
2.9451308532875347
5.337360089484945
3.983185252382617
3.625189607359871
4.618279149485742
4.336164718679835
4.584895847432092
7.8171739685077934
7.001218720147493
9.66663614481097
11.636422585480204
11.452321998901787
12.59588281701786
13.694532122519117
17.972570274045246
24.1450201878071
24.646640114529713
27.203261293579263
33.29508758291064
37.83247346539208
45.476874793561755
51.02800606333952
56.60811322985971
66.42221392674595
73.21829295535801
83.65170122951247
96.28503460239084
107.0234297547516
114.12836129458329
127.3476206460906
141.49862049253062
149.16152797045993
165.5023946091002
173.3071471648774
186.87810320256807
188.1666795706382
194.23940570518351
197.4121145450517
194.07561680859973
189.30340529592638
186.76231925499016
175.558875837985
168.59555865588388
156.2140568249005
147.37068822754998
137.02029370707845
126.24905306179852
117.40995539418134
106.40214604747243
92.83280410762143
83.92472438136913
78.6420887048055
70.30602916679648
62.82797400540149
57.06589789985126
51.12423242453549
48.887942268737795
42.145548481272485
35.809186710201665
34.692861943575735
28.830240892376608
28.90781557666115
25.987113412100292
21.04873654158502
23.122298563965774
19.66122967138667
14.464358690383413
14.405920044268974
12.399901688944333
10.248187109118128
11.376909893703376
13.325141656598563
9.470226966466413
10.465415264965545
10.11272908946542
8.041457100083942
8.516308670821449
8.22000618073134
10.734845968816867
6.348306130152268
7.634392188782621
8.624491813633282
5.795285268419302
6.330041408994703
5.7257291771316785
4.4117597389221315
7.1029386239117684
3.951300642890819
6.241744101470681
6.88868657142982
3.8389513734768603
6.704339848873026
6.254231989091357
5.963766992557967
5.666074210960567
8.664155893201526
4.619354596789582
5.301924398444478
8.551570551212217
5.584860566050558
6.800832704420355
10.574775207815886
7.960071119574129
7.181526684796909
7.43602705925445
9.631572552729327
8.174085812107512
9.748616505365892
10.95341894640235
8.442276239750473
9.807125702889294
9.532017744611556
11.173137201244
9.37075682335167
11.794358636594152
11.840322819571172
8.023377704914639
7.822079472342814
9.884481889330523
6.786283012156179
7.034461824295195
5.933450786213726
5.810326338195767
4.410353761900511
3.7100306296110466
4.59169569398739
4.790337797804332
1.3074087682262234
2.4511613453944068
1.9661144084901765
1.1891603888927333
0.2451911038150166
0.03145345289037978
0.2103974933190902
1.894935092171513
0.24396056732070856
0.4560135693096406
1.6888052724890825
1.1396109942258539
1.5622710317724355
0.9355378179604467
1.4921956274933783
0.3868251229779228
0.2823895587883688
0.9697207093037394
0.352936165296601
0.30339851540007934
0.5996401888110817
0.3916488804967135
0.10055018829632925
0.9234884720001212
0.015943462334215716
0.0534135810368694
0.032864771754035474
1.6762547199354503
0.33034238999285903
0.9029531330360101
0.37508062327854275
0.22737305052032525
0.27704368619650016
1.1711998452205818
1.0426046587524307
3.3629327516846987
1.8779218600594958
3.4706096124111054
1.6433234151126643
0.8142402161706723
1.842736746277151
2.3299567717502794
0.897944259924234
2.418873759876161
0.9086973990774406
1.4933789082968842
3.2044957032263004
2.1662665392190514
3.282403836594467
2.9120326350013968
2.048050215833883
2.408798110316243
1.5937107113213236
4.741068361752905
3.7153185939426714
1.6000511042805698
2.856021898468888
3.9366425913622396
1.0586694839021427
4.362459934341352
3.298684530422811
4.142844508020262
6.5309646389350515
3.713246032320749
3.5712539119601057
2.7512948128061057
2.5427348014320734
2.826937532880137
3.3147987069316796
0.7477566782262005
3.749045911819725
4.822384031798517
0.8455880012904045
3.2191038214667294
4.85060387999814
0.9709695987184934
1.2124081851957067
3.896359762053615
4.719720025140584
2.8795767102155407
2.391059931329558
0.9158863045622877
2.531537949396246
2.9319247285453285
1.3147600854874293
4.185742777861655
3.365343096456807
1.3550674168438006
1.0691321895877448
2.9347504934602027
1.0361426894217693
3.500459257287997
1.2654017019377288
0.9384905988085877
0.35575529886712387
1.1447513765873312
0.9580793593719104
0.7226451304534116
0.6504250699324851
2.5028940286066725
1.564161070362041
1.2355339229066977
1.4507954397046599
1.7544528732668248
0.18173073303287468
1.3360960057036297
0.3093397486624071
0.05749686887686487
0.5135005360234637
0.39349214911787656
0.11143895297323289
0.6518361280813798
0.4514304161322015
0.13135714879738825
0.018045321340883203
0.3421136241119901
0.1600995879730077
0.07030156989659667
0.21611812336637146
0.0005772513365410002
0.05563137829611795
8.137135849957433e-06
3.267007657723312e-06
7.321150418855899e-10
2.586272421241991e-05
0.00040107368280871327
0.008460136466016743
0.0002497034999596047
0.0011034033072055793
3.9762154128038155e-05
0.0002611495533035312
1.794665843896946e-05
4.217413057949857e-08
0.00011735929536062879
7.915134354220289e-05
0.00021684382573759493
0.0037054998279504267
0.0005343337775205341
0.0007347010393957289
9.539474555841724e-06
0.0014754844896564974
3.4372502435436445e-05
7.146730450314923e-05
0.00015155317845702576
0.00015162158670086959
3.5336367790413132e-06
3.8256427640944513e-10
3.779857186297667e-18
4.6256904901028105e-11
2.0167858767346117e-13
7.169743513838023e-11
5.492506872997833e-12
7.290077743233604e-12
2.7070996663236413e-11
2.5754486084474963e-08
1.6266248643628012e-13
5.776927180213716e-13
1.752366118006649e-15
1.4983207356892273e-14
1.4170917929407328e-09
7.00866569293403e-10
4.771312493047125e-15
8.706969079537741e-15
2.741225750129691e-12
4.302142588763267e-16
4.4714980956436555e-12
1.3828136050263733e-14
4.07224193599209e-11
2.920994019908203e-16
3.271713403648039e-09
2.7074043362719486e-12
4.2251552945775494e-11
2.705746318940371e-12
3.981406631262818e-12
6.1300068935799555e-12
9.730104184392814e-10
3.7367466346482546e-11
1.0824473825700038e-10
2.1420303052131335e-13
5.214699110846055e-12
1.7256038254091541e-12
2.376161345843291e-11
1.142560687656517e-13
1.493494001543875e-11
2.473756290694918e-13
1.4741009256004342e-08
6.565859972076872e-15
1.9201800642525852e-13
7.36722951473333e-15
7.971560454787761e-13
8.150121644328305e-14
5.343130935689247e-15
1.4962350530869947e-11
6.162056675087587e-14
7.860078053970137e-13
7.003408278988633e-13
8.199806248227279e-12
1.8584563510205273e-09
1.5734785079704507e-13
1.7206089949050308e-13
1.25461162605721e-13
1.1223662917128285e-12
2.2676130078984858e-11
9.948210252277323e-12
3.720814107210852e-15
6.22621884299113e-13
1.0245371784666369e-13
9.663672615482571e-12
1.4796004927252564e-13
5.027706856920815e-12
5.4453412785203226e-15
4.3412853575300773e-13
5.810707969673935e-14
2.8698863272214525e-13
1.8005041407171038e-15
3.0923288530784974e-15
6.192424788353856e-13
1.606764894328449e-12
1.3402284413973542e-14
3.6513164413095184e-14
2.3713412123992938e-14
1.6874430296521238e-13
9.027099347953399e-13
1.5902683425122176e-12
9.12777302009323e-14
8.149736206891271e-14
2.0515909831637395e-13
1.5468976767615986e-09
2.2899494217617124e-13
6.948518784834666e-14
5.075813125912185e-13
3.4288653299056077e-17
2.1280222423529448e-13
9.498175004354182e-15
3.874909309822453e-14
8.893118391914088e-15
3.2519064098599235e-11
3.2179914100912316e-14
2.4020168136534366e-14
4.402054535515478e-16
5.240616046613051e-16
5.705092181323236e-14
9.53675970732782e-14
7.180166625923191e-15
1.1044256854174917e-15
6.198838501969555e-14
3.3305209570644022e-15
4.768284454805301e-15
1.175107809057936e-15
1.6045603674956317e-13
6.576334181673226e-16
6.721897093422342e-14
1.142164458288664e-14
1.4586641622039911e-15
2.051676760260466e-15
1.3424535145033687e-14
3.661438402898722e-13
8.004834727501871e-15
3.662276339589017e-16
6.9009569799427e-13
2.3655607498915407e-14
4.380791403722447e-14
5.084246010724103e-15
4.1093166651853994e-16
9.01023785523401e-16
1.836984626504817e-12
8.192411078448303e-14
1.3488263950842337e-14
6.914306879343481e-16
5.2038617163334655e-14
4.137174927063526e-19
4.319636992554932e-15
4.785174586397682e-17
6.30725681368548e-22
2.4359219801016408e-17
6.793825659179682e-18
9.606953657517309e-16
3.64471513860909e-17
1.8725330399544938e-17
2.9260716036299345e-18
1.7429768628211586e-19
2.825775071332706e-18
7.73455752381211e-16
5.168880236875102e-18
2.2209609667950354e-18
2.268355353030003e-18
1.1056305909092236e-14
1.851454119482657e-17
6.060243868576621e-19
1.9262334004295257e-17
1.2100771305139963e-16
1.2717301729435148e-17
3.5272906029381264e-18
3.857033865409877e-18
9.796371471439156e-18
5.228015912691382e-16
3.0754702371225166e-16
4.409638670053297e-17
3.573727763414634e-17
5.318443615324982e-16
6.752839924491444e-17
5.97991557501264e-19
7.964464859490532e-16
2.380771736362382e-17
2.692049709928442e-18
4.4131357892643495e-17
5.138893552201546e-18
1.5709768119250466e-17
1.6167343199932092e-17
3.0467651539677854e-19
1.9985092137213614e-16
1.3824135195170632e-18
1.1956444327435482e-16
3.813123526627879e-19
6.738799650612086e-16
4.498865796189387e-19
3.8766102005319573e-19
6.964676867263086e-17
2.4609825025610784e-18
2.654797548521932e-17
1.5902367170290918e-17
3.036372225918193e-16
6.38540998381781e-17
6.961605997482071e-17
4.865617233970528e-19
8.218512600238957e-18
1.399704751307487e-17
5.3360042918450364e-18
1.3117660820243178e-15
4.900365770593081e-18
2.1502770707306166e-16
6.930969072795942e-18
3.1571127170451803e-18
2.0242847161297553e-16
6.897009009953377e-18
2.1910324875713252e-17
7.694968098345199e-19
3.8085164613977326e-19
7.537407199998098e-17
2.2695089761344242e-14
1.0105322514629404e-17
8.247864298300702e-20
2.6188249346623773e-16
9.033759797326871e-17
8.619897610080716e-17
1.7832006472671895e-17
6.160220075141725e-18
4.11519153986512e-15
3.177124440041066e-17
1.300206286207091e-19
3.800660435421253e-16
3.559248086407867e-17
9.059039487538046e-18
4.578479871396767e-19
2.0205601871600742e-17
1.5129582596252793e-17
2.1089905094760165e-14
6.176777212440425e-16
3.0334052525088124e-18
8.255517736421925e-18
1.0009290105883146e-15
4.395253071783337e-16
1.3811596975721386e-16
1.3213104509699735e-16
4.161832792660683e-17
5.2751060032148906e-21
3.3497281419987842e-21
5.8879510396651695e-21
2.1184518835477303e-21
1.220720838773131e-21
6.149726834128091e-21
8.422192275676061e-22
3.080958032307687e-21
2.3928230165531435e-21
2.2205253410462984e-21
2.102943314670277e-21
6.0644333684792164e-21
1.1054039714511474e-21
1.330711915735857e-21
1.399744078648784e-21
4.8283654448891346e-21
1.1761314044863513e-21
1.7835306372986423e-21
5.676824011010946e-22
3.6785439502383237e-22
2.5412391253884497e-21
1.4334398984856678e-21
6.38197598048716e-21
4.705044695928862e-22
5.226635950446755e-21
1.2005000452845159e-21
3.845022636414874e-21
8.424521986399174e-21
3.2430585827595505e-21
7.9525793131227935e-22
1.95843990108077e-21
1.1753858471993847e-21
1.3824004034203086e-21
3.718309035040554e-21
1.8341244229839947e-21
2.2566507485947292e-21
5.4598210741214924e-21
1.6450818650771577e-21
1.089972483507107e-20
1.401119386614565e-21
4.269969624864731e-21
2.1812832046989668e-21
2.4715659079901877e-21
1.0583400012972125e-21
3.0028151852262803e-21
2.2245847085634787e-21
1.7521271075289613e-21
2.493835620511641e-21
4.124579978982279e-21
3.0918952615126593e-21
8.688776104008038e-21
5.303302887885799e-21
8.058313210383015e-22
1.6249198722437512e-21
1.5934139325700089e-21
4.218563508787648e-21
1.8571579144390216e-21
1.7970022695511287e-21
2.2210452271702736e-21
7.733743192873559e-22
3.3758687789581384e-21
2.4901417476478644e-21
1.3879842027551031e-21
4.361104370489616e-21
3.0573645528317025e-21
4.479667840054879e-21
3.5782816830393644e-21
2.5135866019836435e-21
2.417075066996564e-21
6.04756085333182e-22
1.7923715963523403e-21
2.332027648656272e-21
1.8269014790363135e-21
7.33020637542952e-21
1.5524654228881382e-21
2.555216943939118e-21
7.399583294909122e-22
5.4700525076961225e-21
