4.3259625279186284e-07
1.1820951142105969e-06
6.86043344574858e-07
2.584144780110437e-07
1.879806225897584e-07
6.58496107546756e-07
3.8145096346477944e-07
3.275595696716522e-07
8.352085453870993e-07
4.1719803257051805e-07
1.0859909419348357e-06
3.5552082188709365e-07
4.217842050625102e-07
5.812340981251674e-07
7.65471990167806e-07
6.60920754792848e-07
8.641183102663626e-07
4.2426737111909005e-07
3.6817547776620516e-07
4.4009720346160563e-07
5.188332166322347e-07
7.500383935788603e-07
5.144516090643422e-07
6.945233240287269e-07
1.0186424976187025e-06
1.0094932942289107e-06
5.800215038026081e-07
4.371576845552884e-07
4.940287737993684e-07
1.0737819856050561e-06
9.233287402674843e-07
1.3204462021481592e-06
5.85863647854352e-07
1.1079778907879955e-06
6.700286136902473e-07
6.698845828223387e-07
1.457330658396334e-06
8.422675767113151e-07
7.583197816982907e-07
5.885624869430346e-07
9.735208231846931e-07
5.268155198666921e-07
4.2242735745759483e-07
3.488590700158619e-07
5.378673502785397e-07
7.893345443255504e-07
1.2822903132855112e-06
7.657733873009279e-07
6.767978381716559e-07
5.620770881773108e-07
7.473119680833714e-07
9.004042250388352e-07
5.598191566262378e-07
5.945555838410421e-07
1.556930870912939e-06
3.1684121847959476e-07
5.747583333331089e-07
6.232140351825789e-07
9.054127494600683e-07
4.514591030377088e-07
3.228599483370219e-07
7.041879781072197e-07
4.69172938296964e-07
8.173379787933365e-07
5.298439640224839e-07
4.3595671494550417e-07
1.1639487382660157e-06
1.0421632385930673e-06
7.667560244003383e-07
3.984192797051873e-07
7.092067516414413e-07
9.451081434610533e-07
7.469469091277629e-07
6.91492929448938e-07
3.197856619133464e-07
4.629110968771967e-07
1.502145934855632e-06
4.208316306298795e-07
8.313359357920655e-07
6.352805531771991e-07
6.197807060401304e-07
3.3092153220411054e-07
5.784480266762202e-07
1.2394711116683735e-06
5.282072699685127e-07
4.6502263841066117e-07
6.875701512928287e-07
2.8774656251857383e-07
4.574626189588624e-07
7.23757385786627e-07
8.218892525955135e-07
1.086344325017163e-06
1.0528913159952888e-06
1.3759084066163743e-06
3.6293868175672146e-06
2.1657870616049357e-07
2.2736659856960821e-07
1.2705306884879576e-06
3.080332002197356e-07
0.0001615096734787912
0.0014381536009066512
0.00021706686220900203
3.609508200952278e-05
6.776022197890151e-07
0.0025752591589239425
0.0009739159406502508
0.001123016067926794
0.0013001154669945406
0.0008730851265598529
7.990828279826167e-06
5.691925172387842e-05
0.002474735058903401
0.0006449538875286983
0.002440681659352578
4.154213914805614e-09
1.416933842495914e-08
0.005337985740704583
0.016155416907472558
0.006653470823644058
0.008009878826293601
0.0029752661488527945
0.004510225821211416
0.0022825144703801687
0.017494479838401897
0.015709421772226617
0.0067886191253778505
0.04151414475370209
0.378520102639769
0.0030078107461930423
1.0793125868755364
1.8220580727809061
1.3308417576777394
1.9997574446366158
2.3291967486064142
1.0468953489665955
2.845331318760732
3.030701549640784
5.1341198494332625
3.40432214918796
4.190034745206
4.63734225763933
4.537582446362312
2.6859120238656744
3.181298085309658
2.197078557412872
3.708392698439188
1.4892477997316447
3.2575540971639403
2.483646667916522
0.9067895030330796
1.4177669288071986
0.9818605509440894
1.3664268634868633
0.532980674446333
0.5245975615678924
0.14375195525464565
0.2874995915541612
0.3460677445168865
0.1751879401529806
0.6885971583154715
1.3883908062971473
0.66864210677865
0.527269599359692
0.7908470712803951
1.2463144377679953
0.9343108174935675
0.8526457385444032
1.3929408633626321
1.5846121870061671
1.400906225174177
1.1516609587008966
1.4908003359746829
2.116888268703645
1.6551673695300584
1.820424754194723
2.406356242422025
1.968442759826811
1.9586406891818622
2.9968364662523506
3.04330031559807
2.925337500163251
2.5181926597266506
1.7049474948028955
2.5460408177557956
2.2651277528562273
1.5643516268436217
1.8571415489833625
1.7414712604936167
1.348407973147322
1.139426695954082
2.2122391736269567
2.0007975160996443
1.614760017886307
1.606375153345541
0.6433296679488878
0.9517457036669712
1.1996125355855676
1.0723315600340377
0.5284747882643995
0.6020894037743763
0.8165548601667416
1.1972791290898812
1.8098725609129254
1.254707926386499
0.36311644326476233
1.3933835422276308
1.0022091569082927
1.9940984377025541
1.049069714635464
2.0478241432889055
0.8195617739428803
1.8573754738744608
1.5741700219749135
1.5877330102306788
1.5036225287187315
0.7764692901433495
1.2112776438534412
0.5485114276423069
0.7619498754066854
0.7236380542248535
0.5622168951830039
1.6306745253062451
1.6716950818684764
1.882576129164388
2.2214685447106457
1.1760046508975737
2.713292915084572
1.5949414581031998
0.6879564722858791
1.734413293570445
2.7540199362847035
1.8724013400783182
2.40444937663694
2.1097768744190324
4.8564762761233125
3.2754937308901804
2.9680586277471135
3.8369911388299593
2.607810473270797
3.112055145741499
2.988178450006079
3.028047781718273
2.592512538108476
2.5483721489729465
5.98554194818102
4.360202458287163
2.2274577507696613
3.9270336685663816
3.9365156040442524
5.523291934772108
5.400055208401531
3.449924015715431
4.214438341744771
2.299669117696065
3.728577846199571
2.312420465452498
1.926571518075456
1.563072357167403
0.8812599037811849
0.8012592219318205
0.21407194282540923
0.3631979311019785
0.20544785534569565
0.39095854156022575
0.9213782731466293
0.2880788848299881
0.38487782671427684
0.48787470451316595
0.2904458726493485
0.3623826157910948
0.45424710453748135
0.9904206869634694
0.48080885889525515
0.5356365804264864
0.7145032207679055
1.27309763392415
0.5290796558527716
1.5918319809715382
1.545114780798871
1.371152467265393
1.6445793243182785
2.5560401305424407
1.353874148063458
1.9520122205819261
2.7211931846619377
2.920630352249398
3.0412258938547234
3.3777130121358794
4.469932430350954
5.491767180164999
5.376013339909786
4.390885975946624
5.415524768362395
5.459353823507849
3.7026787148633216
5.598232033349496
5.919634265339485
5.156546958516053
6.207599182048886
3.494985062672394
4.89192420164534
3.7709900790085937
4.0509848628339
4.863942770189637
5.609655223966148
5.09929295429281
4.39108891446534
4.609110858634869
8.242351258773036
6.372024920436352
5.9377580032665085
6.745966759813205
7.770679387221269
8.32031437714929
8.459653489194881
9.143819488187551
9.183480977716519
10.833027157562336
13.361213766298775
15.511280958570177
15.284086191230674
15.24548758261404
17.39037426935777
19.495045395781595
15.595730142774883
15.174941622117828
15.777831807607473
12.1881128725326
9.763826708122535
6.981446281704414
5.140878719765125
2.6725912021856155
4.086315619564333
0.8898237587138991
1.2475820969855775
0.8360796923473545
0.5859725108008583
0.43907534661863856
0.7401019389468406
0.11369032773464845
0.23900575812075955
0.04261921263686521
0.12945598292480157
0.31410454161029033
0.32316530479628935
0.13960675098364073
0.3065506107182899
0.22354308010752416
0.4711887693719829
0.08884343606891894
0.04072556132437146
0.07196971369673531
0.19112866616299107
0.3149997339943942
0.14902072914355008
0.08134566405404106
0.2740175185451564
0.15188752184083634
0.15546899049309232
0.3166451840473428
0.34471852375977263
0.2579184463107992
0.24745680984804547
0.19491126761892869
1.0478550335846233
0.47048943042892616
1.1045933811980373
0.8380461631207163
1.1134292932018623
0.8262223750548489
1.3737918059856906
1.6541662012552214
1.6789442422311363
2.719672486807205
2.596390750856273
4.150782817464041
3.497991094291279
3.800381037016859
5.4398505143269835
5.089846882764627
5.293387896291042
5.623602983260329
8.16471269549833
7.53512394504672
10.759336105896137
10.811276308015097
11.63277325307071
12.064994235805356
13.019373662637273
14.133951663628398
16.19319603201701
20.041217897633235
24.485150072951935
21.73068806711428
27.30545662065697
31.660049464829918
32.99013446936822
29.964284501056284
34.5948366653533
36.617002645015454
33.42765831896525
30.257463994804137
27.056008934010062
20.970210118334705
18.645310349876873
14.829635675949497
15.363455097645168
12.872569658474859
8.335567143393417
7.2971822391952905
4.596073904970567
4.412170131897302
7.592766114254582
7.14494820393529
4.099783786384015
6.816533781112961
5.387106362465835
5.70059783279741
3.8786908385604173
5.403867897324994
4.114104597070008
7.257749959557077
4.551809104076452
7.185477047047696
4.718723049101796
4.390669657089397
3.6005828845929186
3.5678800000801494
4.482774206780337
3.259038872057839
3.4820863081262363
4.143065575333118
2.7377172477882845
3.681059394877733
2.9809753251939095
4.248386377099594
3.6383909363796056
4.098806231450469
5.215389999369156
4.97092515630517
4.207720396655555
4.995893808109188
5.189445781124643
6.589630682241689
7.545818262105447
8.348244596839042
5.549449248563206
6.063956580869259
5.9701695356609115
6.257370447910517
4.681792583404772
2.896275442563787
3.388563493738905
3.0798899784776106
2.1862514165120848
3.1383891747156683
1.9761953864382653
2.3232609522759713
1.7682150534056404
1.4463427456946591
1.8407513321147009
1.7059295138513417
1.2234721284489836
0.5949183194846812
0.3422236563557268
0.7232966959545128
0.8240876025687917
0.4602602168896176
0.4357754668903735
0.2010063249439562
0.5813186946968406
0.37063243818534297
0.7203943354445652
0.31527094749237666
0.3925746196198305
0.2581699221064764
0.23410641647856767
0.05563679714911619
1.1059050707380973
0.15951274911924057
0.46372111096627255
0.2765023575837172
0.2321899834593937
0.1006018907937422
0.29805973440033345
0.9760527372471478
1.3412236520661627
0.327611398595978
0.4548390569963874
0.46174147154011647
0.3791465946167246
0.37917874329982937
0.3746457040434672
0.07783014370043519
0.6049643894226975
0.13131476592602492
0.9995483726149943
0.40606926477903893
0.3003250370194938
0.37145625871235144
0.42758654936509843
0.7525903727004521
0.9589745144842818
2.286820706278998
2.0986539019633423
1.1100624073444234
1.4870409823431643
2.4333946461901386
1.703253259942479
1.9454149145805097
1.9833301059096833
2.296786136336884
2.240892673693972
2.7260924672005595
3.0866980302195874
4.185288591708337
3.9834536999164385
4.458798136330825
4.797409425207524
5.563889412647002
5.253396242222083
5.522434508318505
5.980054523460283
5.017348797079332
6.712636160671
5.758156848528253
6.527766970197613
5.057991335934892
8.418811490889833
4.571115637338814
6.170644861497732
6.6668250208990685
5.01093471487725
4.107876088271019
5.155343216840534
3.3924123902568395
3.3879329598171375
3.7282522812970287
2.2723285601749135
3.0211030098404357
3.8465640602027102
2.30524411269351
2.5613666149066168
1.8917510229551424
1.5523605066153396
1.92831175044565
1.8037066063537417
0.7187532663941599
1.0557832239656366
1.1032971777025564
1.2377257812594156
1.3591280457658583
1.2164330358029112
0.676999081519981
1.400422379522926
1.4278570473433865
1.6422372941479402
1.535095919627902
1.0954169415185506
1.6728854931595776
1.0166159870801992
1.6908320206157073
0.5211261384842382
1.0803212989874866
2.1897687253991935
1.2103569578677793
2.0092327504982306
2.0553443397576783
2.055955687808589
1.1331974615886005
2.71976517400843
2.394378890629336
2.430839354008462
2.3156679219323335
0.8453414007362643
2.301452450913284
2.5211491987603036
1.7003056380656092
1.5982131083809206
3.254379979399128
3.121805449761335
2.115578525436516
1.653286223066928
1.7499015919972463
2.2866784032520147
0.8393485647557228
1.4377068462728984
0.9690387536884615
1.8929631972678094
1.2702332714774576
1.8266828796883214
0.8970159877167222
0.9369527573746348
0.2021018586516118
0.07780405952049388
0.2622839542627379
0.11515185022859845
0.517469380383124
0.9528400374264383
0.4994708281148336
0.43710539371244417
0.32797212528790554
0.27223241577186547
0.3765250204442624
0.23349036976524362
0.06198958220355088
0.44114169834387285
0.10253322068337574
0.2045658008917548
0.22325045373683272
0.21855562938385895
0.1322987938323506
0.5774850959965376
0.5205733604619698
0.6074916480629456
0.3312863660096953
1.1669875723401142
1.3699580620384149
1.2123799488409515
0.9418287533326866
0.8070390680677375
1.3094405961955597
0.49191447941284916
1.0837175838328004
1.7213233198063767
1.0496356992033427
1.230801874603029
0.6336762342929475
0.5494475995841518
0.5609074017947561
0.07748830671845666
0.11670240575670042
0.20180067609350577
0.4924349425517318
0.5168295549356636
0.4656571611537802
0.18369211469605007
0.8518753400453905
0.6656106438539039
1.0089823691806032
0.4909241679850709
0.7344208603658546
0.4256516511803188
0.8100387927866528
1.2141378700092469
1.0105517881363502
0.8289649394780947
0.7308146056335304
0.5585979130798648
2.0823188829048016
1.3927094092943029
0.6472385659785773
1.6801722214566992
0.8159684267721726
1.3709499609270008
2.2157400642282807
1.7882211797005352
2.1186192053584074
1.85586846329683
3.1560846955492083
3.0401329314088845
3.065266476586503
3.0249516818724445
6.855082350551346
3.2105041181061447
4.614329130505167
5.632859446930675
7.01420666110958
8.254207885889306
11.992522977172014
14.623593861991168
17.579462568442644
19.827875745798035
22.962170447145688
26.721509001388508
26.944191585218363
32.154003543145976
38.60615758989749
43.3866479076121
49.403763604709255
55.340783456865914
63.052336363483064
68.64666579520721
79.48211253253018
89.44244794768481
94.32602638028422
96.20702911028737
90.21374217010857
82.57996108215227
68.62636316407057
53.660306148985526
47.02540437918288
35.19464746638638
32.60423292713982
22.7498717826218
17.12506319101361
17.407091324152915
14.609136825157469
9.450278201810336
9.764298320542064
7.115265275131286
5.592567620506901
6.670272966658229
7.532372693625826
5.743615899484532
4.337887162044316
5.391283376574426
4.7776275426917225
4.440942177205133
4.270381791910349
4.261970213795094
1.366475297873801
2.3678876498431554
1.721795852957959
1.7969232299908788
1.548848840800621
1.5229174043149836
0.903305467434398
1.1109016094174893
0.47458325656466416
1.4333936055060517
0.6216813895242469
0.47080543007981673
0.5395132617008717
0.17609756855471403
0.40386724186970596
0.7001454357166443
0.48562223012819405
0.3340316980365686
0.07240852457164755
0.33053058270591296
0.42155643785167285
0.6348697591168113
0.15066210638835204
0.14863303675731138
0.3739767342955047
0.3444833065362727
0.5434433072567749
0.6765720950685594
0.357759566195196
0.2231639265499612
0.17615417635146602
0.5729456417254954
0.4411962837457454
0.6600281808169636
0.45574058581498716
0.7112275062796433
0.0827219121961544
0.7544087185952358
0.8027147404265679
0.2740051114904519
0.8592273092190245
1.0305021143458561
0.779259450668336
0.9514052316297823
0.7077590944254838
0.464996815669721
0.8678455079309585
1.1306318106982152
1.4286252758324383
0.9366677136884207
0.5867546863540779
1.4600186420236698
1.0055956142643023
2.758974849504974
2.2824129369286688
1.1023516003416198
1.20208105816973
0.870927158733918
1.2339069739770354
1.5210193534697896
1.6138556206836947
1.4757063153918262
1.3306757630681276
1.5611618542548718
0.5947991363253534
1.4322917334913512
1.3446103844279726
0.6260489245211914
1.2676433432534597
1.0715176620346145
0.8280859394345914
0.5985578669607803
1.5698724262186878
0.4072307905975051
0.23026633263038265
0.14178702811767382
0.43027599615763057
0.8029558015141419
0.2955406100245918
0.7268944071950543
0.8363067523572645
0.7486294553044229
0.32054814484088323
0.33490023614040104
0.26330040289609646
0.5665393892786813
0.5467452579260289
0.2702977655676743
0.1852997849661526
0.33308690612928055
0.3107771304258727
1.2033547417216934
0.49167295835355207
0.7351507760319541
0.35100890806773327
0.5273893051988112
0.45919247633198856
0.38413232410252257
0.4067127812945226
0.6586282852061666
0.5936954174784608
1.1665361878707057
0.266798946424259
0.6307051979352021
0.49112454149735685
0.18763582023281175
0.3603183796426983
0.7888932952091229
0.8124372418003476
0.27645866270612574
0.2823776465053169
1.0478807322046473
1.280986092396057
0.8260794369075313
0.798133027491274
0.8174056818158243
0.8100729981546291
0.5526390050736439
0.9942957636964473
0.512704856092768
0.7829663249000323
0.9111390894072376
0.9766000038687374
0.6325069292907708
0.8485356041205124
0.44185187588354946
1.0028033365650095
0.6618246562976176
0.6292051825609472
0.7126641520854241
1.2576845222972373
0.9109973891383112
0.9314116222595481
0.6736620690647452
0.6532821672912994
1.7687463020884981
0.8742625537097569
1.0879058387542182
1.1615942463609539
0.8076945729215216
0.8204375378111352
1.4046880925385674
1.18098796560786
1.227194477521199
0.9305029491096474
1.4419080771143047
0.6965535806683935
1.4915605457976233
1.3924209421740283
0.6817421097729753
0.8881721683926063
0.7270433120815073
0.496067332077856
0.9572082472290485
0.39470438525037643
0.5796921449654238
0.360730519145411
1.0087048076620182
0.8641984490336109
0.9140196390938824
0.7173285583105623
1.4357903190525787
0.4679479459285208
0.7704530792075337
1.7462932686126957
0.9052514143193353
0.659580971200009
0.3506485242447211
0.3513105965808735
0.33469280274343155
0.41654419786366925
0.8716265301619249
0.6331885990746579
0.5436436080922266
0.6788088280173111
0.2817231103519325
0.7101166573808425
0.7549742061278769
1.8180534395896493
0.3683580352505623
0.7921631280487752
0.1985099201995846
0.6412362568234067
1.048008553068343
0.518219968308049
0.8077007673446893
1.394898601086817
0.60114731185412
1.3184797595114797
1.5505347468055402
1.4993953369126796
1.6575049716002797
0.5775091453969263
0.3222418327800063
1.2095092132983558
1.0692477473789577
1.722349667919414
0.6339533154328866
1.7898587278756721
0.6751017480775803
0.636063597499921
1.6070664578405789
1.787940480825407
1.4746048536187517
1.4334033583855585
1.2609385249440102
3.000474714218285
1.4469253539741662
1.021467544394601
0.7421821991893869
1.8044360371488128
1.5753277371853265
1.49545888709211
0.9301366935418065
2.1330520179195758
1.1467799830822252
0.8573021943588527
0.8854794151115803
0.4586350889213483
0.8030551523973362
1.3808945741445555
0.9072610525311467
1.4915007188756286
1.0981611457552367
0.9766090991676594
1.0283766912323358
0.26535078487020314
0.5602785809158998
0.8279130196248529
0.7635221739379112
0.6829690804780115
0.4840014007319496
0.9877494313282521
1.5380379536931794
0.8225177751273538
0.4105701590443205
0.19398538773799512
0.14114887539218166
0.29110604257767125
0.384969923310077
0.4982435243857838
0.32845806149886936
0.18714656841698632
0.26286806377703853
1.0016925323014088
0.457615692559069
0.22545679242437935
0.3206983185469165
0.21374520822785031
0.20885573008859923
0.09032605143814716
0.47344492569062663
0.33719836288682054
0.22870000436836938
0.12167917933397461
0.24486826933129452
0.3271886706834971
1.0750470282718574
0.3188079087572561
1.0959654128778171
0.4681669302851814
0.23835443063454817
0.8269380292470235
0.4180700550805976
0.21676365104762624
0.12720166912300832
0.3302037396056187
0.22351941827232824
0.3370810587424383
0.4533936106675128
0.30307335763893567
0.5180477794444467
0.9136300327529733
0.5554017649244795
0.8775951535600476
1.65217088549252
1.2803652349856236
1.118456297851505
1.0960960924996475
1.5527308178874224
2.7189964615339486
2.62174491403988
2.7308750794724728
3.707609452153851
3.4389512310866275
4.541618708285358
4.171344733357967
3.3522018528238853
6.53160911943413
6.417179390066758
7.255635832878316
8.686314155630651
7.948142156335655
8.779513841549685
8.658441285084992
10.118321592297026
11.126647904615979
13.694130904094775
11.809902255922827
12.762559613658743
10.062578525995074
9.886966570128903
9.53943579020022
10.796595127542945
9.936067815260955
7.524523705871083
7.890819866503437
6.938714209741424
6.157505043001431
6.065862645360069
4.553909877717326
3.6726481867694103
3.1382070449747577
2.656717051915018
2.8808517673270133
2.669105247860255
1.7566189014592908
1.255075521910874
2.0525617971212675
1.173818288867397
2.011134465875302
1.0082717450492364
0.7730384456855038
1.5342464156217102
1.3423218489582216
1.7317778875914696
2.1641371901297553
2.2038458042315434
2.9463962915687243
2.7695561234329498
1.7994586438478413
1.4916991421017047
2.401269446535397
6.670456376622561
2.776164724378025
5.018686405977848
6.42396799970407
10.072350019467907
7.822869316236301
8.487962147014372
12.281908513580854
12.46178115945467
13.663456356728378
12.769131801359292
18.34430693351027
19.897430879428814
22.170722501662418
25.093021239213464
28.414401218447914
29.791586593911088
34.22487076514404
36.30023770445011
39.394070050192404
40.51424610127439
42.052424724410166
43.1482018991798
42.43334909368158
39.79182260106363
42.259986015153
38.7859018837718
36.847511844128135
34.07199456251563
32.04115168379834
30.485885763381166
28.317297819702045
26.12717921114265
25.484089827767473
20.920793156812184
18.32612171166147
15.28759457601973
14.368378070487976
11.208253473190181
11.83318874769933
9.895735658440218
10.2237502037089
7.585981975491487
6.930921450875834
5.363837726636439
7.1250505448945205
7.682229854874138
6.018059300441375
5.383873597267584
4.714592471344852
4.936189328674612
4.481920171359511
3.496644488522485
3.0951823131416454
0.7773903424870521
2.588704936820281
1.477038707579089
1.9305522065151073
0.7644104121945355
1.252396286852943
1.4299851767688352
1.663308778149397
2.7940522612943055
1.650413186748156
1.4128333330697809
0.4451836680908423
0.2122432380770329
0.19706618996451203
0.7455891146064025
0.25771625360820194
0.2691003729550134
0.9921329405962722
0.46049982269483425
0.3716639220973939
0.3878627284271062
0.36374598971167676
0.3994954972753439
0.5610926267392078
1.0445243204781554
0.04615819365612325
0.4048762702425558
0.5909708270308835
0.3607377512381903
0.5861766008395297
2.4321554869607076
0.8940480402412346
1.834633254235944
1.18784079925108
1.6166303019684853
2.3979171821646355
1.7523775228360483
1.2316625751596526
1.9940412822135494
1.376413820227759
0.9309248912664889
1.209009548820544
2.9814550558897293
2.554055628468497
3.7685062544818035
1.4956933588208976
1.3416230919121142
1.656861008017361
1.1039738573463378
0.6495175234626297
1.1776117163461055
2.784192896046119
1.8452788495814594
0.6625475897354994
1.359807812787048
0.5228899800976144
0.8657997464534406
0.544978936076415
0.6425914714175165
0.6359592464075319
0.5876735639063874
0.5737252467842934
0.11888330918766855
0.11713886370107263
0.34923073177251635
0.1825395054729013
0.34474743591349344
0.5366203227121829
0.12706011838110814
0.2612591465452194
0.35057809782753574
0.3237576376498109
0.37511133469232183
1.1299819159259004
0.3833224107722725
0.43602578410939163
0.3010841024446417
0.14905902810875823
0.07592772557734687
0.1614484337008718
0.33803241411660556
0.11184217106371638
0.5215893120535297
0.4811922188842675
0.18793047527939838
0.4921706259983396
0.9689393469756933
0.7011518433465116
0.5453214351960692
0.6595698767553283
1.068098510722886
0.8832202185835787
0.9819938979912618
1.2610842453522286
1.5105280763820907
1.9834452029928629
1.6863709712269372
0.14834037094667374
0.9590776418447609
0.6441954244000083
0.9150700984248072
1.4660595751795378
0.7113613836270114
1.0315454477371218
0.7926472284653672
0.8925127836055351
1.2579856816964814
0.6388998293572313
0.8295771529116511
0.8923536084144114
0.9482198462197484
0.7319999786061684
0.8460158072864075
1.1970374085691524
1.5382955333966157
0.8224865801121205
1.1044791060142256
1.2415293847275453
1.8780678457768052
2.4121155352891828
2.3309300642496953
1.7707321254328432
2.5588484218173786
0.809402555219076
1.1848040864871372
1.4084984355795152
2.1840560774256885
1.2754579600786262
2.0586336267654346
1.638616359352775
1.2017303523595744
0.8849114001943702
1.6218682318153304
2.7298921205375373
1.3673755726699555
2.0307415589460778
1.087331425176957
1.1187460693496742
2.9232806992030094
2.391591599422743
1.157893092487785
0.9737554836183667
1.5211142143290641
3.3056950092164072
2.3965258468920583
2.615215579503119
1.9712643531332135
1.176332327648426
1.5819987413197696
0.4969819559092785
1.6099299932799196
1.113498970563565
2.1440034986205134
0.5201141039550242
0.16368496663972082
0.3500920687127727
0.6838071802951082
0.6795176155381564
0.7351367200552602
0.7681477079702623
0.8537055310490718
0.9151492391967817
0.8678596657660785
0.2453791401573563
0.5397860834262778
0.2687565542703491
0.2993205496742988
0.3381652438264579
0.7261699158464229
0.1682870889270589
0.7061649881362536
0.5455199016976239
0.45029017835345164
0.40929058423408443
0.6523461824280131
0.06846819926743707
0.016906070207106907
0.18909627710634752
0.012471901267039549
0.1848086507611282
0.2517893623276804
0.32189360869331846
0.0003150580384508941
0.010184478489542676
0.009740794617521163
0.04518731416634431
0.002105227080634578
0.007567028388944784
0.005252074355395385
0.01421125888605319
0.21499773791737692
0.0002862316074015594
0.006640417124168963
0.00559812374840159
0.005105202299462226
0.005051031576989367
0.006370407159163908
0.007079950975341593
0.001665797214388707
0.011333513195995902
0.019415891985939116
0.002086925576689254
0.009398006708303555
0.004582889291463053
0.0005010361873191308
2.7925244679682315e-05
7.228088725908919e-06
0.00011756639016088996
3.4346482422939425e-05
0.00010227136751183123
0.00017615994116693473
4.215261225222598e-05
4.184943028500947e-05
8.466465047031555e-05
7.431975708901503e-05
2.4464426766364857e-05
1.157278332671098e-05
9.262666118035356e-06
6.515257472332858e-05
2.5822404318490673e-05
1.0518631136287992e-05
1.2492062444045824e-05
4.532136807037161e-05
9.378997895832051e-06
1.940671067539902e-05
8.21604315104037e-06
4.6766972669510425e-05
4.8426577141503e-06
5.8362233059081854e-05
8.648488003979585e-05
4.378336059539928e-05
3.1488803637862556e-05
3.564596156391915e-05
2.336459205674155e-05
7.416875284221356e-05
4.3342888134996386e-05
1.9571368666285315e-05
1.6638566981373532e-05
2.059098727807525e-05
2.0306237314017164e-05
2.344197454873729e-05
1.2241175576914078e-05
8.798259997795515e-05
1.2683783930497479e-05
6.277686970698873e-05
4.969774333162935e-07
2.2666158615150806e-06
1.510383892676763e-06
1.029614019905808e-06
7.450371142215197e-07
8.379300480957004e-07
1.3838226292205132e-05
8.031263865408783e-07
3.4856739589086035e-06
9.491103543498043e-06
2.9444044415949153e-06
7.96512682757646e-06
2.837516499800232e-06
3.1860133779422833e-06
2.6329744221651195e-06
2.170379898732753e-06
2.5493398019007155e-06
8.956759487013733e-06
5.635082150517898e-07
1.834576710407025e-06
9.239583081395052e-07
2.958303000463014e-06
2.4142071927408734e-06
1.5153656790798525e-05
8.673535116331708e-07
1.065196648878585e-06
1.8881737205047905e-06
1.3460592319225654e-06
1.1767231159074903e-06
1.1938187427857255e-06
2.1996901073133184e-06
2.8979691686742658e-06
1.435502605043019e-06
5.3635465123714245e-06
6.871331672453436e-07
8.257686909272601e-07
1.7375988454044824e-06
3.1557682778760666e-06
9.923047181920073e-07
1.2811513842468173e-06
2.7427235528636178e-06
6.168747705088881e-06
1.3540403892444191e-06
6.432113604825126e-07
5.524732717154742e-06
3.763770337140191e-07
1.5718387343253024e-06
8.88613325707911e-07
8.38487192405541e-07
2.4085918934890423e-06
3.282221738696592e-05
1.7834161692232777e-06
6.383844994083592e-07
9.939572663297841e-07
3.498176914612115e-07
3.6435661764222542e-06
1.6652919877821219e-06
7.252567111813154e-07
8.378873114091275e-07
1.0252230740916346e-06
2.100924387444084e-06
1.0897108815518935e-06
6.094645055178977e-07
7.574057012527398e-07
1.740625515922513e-06
1.3813865961254544e-06
5.548286428893831e-07
1.0038940128009075e-06
8.86263193292871e-07
1.8822142882168414e-06
2.8317938176082227e-06
3.0861890844699605e-06
9.170067777063835e-07
1.5771887828111133e-06
1.1602026985171752e-06
8.892490463760196e-07
5.596943113739801e-07
7.054602266710244e-07
3.7997805765995025e-07
1.446230196330986e-06
1.2362032511094555e-06
2.3772666934473163e-06
3.175530457151035e-06
1.599178620728106e-06
1.9937147605766142e-07
5.8141098079823495e-06
9.817068081363547e-07
2.1220176501306038e-07
1.1229482466856335e-06
1.3488749902965463e-06
6.643392712147009e-06
1.3035442070762442e-06
4.978766078146419e-06
1.1811272807753901e-06
8.960740835091455e-07
8.40848150591984e-07
1.0225366799100704e-05
7.515035211710683e-07
2.527902281879019e-06
1.059976277902223e-06
4.7215502913122545e-06
3.89059503330018e-06
8.143474965986068e-07
1.674215564139457e-06
1.846588629376242e-06
9.483631676434127e-07
1.6406287505374387e-06
4.404593218939433e-06
1.7468172580126196e-06
5.333516985664031e-07
4.123633782506502e-06
2.7828679796710047e-06
1.4827573761310785e-06
6.4440202970382375e-06
2.2291291857764347e-06
6.603360602801732e-07
9.084337349333828e-06
1.372363727663361e-06
1.350619281921267e-06
5.893480315478578e-06
4.547782269238636e-06
2.7976549237448104e-06
1.0136225511917112e-06
1.1895644848702672e-07
2.4653743769581124e-06
3.866221378919983e-07
5.396054449398208e-06
3.520456042491453e-06
3.5798596402747952e-06
3.850574799323758e-07
4.519489420435276e-07
3.4027620073179344e-06
1.917554924150858e-06
1.1529949258475604e-06
1.8741718513735716e-06
2.352884306271962e-06
1.5185023492563258e-06
2.8304198088947013e-06
9.730815556657022e-07
1.9052063041684545e-06
1.5127126465404492e-06
3.5589832652616327e-06
6.355199140780607e-06
1.5898823770597806e-06
4.8126317180385006e-06
1.3330346481224461e-06
1.0329658801359816e-06
1.868190098480124e-05
8.870076197215694e-07
4.81424407180316e-06
1.99499683904235e-06
7.497149852917279e-07
2.8508784137270893e-06
5.368156236741689e-06
7.573928658861716e-07
4.2116758185481905e-07
1.6951014758578714e-06
3.915417626840361e-06
2.225889646420959e-06
3.915934326604308e-06
3.776446763247178e-07
2.3325678045319738e-05
1.4289420343675583e-06
4.1962143225619983e-07
8.173710143217869e-06
3.0485975434345406e-06
1.7315181129967563e-06
5.191721966654073e-07
3.198383861569292e-07
1.695279953448276e-06
1.6759610846939489e-06
5.157941985140116e-06
8.439767382198497e-07
1.5004334089820162e-06
1.738085485114412e-06
5.980697137626749e-06
2.6463196829301116e-06
1.2904940514749963e-06
2.848465661359639e-06
1.0591847699118558e-06
9.65272000492414e-07
6.47458135692205e-07
5.343890361725121e-07
9.410409179431583e-07
9.381539638282606e-07
3.007907470256683e-07
5.850842010006724e-07
6.83717681655049e-07
1.018830897362707e-06
3.803484310407167e-07
8.839471189734744e-07
3.720565472287402e-07
7.10513255838332e-07
5.401263103907617e-07
1.2157755331285143e-06
4.808242295232116e-07
9.117430383182948e-07
2.9567916564081415e-07
5.270931146096548e-07
3.8992945192422493e-07
6.688206220478729e-07
5.858572952670063e-07
8.585667804579167e-07
4.582251432039184e-07
6.344783474055166e-07
5.940162949023717e-07
8.710450485389911e-07
5.742723803808858e-07
4.902645736980832e-07
5.959192221455669e-07
2.7371087717593143e-07
6.309843291455752e-07
6.481739516199484e-07
4.493116960809366e-07
8.097584319396016e-07
1.497398299317427e-06
8.591513898879285e-07
1.1115438225437543e-06
3.7080964639120413e-07
5.628895777567242e-07
1.4894778495852353e-06
1.152282738841522e-06
6.603199964260242e-07
5.334700050912332e-07
1.019095107064793e-06
3.52590232950695e-07
1.4927701915278511e-06
5.003188244550606e-07
1.0074046590288446e-06
8.446919187999834e-07
1.682471444456204e-06
2.5522868620277385e-07
4.211837876053755e-07
4.6850260161994125e-07
8.046734995041605e-07
8.297799148417116e-07
7.293521724712465e-07
4.0868334767259815e-07
5.651006506692699e-07
6.25232670738942e-07
1.9316070626793914e-06
3.1475965274113943e-07
7.306648185546279e-07
7.464262367834291e-07
8.513936665985745e-07
6.199665149561554e-07
6.409053141160178e-07
3.4397675757611663e-07
6.790096976853244e-07
8.678109309905486e-07
3.5994015882222226e-07
4.691604340991056e-07
4.760619227805778e-07
1.0884103838079717e-06
4.0153934464582915e-07
4.524442586656612e-07
9.84698965400877e-07
