6.8131647699424776e-18
2.0658099646111614e-17
5.220166220223342e-18
2.298678737917428e-18
9.931217620812277e-19
1.0980284655404268e-17
3.3986351771643573e-18
2.857885914783429e-18
1.194782426060856e-17
7.879214260389028e-18
6.1698733664982175e-18
8.997567428383024e-18
6.197706972588931e-18
6.470023726596622e-18
1.342809201016987e-17
1.0665180847803518e-17
6.458466663948508e-18
2.1575745246145165e-18
2.5563258709862984e-18
5.445911546313972e-18
4.594812774426841e-18
1.2653624052711514e-17
4.924989214558294e-18
9.112471941713314e-18
1.0269726780961314e-17
2.6290734921310873e-17
7.855627711972761e-18
2.5219283633141907e-18
7.21090792502408e-18
4.0678928850803245e-17
7.057486813269428e-18
2.895407706203318e-17
1.1330277757838936e-17
9.226023596115317e-18
4.73989552509609e-18
6.2185126557056364e-18
2.88685293008902e-17
2.199319826489586e-17
9.35238109129262e-18
3.519212371041315e-18
1.1999038284687031e-17
8.787650161585468e-18
1.5627809358311856e-18
5.67144661783855e-18
5.1907467995458316e-18
1.5874833427033777e-17
3.6882096960212366e-17
1.1437460535853802e-17
1.0855968965056397e-17
3.899368772314146e-18
1.578081604228235e-17
1.816130932942985e-17
6.0962176137431e-18
6.150724660344765e-18
3.837095871014205e-17
3.719855666472194e-18
9.286742577663529e-18
3.8858085906532554e-18
1.407035501758687e-17
9.555023683730539e-18
4.410153441226168e-18
8.946051242759542e-18
4.680730136165006e-18
4.46746471168531e-18
4.770801099723026e-18
4.148813688207505e-18
1.51290214040215e-17
1.322734805297061e-17
5.655097470370093e-18
2.7863787601539056e-18
5.326108300824316e-18
1.1073173900440715e-17
1.1216605850411253e-17
5.230219283368455e-18
3.201963448819048e-18
4.771707974365585e-18
2.521016713439676e-17
3.2519935209221175e-18
4.56376482762056e-18
5.7178020446755214e-18
7.525208802908532e-18
2.542258169259669e-18
3.960516010275906e-18
9.225010326293804e-18
6.521935994134166e-18
4.716932797744049e-18
7.709252555036419e-18
1.4496340739038131e-18
1.3637477569234086e-17
1.1657619453446914e-17
4.4699878412695215e-18
1.3355085623908978e-17
1.201101843276514e-17
2.5496991010952886e-17
3.4463599968219275e-14
1.3261786930803926e-18
7.155241991092946e-19
9.938645845016403e-15
1.2443564175165724e-15
5.887348685032799e-06
0.00011301041379875655
2.213329043221628e-08
1.5171718925507072e-07
8.917894028775831e-13
5.076635180967179e-06
7.267053676461857e-05
7.423501963421135e-08
1.1031209952978461e-07
3.543430786829168e-06
3.7492658411691413e-10
2.6575913918899104e-10
7.508881626974526e-05
8.539152202403821e-05
5.9291539914567096e-06
4.520797483277003e-24
1.0025965564530313e-22
7.287187499806242e-05
0.00030987751422589566
0.0006265403702424693
0.0003981810771274601
5.361086451938153e-05
0.00048232310324591165
0.003442915183458876
2.937326791575006e-06
0.00010112823645440195
0.0009057632824310987
0.051244736919926925
0.85038828265531
4.551705006037433e-06
1.2729891203074013
3.146748947974433
3.0670659644211167
4.986217924001101
5.349553028872324
6.488367740089735
7.524651110263428
10.149949287092657
12.878621695719065
11.963820632864456
14.368641130688959
14.857583982589418
13.786435857557242
12.983726066991744
13.177653278586568
12.356765249373685
15.554054079315044
12.604497325159421
12.31056754438955
11.12423826552797
8.863757073703109
6.1794794336998455
4.095575483241954
4.411636616318129
0.9387186142062339
0.5583808760423867
0.1534933330976403
0.010414534575131737
0.018700851698339765
0.009027185474247289
0.534813699024466
0.4237487474264623
0.3536285506641755
0.07214733572749976
0.17556063299005534
0.2619134397215283
0.06119248461733664
0.08916425487299012
0.4954444672288313
0.1703280211163508
0.856347615154794
0.01584181070805383
0.3692784754725918
1.3941693635218262
3.0388031808248956
1.521904164890587
2.8289710927678415
3.83482781414426
3.8428113396864583
5.234267297409708
2.353907848810257
2.6718248707785968
6.458021451374481
4.079593515996777
3.442575735832266
4.177780983736956
2.789563688874183
5.3374663639589945
6.76603867454875
4.622666660915329
6.7287678630529735
5.938056784668839
5.090535802533117
7.784467604269683
5.405764033128504
1.8263166263133706
3.9572793435227083
3.8859616945846995
1.9553710341524486
1.7271446185576949
1.3116321118232674
3.2316876326570676
4.083074256457165
4.416384450352582
3.9777199941018635
3.3973360766052116
3.478863015025435
2.353143201972933
4.328085294356577
3.902034813432863
7.590378527491414
3.390375148917989
3.9489495240575927
4.258546826494934
3.8315172610882313
4.116052899803717
2.7473039006349826
4.1695526815520685
3.5607228045756805
4.29496472356024
2.1029983953273215
2.0773097960632128
4.872498094518496
4.319669082647733
5.499281827269415
4.028341242371514
3.532871042878293
5.172851288594666
3.667864930869333
2.2915066594998748
5.631888215114899
5.692134193054163
6.067065861253286
5.379747662858791
6.282108070837703
8.628763276711783
6.8227781570492105
7.256723268013592
6.3625658026831
7.237095639664874
8.98933670334405
8.035096909998728
9.38540018231609
7.66229095619697
7.689696301554729
12.663457933016705
9.237550849350098
7.843580959686093
7.90122941885031
10.239192369395033
12.223276233706605
11.984830766141714
12.253421511440798
12.4652002171339
9.627161440873182
9.735850591121503
7.89900047845861
5.1270830961645295
3.656125126035749
1.5185336336172275
0.5117387168962615
0.0070365825576525045
0.11121247554326621
0.0383558882190914
0.8263280539230953
0.5576574129980368
0.04860765399499247
0.1716991232707904
0.36714728423439025
0.1743784631897768
0.048113791562727624
0.2990514730546888
0.7147944400306325
0.4122515280088437
0.9712553400308105
2.7227035295403974
3.482131627693769
3.523930373118436
5.264208819023746
4.652552697224687
3.2719056813493865
4.978063393647171
6.189111315371872
5.339386123426809
7.066552558568128
7.544942916052198
9.516019795201172
8.563676598189042
11.761764870931085
11.903420337202236
13.386737268103406
17.418158314615237
15.663288054777018
18.27625852616094
17.808429021377673
14.973545588396643
16.900497324168114
16.14536169361744
15.349103365439897
16.560257321768972
14.156005832125231
17.354806206194475
13.526219457155062
15.871406629045127
16.50792077354572
15.611299389179392
18.725379736247547
19.28930131575888
17.326024537380814
25.93085136895092
23.558925477795164
26.424864840149258
25.94761361317087
25.616289371232075
27.528546289364417
32.413344121666874
36.82941025307587
35.73815066074079
38.962229283231075
42.75931405113261
47.656680392408944
48.11744132561821
53.242319484022346
55.057697629939526
61.08789271885213
58.576967734924445
55.82796806110777
47.803903564565296
35.54445064233055
27.996535830709444
20.111963259726608
13.193460411152204
8.753891598857109
8.630482333512282
3.4755901609938964
3.4024499074776693
2.2428872788693286
1.4003253600407377
1.7153552025354766
0.8022531178928373
0.280741018680952
0.12689622444603024
0.014904153728498553
0.16390657066654174
0.14234075055663517
0.1804213143431263
0.012964050845041293
0.10718859345905962
0.034434486961115375
0.499639851257069
0.07681357851037819
0.00010315921063461398
0.037155794975680626
0.02924284176795808
0.14298342948115314
0.09333676371447831
0.06587951067257808
0.38186535202803384
0.1670815422729053
0.1527927925992435
0.006624985422615994
0.30889342913888324
1.1585593603203808
1.1786114553227283
0.3838032077905376
2.2956654626416424
1.8799318444316588
3.3242818295961545
1.5020376092833254
3.565277540703519
2.9383552806932167
3.888168193420059
6.041876991763592
5.154411236870422
6.709133428294868
8.030031635278556
10.506594406729482
10.388940426877074
13.816000603821472
15.689958501469025
16.050558844911254
21.21125625700876
21.54349275228487
27.100624155865653
28.824700336247933
30.025991969532576
32.98256901484744
36.24533529416206
38.16573927888597
42.25761202492456
44.764840585497225
50.12100074388676
55.69100515550209
66.4762775512826
69.8651953274935
79.49945512219256
84.36026623838119
88.12318065390949
87.25941382535572
86.51800870662827
88.20857297091923
82.29184953233998
69.71689902138682
60.75680833667549
46.84878509570778
39.64880041636028
33.54011676247728
30.807022084263792
22.71485434012716
16.409150263254805
14.712965821459509
12.539991929971952
16.01083905147038
14.193747547896354
12.791468096202387
9.526965978385148
14.630739828475514
13.849338063751937
14.9799522705339
13.513144441822403
14.275923045382296
12.54931174618495
17.76014201737994
14.979383823490414
17.96527790383059
13.423532255310006
10.814630532990918
9.31129652610611
9.007964211980012
11.952213300817464
8.98444681908957
9.541351858175569
10.104455751141751
8.577485211923959
10.454485585169884
7.827888564195355
9.918514073152627
11.10833284288359
10.10548341435741
14.957252432248326
11.796700699053687
13.259753489301579
15.903666107179216
16.06633563134097
16.763484049704683
19.038461418958253
22.718456386932576
19.055153268737172
20.157290709550725
20.992592339004357
19.21738087472735
17.53579360088302
13.176636017557366
12.159798412171552
10.557776546409194
9.10569921453022
9.233407280608736
6.111546866081277
7.216014071181466
5.277254351527775
3.7347491425626025
2.9421224217044895
2.9425952285616925
2.877596087016698
0.6206643479656737
0.3305338065223377
0.5427117252721974
0.5927499229896755
0.04860440544086976
0.12345440545838984
0.013312698783337408
0.07319216242003039
0.094205797355563
0.22503902617297653
0.08658538559236537
0.06807660166474958
0.6334132403177994
0.3322948337659652
0.010268189438937703
1.5057113538076807
0.15286392234455484
0.5423560210820176
0.36850444012144845
0.1767379098828623
0.3713632529737953
0.23900244550402167
0.8564410502700484
0.8709775848423238
1.5179989146768957
0.9832304010847642
1.1316131066698123
0.17668157442463422
0.22320637612448613
0.5701522593655277
0.06625893657359147
3.375169148022495
0.2365112278625678
1.6024875996402297
0.405477276035592
1.7649857762993297
1.6507009466041607
1.3551948235230247
1.8127728401929584
1.8273042365824599
3.3809485564850137
4.264516628098675
3.655818897742112
6.572578952106152
5.686883301185578
4.7098653864952205
6.345972172151198
8.666012137017864
7.825090820376512
6.968582961120168
8.649531778039858
10.970391771728666
14.370437343785138
15.11703494236088
15.427469583319377
17.111546740076946
16.484035646930558
17.265289692554404
20.615984241554077
19.95678444540179
20.244601398818148
22.01692430525364
21.85965525446741
25.94748393577749
22.209447966284213
25.75528075932152
21.975827574376034
23.699324956979346
22.6370338440457
19.62116195151864
16.998536420401532
18.671161829726476
12.580714309064565
13.855832175318987
13.972085902481927
12.008754716687216
9.720957278859832
10.843895056290926
9.996815198243942
6.338860291253879
5.441341705391277
6.127608899689935
6.5887127756425
6.6350487438254255
4.3327461637967755
1.7751883538284703
2.6530062061913298
2.5279255584391107
2.9645666143792275
2.1828968755858837
0.7538441396262914
1.9115034912162996
1.8954957566603028
3.4011756956517245
3.9544659719093787
1.709913096246823
3.18975485486935
2.42499932918935
3.3743886710835813
0.7342496304122519
1.7962486618481723
5.314120454961653
3.951562632758025
4.971384361620085
4.029916348456922
5.59257735190725
3.067476561079375
5.899549572094234
4.012696487046128
3.608486195774664
5.373132410270811
4.982766372007047
4.9451584894380325
4.943750452292271
4.345406156772428
4.881709816058375
6.536165826789989
5.382920215008353
5.764767848382001
3.7420918599247597
3.5312972873832638
4.779997141214436
3.4058597415250778
3.0014097621843163
1.653421922562055
3.2435557225197895
3.8043604055452307
2.382401141233116
1.2619146305150424
0.3664836565364401
0.10599438946320065
0.10477834150006353
0.05068453971659484
0.04404678724067853
0.02509749673990724
0.4238285894519465
0.0910863832839758
0.017717106016611958
0.48738670446709287
0.7755694912807105
1.3872560794690587
0.2648135730765967
0.15722883725967102
0.5664208830324774
0.00028852602237404966
0.012761125765508216
0.11358177704549662
0.8826440450763605
0.33136085570124757
4.857304851277378
2.1555328079622007
3.53762417192943
1.764966990613932
2.4187253980449173
5.795939605950649
3.526474673003534
5.3933439513176324
5.993262298778679
3.583420758184039
4.477558983053001
3.9315552233245428
5.243763648469332
4.557985187087877
2.6441586152693106
1.3548188592097028
1.3475909691939425
1.9161806647154136
0.07029150200970648
0.02576713373063043
0.37265215448005123
1.0001769702623093
1.5416759346972768
0.25345546742313096
0.03935227653378549
0.8152736931647472
0.33760254786858757
1.217489996198241
0.4942336216905064
0.6684673562488117
0.2712424229377564
2.6193508116249444
1.8222282547965691
1.3312946783365318
2.207187176618826
1.1202437045569273
2.7135151830394446
3.7446116122053663
3.0248024745047983
2.2475281096244695
5.308571203487877
1.8874576800361589
3.1076419131759643
5.6050567894387395
6.758001309404025
5.316579013623456
5.414488063896705
9.255091507060074
9.25929378847698
10.029315893275356
11.813074684923928
15.41162473269276
13.15470364414501
16.139046808712802
18.38320353008223
24.614146320514894
30.15380799529343
40.043185244186844
45.98282442003416
56.69046099565467
62.99995892802277
74.09668916712795
83.10716415087019
85.26853462504674
100.54402731267834
116.33590408359454
126.86956233024823
146.63684304187373
162.38451750342682
189.46786756733448
205.0119534962822
231.70799006069237
261.8542281532727
276.0096484773678
274.9436102154229
257.44409501413554
229.1577480098625
188.3411635701476
151.41303723432415
124.73620403292485
98.7944444873507
81.70937929742071
59.58929378827625
46.71660131237903
44.971173499450295
35.207863486943765
25.607976706685236
28.114103129993833
20.75276263012774
20.060034804100777
19.624913129520213
17.291260806057334
12.713729379424056
10.372850611195286
11.227454833198887
13.585296787786863
10.315751595596335
10.097502625603196
8.39944491030805
3.461771898695142
5.032316839441537
6.420244839083829
3.9236025748056047
3.3500633866256493
4.255646603710963
3.4900421896936527
1.739343890102034
0.41860975428966973
2.88601871067129
1.4021168860634055
0.4508757669568204
1.726313633516309
0.29531241555871646
1.3555999085438466
1.2331620910769692
0.3590615446416443
0.9152749309051303
0.021036115778735872
0.13511569648598373
0.043040775266987324
0.2832603175390157
0.07664263723815287
0.17278907857092557
0.5747227997433005
0.15246633496194664
0.44873743725925275
0.2228944342162028
0.46807266792961644
0.18279035871639343
0.15045220799512274
0.08610699444290704
0.29083558607448123
0.9419284040629856
0.8384091912643027
0.8559568207138373
0.23923163359022595
1.077644992061126
2.212625113902045
0.568644093472706
1.3172287857871903
1.214856751174948
1.2906171822033146
2.068552871355762
2.5944654267519645
1.3998646134370527
2.968750211327154
3.3002984365734087
2.9502016918113387
1.8303840224910093
4.180241933812249
5.9529610992885305
3.8054222100083983
6.693687665356122
5.4981678167872285
3.2771915914999195
4.6347107294065895
3.825922792427248
4.733452270215755
3.442583320150456
5.730405333398697
4.409585293605037
3.2472697167537556
3.8199046271783956
3.256953939362118
3.521556070967206
2.5866802893305714
1.3831424256965819
2.2846294851238134
2.044738716764552
1.8672338077440038
2.263138796785323
2.5359461821086238
0.039430574535773526
0.8010637155309644
0.37023038203830194
0.535279763347294
0.10861097588105346
0.04120970139916935
1.240839501601589
1.15541229683033
0.49358053077056585
0.4281260518715584
0.10960927423449775
0.008454142247356832
0.30020341071271933
0.9021027927161587
0.019951027527798912
0.0035197188346826782
0.04848581340897608
0.03990669855971271
1.2064229327666007
0.0455255990747021
0.16280801493621838
0.2814715540017608
0.32438191973051134
0.056470290798028455
0.03370555934187384
0.05476568948670012
0.5553774121009232
0.5055358884092771
1.8418265743787439
0.10788143673838022
2.0172744949798136
1.0393316753655475
0.01611561568510646
0.029604791689932235
0.22981853341886968
0.04432658052194841
0.007037618617410214
0.02950805148179012
0.4429435869529269
2.7661159200789305
1.2207823717656723
1.0914696720398611
0.1793272769309155
0.9349952278747277
0.5756282326864134
0.7109533687175652
0.3732117858062719
0.8232768002221563
2.213738698233728
0.8880724513431094
0.2610125264347135
2.1477641265567153
0.885111354956266
1.5469012289289166
1.0810210361138741
0.2880762201899833
1.7349655340507015
1.8758673017106402
1.6109369237026505
1.983229379720896
0.4217001736443446
0.7425025876520627
3.5019310524365697
1.065878580839242
1.7799223895959397
1.7513972310640107
0.6472505537090429
0.6658535121776408
1.6800883573809173
2.6410771140687617
2.2881103140451455
0.9241982194861116
1.3688846603253915
1.7017306536712777
1.8777832028913468
2.0110888838145544
1.7405893430509265
1.9072847097005685
0.931168684922587
0.291153880481763
0.33228854299432736
0.4070468060049854
0.32713473764164047
0.14807071584674633
1.6158309726484024
1.834123440005802
1.0135197312118647
0.6982189722677256
1.9823780691950896
0.7424591635635152
1.5691848511392854
1.351522438361417
0.5788220757025075
1.7554288394031237
0.531914510410599
0.901713299365334
0.9201907365053534
0.48001670276670194
0.8129841326153325
1.6537319647655884
0.5396189806418473
0.5148471420088997
2.2077746667283327
2.062910157870465
2.1165129495389494
2.5502035426325707
1.0092824487527636
1.4690668027893756
0.3445905525485537
1.2674100778313497
2.7356969111372327
1.3874556684919206
1.9975550591380706
1.550426411932677
1.9730180622355953
1.597021915361679
3.3822383785978682
4.416047250140325
1.1762541868082967
1.7544290458540572
2.7848553809905736
1.3988832473347315
3.179375027316298
5.285766936219956
2.423857165818874
4.572521613010603
2.248399728556319
4.692633813697495
4.447708915736476
5.889310802519053
3.7212834439205253
3.858481973758222
4.0176850041795795
5.345603603066607
3.820465606318823
6.197532722912055
3.7099098968431132
2.1501207350102165
3.3232346655022353
5.881807668813501
2.9606436835723327
4.07152050608852
3.9129801496322303
2.9524851202448956
2.5767552099368456
0.7275297383698899
1.055310804291247
2.5438140598857846
1.4109881689555992
1.8158500311380408
0.6653182081182177
1.134407410676692
0.9317050853947767
0.633605849189471
0.15615552098163238
0.2911440876515826
0.598510702841559
0.8735680265429836
0.18973904797798188
0.17168411298307096
1.224280638045632
0.7112201343739379
0.3771287987240838
0.43310805193775453
0.09188845591522116
0.3004007042223361
0.061415033026289076
0.1929578168633248
0.14906455522408624
0.22876555096032583
0.1111919997688281
0.7349300525909291
0.216572475742721
0.03708938875866689
0.23921573720365144
0.4545602595583014
0.3521844919137958
0.009765915915384088
0.12687203900078078
0.22180065949074285
0.15926943171723792
0.1210400384975011
0.9099742706071109
0.8336125898318125
0.35185432027232016
0.1057993234397657
1.5169524968834927
0.5461634432452814
1.6844268135884137
1.4241356712480757
0.33545022498571775
0.17638100509707294
0.07660242517681284
0.0436873300597052
0.3402594452376398
2.1993446281657425
1.1642189319154959
0.7302730301498752
1.6712164986164177
4.190916751053823
1.0432828969625223
2.009255396288337
3.407039338247969
4.31265944987063
3.541838218106424
2.248548998073523
4.77307296429755
5.312170542061943
7.608171955697952
7.599508678173782
9.395487739112623
9.29895777585014
13.052173301455213
12.362326758571944
12.340687450003314
18.811798571907353
21.752103997222562
21.691034049416142
22.73616642328112
26.34812640248575
30.05245763129092
30.239367716357187
29.535611392346258
35.85338049133828
38.501610637067216
40.569598485030454
42.58084979509613
38.59746975523612
37.068841306297784
35.74264508674105
35.76822801243211
30.826181049986577
27.561057026715492
26.615232386689645
23.83653136353751
21.028429436729287
18.99584538385861
14.67977408166842
11.434505302599995
12.531858813867805
11.416812488122178
11.560472934517344
8.4152812539389
5.916322947231288
6.060786035170779
6.292790914445988
4.483157144377192
5.910652209232537
4.0329304169643025
3.1319621724719595
4.943375992891191
5.313797282205278
6.081442828796491
8.385242078978619
8.338382995970877
7.991392538892701
9.702345053553074
8.624147833013355
10.273847739269927
8.992567116552644
16.31940116511709
15.11820802584048
18.192574522306078
21.603821579353937
27.24858897942929
27.479435669559038
33.556581613425564
37.2367130249899
42.05905374772459
48.15702560655041
54.381914712143235
59.13116957709315
71.8783357366038
79.11559682985626
87.73936031480159
96.76609049496976
109.64264030872015
117.8950619745392
125.84966284829814
139.8900889188467
146.2115572377
147.1978891334758
153.85435111723257
153.09024730134112
146.95542483669223
147.2185085729046
138.69863533775992
131.43830144399618
121.42911108296754
111.37628460683139
105.47993885496335
94.00916677916129
87.37575840905006
77.63842377099961
70.28636341451242
60.69473992125
49.94395851440119
51.88844864040699
41.800935212319274
39.78667155262214
35.815357956597474
31.13102585500055
28.312428140873195
24.890424599392563
19.56530383114689
19.371296518488364
18.569087029566766
15.339096068799334
13.970085590503576
11.52131747322323
12.450734293831053
11.301214955237125
5.956937676015202
6.665570403004787
1.256803247174671
3.9997351153132183
2.4118752480445034
4.54435213189922
0.3624667725952514
1.4208241182791885
2.7895522112902946
1.1883966340623966
3.5329399756157844
1.80238279564885
2.837241212986635
0.18719109440537973
0.20068085267445485
0.05752358937998835
0.034758405895160334
0.01608116460282678
0.11042318617963498
0.12737650916436316
0.00799472645497497
0.004179235262964991
0.013406067798015954
0.4139680475980021
0.027519286375432647
0.07614896999233045
0.10441676388787421
0.0021943129992619405
0.008001450437525457
0.8824903380714378
0.0820004526429936
0.02071142389408187
1.3907497405615405
0.8778255572707518
2.0343189957809087
1.180211768429985
3.4232326481086974
3.200264345217221
3.195814087214808
3.357863817078046
2.5541079220554606
3.881871012665684
4.18212296247539
6.165342180803195
6.048233204504798
5.192846926115976
6.924148331237202
3.8390382923784774
4.167612550518012
5.814599893395294
3.2482597739142944
2.8313915680949067
5.6957492570226025
5.086864982038524
3.6758259562991316
2.3644099535846053
2.5981167925892312
0.7182415342267003
2.076062970417546
1.9976561651452467
0.6306002517480639
0.40552029224471536
0.1678521364855243
0.2624353635260922
0.03503127874202949
0.06828162336180593
0.04374047408866809
0.08710837320853328
0.5142015311766328
0.1421261133605686
0.17138377279098896
0.5071456908150829
0.09930361601666093
0.01616944486865127
0.7071448424714105
1.6196067519530217
0.05647462452177939
0.04310884736119257
0.12779292912913856
0.03539938736059286
0.0006430917044392914
0.47904336203349085
1.0516268024085742
0.010932373709595386
1.076355223130712
0.046436531722337054
0.17423429026282564
0.94932613049079
1.425765044575188
1.6309630781230424
1.5744853460217354
0.618514697840781
0.4538721387234222
0.47804392301223636
2.615206052650768
1.7490672548409396
2.5030408846838856
2.0904665561170757
3.485587638177211
0.7258267072027791
0.8671378210139484
1.6642344414096129
1.8557064454461136
1.299183326542438
2.007536519155916
1.6861923602021787
1.8562002900665275
1.7692977661823979
1.9853685468960702
1.7902060814650838
2.3064669512338605
0.8711292851399005
1.2908265979427678
0.6978387540955995
2.0889550644681303
3.7135741795023205
3.514601061106462
1.9529120337299248
2.4971055822430896
1.2098170323080573
3.256447940357171
3.5903737858368414
5.414805662640569
5.588356212311264
4.508784357844188
2.035302052839146
2.2939949078293664
2.4763097032368555
2.758431680706363
2.2440866342001655
3.2764410084410054
3.5571551324722233
3.4702143692117557
0.6287890339273501
4.083823254864694
6.375554508137689
1.5999225298751203
2.6665982375465718
4.048445097179788
3.547987936807204
5.391234998913933
3.5903409839272102
3.4534269597074188
1.6915181638373058
3.8751893124226138
3.5496860205663445
6.449200878403119
4.662019429174411
2.8414173126796816
2.649246658360928
3.040567790856691
0.9863633735591447
1.743833561188359
1.4621764643777646
2.2468527399741083
0.19459963172576467
0.36910355026225633
0.4516135465354702
0.3994980479262769
0.6513016339577509
0.6045009258307841
0.9193084103678156
1.4734383809993277
1.630683358806924
1.0187546857021372
0.09844316196687877
1.2941710374237376
0.2058630544128474
0.3186890460618552
0.4848952198433316
1.8704902306571722
0.031476261308766025
1.6185042400067613
1.4157017358114303
0.9094013515119901
0.005068350567557624
0.5224829869195197
0.06621865107125526
0.05684229007898554
1.3984605445100624
0.004522231973227308
0.6586471754936218
0.00016332184290526383
0.00025306115708617584
5.601563553419954e-10
3.171899943696435e-05
1.1811784022408506e-05
0.0005092602755524836
9.652717938852781e-07
0.00023568637781997244
1.0293929807632972e-06
0.00030211831790016234
0.0003005741486388329
1.7239690749346036e-06
0.0002903832090166
0.0004215779424372997
0.0012093286332184778
0.00022453969363374322
0.0026823171515115516
0.00029891196361391686
0.00043770196906864556
0.0014980904359935764
0.00023313981715882424
2.8957236351663255e-05
0.0006619245420691076
0.0018017839460269696
4.3953552103245504e-05
4.1934810976989285e-09
3.02490953669315e-17
1.6276477048060127e-11
9.418617562700197e-12
8.151415671454839e-10
6.401846320129148e-11
8.754842765587976e-12
2.420822156875916e-12
2.864440896321635e-09
9.176659886401087e-13
1.626460740148747e-13
1.371243534713479e-13
1.607073667337509e-15
1.6529947276763583e-07
2.91305182997758e-08
1.3340346039339898e-14
1.8986558496334426e-13
6.160702266479971e-12
6.87001705912186e-17
1.0130921633153226e-11
5.913893957291811e-15
1.2422877992016005e-10
9.27770147735443e-17
6.25477308668733e-11
5.635899150740326e-12
9.010578232117763e-11
7.794962214425936e-13
9.139018019164976e-12
3.959852203496028e-13
4.884255494050773e-10
3.990406158067528e-08
8.093019123759976e-12
5.902319904666406e-14
1.004010291192827e-13
4.5249424226720726e-13
1.0148579311584087e-11
6.116429037147581e-14
2.5540144589835076e-10
3.1817808419701335e-14
3.715828340933531e-08
1.0049793375582352e-15
8.904811333473167e-14
5.913985095735901e-14
7.645497624376619e-14
6.679775311580915e-14
1.986733092748014e-14
4.463440276775558e-11
1.2624495954428495e-14
1.3822113205329638e-12
2.879501886097912e-12
1.1133463914322595e-12
2.935651383736147e-11
1.954437997553601e-14
1.8954333269896802e-13
2.0687074979027575e-14
2.940978685657844e-14
4.578352891011523e-12
1.877947419286188e-12
4.54569844327405e-15
1.5666849609775902e-13
1.7869629157522224e-14
4.692691485916553e-13
3.5194483705043423e-13
1.5395391050873653e-12
4.1664308937875255e-15
2.6355713044729026e-12
7.788326612529229e-14
5.837637905082573e-14
2.1655238063420468e-14
3.2034339025004814e-15
1.2614562817731578e-14
3.1149623545419603e-13
3.85862224285194e-15
9.330538406610244e-14
1.089499036403571e-14
4.794668759400914e-14
7.002403463388458e-13
3.778257217558265e-13
1.962462431076327e-14
2.4814348401561844e-14
8.599784984083966e-14
8.240378193950544e-11
2.8425059717656456e-14
3.87468099093728e-14
1.87328060591914e-13
4.2416181239068463e-16
5.832966749826403e-15
1.9087018310586424e-15
1.596624159180914e-14
9.032750009689131e-15
4.132279776378419e-10
2.3192313221827057e-15
1.1449648289100684e-14
6.826283006618894e-16
4.999058105593887e-15
3.0548186442081695e-14
8.681543038159053e-15
3.2335345831194805e-15
3.865685226162131e-15
1.0766121594396521e-14
2.683381239790661e-14
1.6469948420490944e-14
3.5533571906070984e-14
1.8401806620087657e-14
9.437593726930118e-15
6.629724486635318e-12
1.2441110721527721e-14
7.036875576493807e-15
5.033636052216226e-15
1.2589708173991774e-14
1.538750420744237e-13
7.305192707327584e-15
1.2844687171855184e-15
4.0365627702790066e-13
1.5469970463318604e-14
1.931170050973875e-14
1.5383185777174427e-14
7.037040616185986e-15
1.5593855664499258e-15
8.79400516416662e-13
4.243106619780023e-14
4.806760388467959e-14
1.8874042864076524e-14
3.316877565494769e-14
8.561412429606625e-18
2.8638446083839684e-13
4.766525207300228e-16
8.993038173682208e-19
1.3515256240872445e-14
5.112189093003537e-15
4.929231986836686e-13
9.868725735377102e-15
2.7304721137963134e-15
2.365995257806901e-15
4.687664179330844e-16
5.413192898028692e-16
7.992520305956101e-13
1.7224537486697832e-15
4.555880180328123e-15
3.3437101976043935e-15
4.4568042415624765e-14
3.283638984477466e-14
8.282472331132445e-16
6.568493598760967e-15
4.9211458466291254e-15
3.2279275406371756e-15
1.3921356686557033e-15
9.712718931381595e-15
6.4418911529819495e-15
3.2752621305003906e-15
1.3513641510749419e-14
2.6834840495276636e-14
1.2111755343285806e-14
4.0242260279388926e-13
1.7392964679494193e-14
7.73813893623158e-16
2.5087454464635063e-13
4.18799436896301e-15
2.2259981105496557e-16
6.915532917489205e-14
9.155837167638923e-15
2.2880215043878686e-14
3.626482201103566e-15
3.574692712672309e-17
6.01891807420095e-14
2.7002504883522215e-16
1.2497977162828735e-14
3.3385203242339253e-15
1.632465710488875e-13
1.583727109542675e-16
7.727597696385647e-17
1.5145632392209694e-14
2.2596174832159724e-15
1.353701481654391e-14
1.5388833215518964e-14
1.963144784901186e-14
6.767069453614313e-15
1.7158030845092685e-14
1.2751323038431967e-15
1.0577650803623809e-14
7.509531751915384e-15
1.0542628213429385e-14
5.956286640282478e-13
5.5034688813258106e-15
8.262671540603027e-14
1.617869724355773e-15
1.890061464516591e-15
2.985427193917816e-14
1.9804859279705724e-15
3.395845916175824e-14
1.2269123441648797e-15
9.547876498043293e-16
8.896291752572134e-15
4.28032416670824e-13
2.436773069875536e-15
3.209936418757126e-17
6.877916868181173e-14
1.588679603535891e-14
2.987676878528912e-14
4.009591268222615e-14
4.334361867975457e-16
1.8004149441489923e-12
4.085701987707403e-15
2.9759798841369485e-16
9.115587252225617e-13
3.094243962883967e-14
6.2382086750052186e-15
3.0077632162763565e-16
2.3143497999089224e-16
3.733198181895086e-15
2.843661815808769e-13
7.614293516137595e-14
2.9055878141974077e-15
1.1416718692505691e-14
6.193575912048901e-14
5.149363975173238e-13
5.01731700917927e-14
1.7597232604014808e-14
2.927437075033787e-14
2.259391220939985e-17
8.260642962382158e-18
9.197092269800393e-18
6.290194973306971e-18
4.937398992690739e-18
2.894264934073324e-17
1.4696593302926049e-18
6.4175890385563776e-18
1.1464436648941406e-17
5.543323045128308e-18
3.1165119414076234e-18
2.5210661052017695e-17
3.732457737842764e-18
7.658334241960558e-18
3.3229653898053096e-18
2.0804680825770298e-17
5.885625766929103e-18
8.769551077285358e-18
1.838391070326736e-18
1.8430797051563152e-18
6.432657109474031e-18
4.6403889576677104e-18
2.0944462205053122e-17
3.2396769127408284e-18
6.080484924895159e-18
5.774979424876244e-18
8.66077792389218e-18
2.6025762451270758e-17
8.384064925360527e-18
3.2011937272116534e-18
4.327018693087595e-18
4.365015446501956e-18
4.0655362390817245e-18
9.283833147334514e-18
4.7621076970213465e-18
7.041890069274874e-18
2.210576045496108e-17
8.716939679174788e-18
2.3787691360650595e-17
3.117520674217972e-18
8.861988138329007e-18
1.4448660200073676e-17
1.8352873512956307e-17
3.7974783500216265e-18
1.3902573633704218e-17
9.870691017379318e-18
1.898436905535647e-18
1.2196028795632588e-17
1.0122681781013535e-17
2.5250443244111277e-17
1.7760849830178482e-17
3.531779288971553e-17
2.2313555608118085e-18
3.218937372604699e-18
5.149982804779541e-18
1.3715023232516915e-17
6.150648647359558e-18
9.663110183488343e-18
5.3719036428000176e-18
4.1010228307980745e-18
5.701025062611298e-18
1.8289787767039615e-17
2.347101107941265e-18
1.1274517162438289e-17
1.0042281004115559e-17
1.288234851337737e-17
8.495861326309266e-18
7.548268927984634e-18
5.493018841742228e-18
4.067948631452165e-18
6.342814371130933e-18
7.783481133585367e-18
4.905140594664744e-18
1.3618420196377423e-17
1.9692757320012878e-17
9.320381805733055e-18
3.959032148465299e-18
1.8526688312348623e-17
