1.8100450081297655e-21
5.501794097335423e-21
1.1217801068999045e-21
5.047787378826539e-22
2.2739884679110874e-22
3.47127993457452e-21
1.0090144302268412e-21
5.152756080654086e-22
2.421568425015424e-21
2.5484055000366646e-21
8.228184270793382e-22
2.424740519996188e-21
2.2459320530078843e-21
1.825206333985278e-21
2.6399672613950117e-21
1.8955328124000433e-21
1.3736518357607873e-21
4.484810209876565e-22
4.1799472448277176e-22
1.17757725234096e-21
1.0889990988800925e-21
2.528395990118656e-21
1.557147245144356e-21
2.1219427887623037e-21
1.9624121420068828e-21
7.80955809308597e-21
2.102221862924021e-21
5.038264577069231e-22
1.4137881977794454e-21
7.537115477473711e-21
9.739081867768892e-22
4.86251138146886e-21
2.5199158909232415e-21
9.225597416704171e-22
9.825855397172251e-22
1.3363599505586178e-21
5.060984532531654e-21
4.115519911723884e-21
2.1160119874831557e-21
5.532565413669283e-22
3.667217665854189e-21
2.442970095724453e-21
1.4471081873143e-22
1.3982613772113679e-21
7.895451290578151e-22
4.8867073719940474e-21
9.434443577815166e-21
2.0152027088596275e-21
3.0501216083572515e-21
6.794669821946071e-22
2.9735102270953206e-21
4.0402090420825404e-21
1.8521429546597915e-21
8.097230600439354e-22
5.608585860048583e-21
1.3469449269763883e-21
1.799603399421571e-21
7.121668960241331e-22
3.2347454021573425e-21
2.1625220299892116e-21
1.5322207346151295e-21
1.9944678035511124e-21
9.712728404128436e-22
1.1179579900487283e-21
8.140318053232119e-22
9.480382682119695e-22
2.593857491990626e-21
3.0679495554325243e-21
1.0711794599601506e-21
6.21293103067459e-22
1.0278781181917248e-21
3.525118542081862e-21
2.4356668905478987e-21
6.390516772953079e-22
8.730123936112903e-22
1.373317210223989e-21
3.3747604698268565e-21
1.013937683364181e-21
9.357091195571735e-22
9.398134407258241e-22
1.9850140095663622e-21
4.338571660597016e-22
4.976725211319023e-22
1.3446345523665861e-21
1.1683189487231475e-21
7.205199230887043e-22
6.755442381936675e-22
3.5021251704464403e-22
4.652040440743881e-21
1.3804611495750053e-21
8.0482213580497355e-22
1.7879677912361022e-21
1.7450923281289372e-21
3.213278494731449e-21
3.4309790825652626e-16
2.3130636320855487e-22
1.3434135900894107e-22
7.384795679300824e-17
3.595995534288764e-18
5.308415636042516e-07
6.330014259507078e-05
2.4449112854159524e-10
4.700839826269357e-09
8.968109331360428e-14
1.3801244132021124e-07
6.205718458794064e-05
1.872662676886866e-08
8.105044045288168e-09
1.4339371574519242e-07
7.891772405545339e-11
3.1377014785941214e-11
1.4721311784664159e-05
3.0899612092812868e-06
9.036763957964187e-06
2.672653575518075e-28
1.4444770742552736e-26
0.00022022181316775155
1.274431627903435e-05
5.673164040703315e-05
5.8987885219426816e-05
2.7603766575635702e-05
5.888549063118858e-05
0.00014672917011174276
1.5155773778111521e-07
1.4878125531934711e-05
0.00011851052191650863
0.0023302000937305612
1.0138899402587376
3.657778848304477e-07
1.0651423088685277
4.037415195376407
4.217193682411563
4.0957308799132885
6.025749062840102
7.876131108455118
8.300905755185003
12.705503202350659
14.170917677482768
15.130443521377009
17.827174759047356
17.557147903258254
14.356779245863924
15.8466938118739
16.33352884662111
15.256740315540203
16.23853237720434
14.762797011635987
14.183386724006485
11.138993102841592
11.942456144081342
7.804084452099828
5.0436416777190916
5.012398237253261
1.7017922185739802
1.2028099289786198
1.589531735647283
0.06632316640955604
0.14612376915146508
0.08103351387980337
0.7836058259324864
0.6954337466916799
1.132477685944351
0.2533155416595219
0.2662762343894458
0.5932649039326044
0.1265903204015246
0.12023973417224543
1.427033047040086
0.11480113401247305
1.23760329020121
0.060817602727577184
1.4253879265317704
2.6754159132234885
5.573543465884821
2.0917206538879336
5.15850798704379
5.421795933049
5.391192453291927
6.141325061242394
3.861499314395511
4.021249205670069
7.855540292153459
4.0981305403537
2.8176645014851887
4.8312698871618025
3.4877295272385695
5.771778235023487
6.877374373530799
6.225264969897855
7.892444796109714
6.091238692741975
5.549266443048326
9.443844176759885
6.269766923364959
3.418609334710513
4.183246680723205
4.172013285479927
2.2523651099947286
3.333357405369614
2.187095521127417
2.608608605318231
4.364499325301277
4.699379141206483
5.001667218396208
1.8795354248383205
4.18127795183834
4.301096173634015
5.655626441600522
5.339769781805013
8.090076448307999
4.037261108588993
4.254236634164944
5.02253812724242
5.01452077443872
4.8332038336180965
3.337893170966753
4.490933741015024
4.787639688664937
4.446336912105782
2.760779676633195
3.123676815905124
5.116586078317041
3.685615028040801
6.183475533260084
5.009919211752671
3.7051221042765765
5.585387636724766
5.58124420825839
3.981440662547107
7.472646394119147
6.732352396381778
6.867979937003429
6.296231771542897
7.2324991293044665
9.095623921937857
7.3350776546524665
7.507564005192585
7.889626076584055
10.109246734466101
10.564538784970521
11.439881605196717
12.547298223487175
8.822606055511708
11.929709687491082
12.450528615697893
11.090453734729833
11.416211582941578
11.643830277355667
14.65670784536302
15.18596899966255
14.130661562744221
15.49453966949002
15.296698243726317
12.052423045913232
13.09957919156877
7.828275071894194
5.247087046495769
3.677771460104232
1.8719892581298667
1.0408870514847142
0.012543035311285398
0.1582745919448828
0.04795723850708377
0.7735849620752158
0.9617534669334709
0.11585921813010809
0.1808338302672849
0.8268850658112815
0.13900764295903623
0.09306289731939248
0.5592977629190232
1.5295413419080544
0.4422922897213472
1.2909178012282791
4.333781434856133
3.9593684603247405
5.349948686801412
5.562004160683088
5.643722909956245
4.214389166699606
7.163302449831567
8.098748614595253
7.109862757424899
9.00104860426468
7.812906254688922
11.089283745327634
10.153344371105154
13.600883551937368
14.275759480807025
13.252044577669443
19.47870382068402
16.901887180580527
17.705943792901387
21.878212118013682
19.593663730613404
21.631581123320093
17.13994288169603
17.98033739843034
19.16646194159958
16.066054262094347
20.391744236391833
15.095572730757041
19.878344403301423
19.141652785575566
19.889455951141834
22.54555204724431
22.369167013225407
23.501134077917165
30.738998826747505
28.326200483229663
32.44507588167265
32.793458629389704
30.381996508330094
32.76621001003237
40.20800258615013
44.105730369073626
46.18659380540607
47.20011085398923
51.45958190267873
56.786994696294826
59.18585585656982
64.5241855044443
67.45127916575586
73.14846029778572
71.78146406748954
69.73471192624737
58.70364738998823
45.96328439277818
35.31125395677884
25.543149648312202
16.26643176411317
11.327019858369145
10.291656680411984
5.904271859679109
4.045404914339748
2.642359878039214
2.106924204580217
3.3533755665647442
1.118984727568615
0.28403919395887733
0.11853779937206317
0.13211802313602833
0.07964198375516923
0.17734548976413078
0.07243265716264527
0.027180682507091734
0.37393052597929055
0.05883453747654138
0.6493802975107162
0.1588501902000601
0.00023500757441373058
0.0922512911094618
0.03878224279346176
0.30264416765478735
0.08864641661448104
0.14584185595851232
0.8221212969709909
0.3869662789843342
0.19571646636305406
0.0025702123518166094
0.8574960100206243
1.6989957670712603
1.6086316970578192
0.3740171975645526
2.5054137564090015
3.1328958179540365
2.6290576211930463
1.6427024014793197
3.7296436668198893
3.773605197042891
4.001246109732026
6.734692410810064
6.563584066145306
7.184177911850861
7.757238118920433
10.947171929830636
10.180236113286847
14.816335618051525
16.98577155588335
18.67501908304541
23.513502130744907
26.145571832590377
32.678177139170174
33.299334053218494
34.23137117645578
39.6001459097325
43.43206792731474
45.432190966864155
51.07993066282795
53.239907413637575
61.02031677589242
68.00449435819345
76.57462460862682
86.81867488429243
91.84477726969513
102.36541212012746
104.35556549293955
106.57761635373146
111.19552172931505
110.6645952461978
102.86080608931535
89.64602600156772
78.21187756690306
62.438680141774945
54.84610058235593
46.83661297674183
37.38694778627296
28.323746934432304
23.464851543317657
19.250960909950372
17.511160875298316
21.486390538176245
17.67478551549607
14.061068834088266
13.133677505492003
18.615730781092164
17.29918236301722
15.264191474704825
15.657712540362237
15.608639717108117
14.057737488163925
18.973645174785144
15.861227607150372
18.12280849786784
15.01636722305936
12.822150469431715
11.426938661612501
8.778806863903567
13.298298607347851
9.356171517760286
10.46179314089564
8.92330918571359
10.419510942169648
10.664366960988989
10.548428458302563
13.442434670296144
13.147129136591634
13.309424843618677
16.900816761742114
14.784143478136514
16.184850726929643
17.156730220473268
18.925193553510884
19.81445874010138
21.279470995972257
25.92302792210657
22.78721006106487
22.55529895112621
24.06046517780229
21.505097407475066
19.59426693707496
14.096088239134993
12.941196305429331
12.401319440768033
9.679166424201684
9.469190825278442
7.1804509845277344
8.506217387376278
5.975618440582299
3.725729381228864
3.7373751149051198
4.355322838782382
3.4448171298346537
1.4944039998300023
0.9448269000572486
0.4449540157864767
0.9396483500444569
0.10860297919324857
0.259112418918444
0.0018719514619242302
0.0735947716845997
0.25487774928916357
0.15277989197409178
0.10072153908107265
0.08745801796408566
1.1537407333928835
0.4134224313462049
0.024813240655627903
1.8901511210877313
0.09220724881097915
0.4562190116727562
0.32629115034284184
0.2763632616940629
0.6118436546608605
0.3634749699356959
0.3856717602063567
0.830766176998737
1.7813132729102343
0.9779045795320773
1.3173845537487994
0.3054808543501929
0.407029157652697
0.6019236618548771
0.22077350488234587
3.629652859290191
0.4763297989094679
2.088441545660366
0.8793101035188597
1.9261817468413294
2.6708418195537122
1.9732642150859738
2.396116008854971
2.355366550504198
2.744533873691934
3.8801222543640077
4.755791256080125
7.171495495196765
6.642427527422786
5.1847954690458105
8.319125112676947
11.8989462234971
9.82260282163636
7.46690064534285
9.906845722169429
11.800111926041266
16.34934334702705
17.912448396409932
16.889010420572216
18.92574479405554
19.26867626752614
19.297444365935487
22.885683012173565
23.421878608013984
23.22589031707592
23.16946775953611
24.161653809279525
28.487867642302422
25.772538866922098
28.24908867227046
24.518288794870838
28.470297602768845
25.450796340962633
22.7860130388971
21.097445923654234
21.070516852459498
16.173740460231578
18.033357748273716
16.20968635667056
15.864612247954595
11.678544430125323
12.30861230679673
10.922006841264782
7.865234385400749
8.142288027328233
7.0937981820588485
8.860138677224633
6.789611873212237
6.249950903476599
2.4099593829470916
2.3350829181970787
4.1393502933255695
2.1982322234408156
2.7880847756312463
0.7131391850832527
2.1523475749350527
2.4323455679981727
4.5126120539920676
3.2912785836007874
1.9325467345278107
3.517474482274973
3.289159887884339
3.165556770482899
0.8057950717921211
1.598465998965355
5.359531968947252
3.549329542294028
5.982831791051497
4.402545655819911
6.423888086565682
3.782260497065717
5.644110973326742
5.1232082523595
3.956798599221498
7.194677118586769
5.798483719536669
6.052300939402764
7.505440412840482
4.6914770351113395
6.550910728433921
7.058239080296732
4.4836444177101376
7.733484079894023
4.206946792410595
5.76866258122186
4.659947282923155
4.989453909955152
4.437828391159286
1.9994439238192547
3.091079781855272
3.8260351982627476
1.9532258639326907
1.0325599305242146
0.7660526492402263
0.06659766628141238
0.43411777779546645
0.05475665937596732
0.03371281560190691
0.01531542700350056
0.2187426716822638
0.023415329982087403
0.004873550020780518
0.7499964822371756
2.0738843539207292
1.4043400676542803
0.42978509430045136
0.2469922592884885
0.3734874386200143
8.713090944164938e-05
0.006385006699802757
0.12498794404465403
1.575032272795704
0.9576014257982596
6.365469140655712
4.180835208719222
5.364541583520816
2.7411341685199595
2.245809688576688
6.277273422271854
3.2692534118553973
7.113522889908181
7.484347713528767
5.136261905406797
6.3128106987181285
4.791893809452653
6.759608697517721
5.251308027044224
2.392829793517954
1.6211611371068566
0.7963041197602849
2.750157837201587
0.1075827452102871
0.026264411863446736
1.1658939778495632
1.32159241794226
2.1127821408379446
0.26877473568511967
0.14919237693222548
2.076279813872911
0.4804683072873015
2.510114885488297
1.934964600438429
0.7108991679030577
0.9449980025940987
2.7911486771680063
2.11130848373843
1.4006230797623846
3.2054781659655047
2.447950028758816
3.744929106451271
3.2009747006224165
3.7363551317478896
2.675934707636246
6.816212593598792
2.960823563619615
4.695638789598199
5.692769491545664
7.502185577389584
7.2854185395606965
6.149992637136731
10.043772600766697
10.056241266737262
12.148709450634025
15.58939210643736
19.18894832043091
17.59852668927573
20.59063602331485
21.314718831367767
32.84319839689244
37.537160262537355
50.76614105217843
56.346712982656705
70.37060720494962
76.51944359033638
88.61711033779146
103.69162521144175
110.47486112671021
124.79465267603734
143.49347735180257
159.0763903758277
181.52527945123725
205.59798396570758
233.48333661768345
256.58005057817763
287.6503643595862
319.10866506904625
337.61979986170587
334.9090521814978
316.7534559243421
282.35383193390186
233.04049127302952
190.84483254144777
155.20642719017826
125.86340356827135
100.12798891915821
76.52285268789387
63.5359857151136
53.517900640822006
43.092953907901034
33.95438248872103
34.95084277158215
26.97080763927539
25.732063766823668
23.603678458568652
19.731894140410418
16.018435119426577
13.905036583522294
11.903151222669209
16.005474258306478
12.323887174332246
13.330402808265717
8.811368719454483
6.203480483361519
5.9505756969796035
7.5011615744120945
7.59001205229656
3.7076089426252894
4.295444457051214
3.826522725503816
1.8663582732434723
1.3945262875418603
3.534252204736985
2.954282646420506
0.877167052664887
3.2387099567213786
0.6111113298565981
1.6895356175629284
0.363287100486948
0.06241107828591654
0.8503215016855259
0.01488629133070889
0.24366972164586545
0.02946517135621026
0.03013253531964347
0.06673969364332388
0.12420376955174917
1.3653384469203589
0.09597152417580589
0.13440663707457623
0.5631340625985228
0.32663453631611383
0.222592115526612
0.20942119623177174
0.09887225262410028
0.07961614569175815
1.4974170327740528
0.7909193365731667
1.052726622237525
0.29715922464322764
1.1105507334460352
2.6519283074401865
0.44303547515325037
1.1032205879211265
1.1476964490395767
1.5772279412599164
2.908934344714504
3.743530311252772
1.5303633389406759
3.1949141444861855
2.8531405385803543
2.663377819062312
1.5095412224455766
5.931840395964976
4.866558208206888
5.116444012515806
6.543602740546025
5.224148133152734
4.5898110963837535
2.8960981659406766
3.2241856862310208
5.388548057129459
4.619139873441266
6.182608412283731
5.159068834215687
1.6664651640412105
4.269481201400491
4.910728393198893
3.046598045128954
2.679802146285414
1.6083291849298025
1.6767519869164411
3.163653590133601
2.153644884294752
1.881939797692717
2.0724087535330034
0.059144140074132746
0.748964796990736
0.5905355056426069
1.4013925045530524
0.03663136658512244
0.036871461045984134
0.6792841243634887
0.9727004030570994
0.2646888709558858
0.5041775696251499
0.42639532983525974
0.0057553357752143704
0.2314991644902598
0.6153598050479019
0.03545649807735434
0.002970801834445979
0.02863157157030967
0.0466486123372597
0.43941547390840363
0.02687790188483793
0.05017397338427343
1.0554345113960566
0.3369814689950535
0.07520524944027765
0.01880131354088372
0.10309151202037743
0.32649959252231775
0.46416647116284115
1.5851542527728582
0.25272647096226725
3.1591566598518255
0.7121371976909792
0.009567249252377156
0.0033378706271560707
0.21641157753038032
0.033705734330352476
0.0063197887489022065
0.02054706634286891
0.23439451400682393
3.8620765585146852
0.8652572367823688
0.8956025151141428
0.040830821778662325
1.1256078746762448
0.5918659942316233
0.7411349715922492
0.4029883906753584
1.0155805857613907
1.735540326793613
0.7693898025481227
0.10724879214089207
2.1988636979925715
1.3007426376786464
2.254229017052083
0.27186403282409644
0.4685829237746668
2.1569322308423917
2.562565645179638
2.752203292597547
2.7489751542176544
0.36106850939065316
1.1041032561591244
4.7039327620501545
0.8574312344593028
1.9936012329460482
4.034322345822339
0.9891686366470467
0.8280269569641371
2.071951098408357
2.8797514577464054
1.2347818090064322
1.0778291251803838
1.0079924599837697
1.4822239570371403
1.4631329814918668
2.0091530523162557
2.994691137898424
2.2160815151964
1.7664372080243078
0.7865142466526223
0.6996916018663829
0.7746517095918668
0.8657870177998848
0.41035057073927733
2.6994260418566585
1.9678896473011442
0.897670678673734
0.5711448785500188
1.8957244061726246
1.2067907789579622
2.27990329512865
1.7063637491955186
1.2863508387360485
1.9576059635337784
1.0658276741224504
0.8678689140490093
2.494625227548105
1.216041584969133
1.3400532191307326
2.995109491217164
0.6522760353487528
1.1553313482589098
3.187952600100769
3.2720791902026036
2.680515635622898
3.1962313900821435
1.830288343759586
3.6627415894653543
1.038929968997861
1.3116719735062512
2.9455966633267483
1.5781186993570646
2.5555389007147475
1.8231014013603541
2.025415866282011
2.1607402775331224
3.4954516538718994
4.329771053021967
2.361285727121019
2.832957083745875
4.515297645680309
2.788742685031456
4.064637393262008
4.294634424638285
4.70349601845112
6.335548463860111
3.911424418894626
6.607211622521014
5.693988105421925
6.736809096060067
4.79810873474856
4.987510039586387
6.668804510940883
7.419738591769615
5.571170394746303
6.639596678638193
6.247038649966331
2.9615085514177344
5.352492313698574
6.512350511264361
5.261876282126404
4.7241308287733395
4.810197178449391
5.708349366426028
3.1392094433287516
2.026625664375415
2.834729302460167
2.940185175998134
2.8595531672029706
1.5869130324937228
1.4157677091138359
0.8947583596127466
1.2337447361192517
1.3446362346058602
0.16056255715629617
0.6622091386869269
2.849533518861196
0.7968516700331909
0.5382215446666272
0.08639239875221627
2.2939213342151237
0.6431293858169672
0.5580069874686939
1.6298836906629741
0.42857900443409236
0.26375478685715364
0.10141002783667942
0.816152930333861
0.8601218297446191
0.5807585076999556
0.3883064261919277
1.0880022006513537
0.35971705929728515
0.08139957676875978
0.23134374153086237
1.2133527718617123
0.30154135316626124
0.033129825507095256
0.19767675172160917
0.27439543115286363
0.7409435242661739
0.3004532046350759
1.4472383248920344
0.9574880185991715
0.6468966600891376
0.09953271587736023
1.9261865847423487
0.31935961424881576
2.6648011786555976
2.0446390995879993
0.38297870086318486
0.4954435209916369
0.137448124978203
0.043270703014764045
0.34580962539399046
2.2839687959472923
0.8393038014377929
0.9437676928811415
1.4204439254806405
4.945108086754734
2.414505772926345
2.9280314255007722
3.203897360823488
6.69315554714257
3.4419693325629552
3.7388087642242556
4.479003207145685
3.927109237012845
8.533051931498543
8.273013604699646
9.661281081579778
7.660657561814395
13.830936222358813
15.972539154627595
15.697985713976445
20.790359198597447
24.545471298975446
23.433194852765798
29.222004800526587
28.88618011206902
34.9208693922722
34.39525424532755
34.13814107179691
40.09749814454281
43.591104122003884
47.431349741083594
46.05623277582268
43.474231171901295
41.90985296694945
38.258082373290826
41.3814256086164
35.990624677979866
31.84859408288981
31.022519484223892
26.367931223412263
22.80242296228449
20.339429076720727
15.097986637570266
13.141476909872981
15.072498988468768
14.54369313658891
12.678471575706459
8.845258860961295
7.555837720470461
7.344930629169404
7.396345776544026
5.102173456329033
7.381245394693677
5.230850395309732
3.5172191446251597
4.890700750547925
4.208301081314821
5.4761588362424165
9.662039952051643
8.974414033519794
9.118885731315956
11.602271356721092
10.933894186272912
12.518314223766367
11.257571540257322
16.031655348704156
21.87777167927425
22.172457353516634
24.25857521556441
30.8963436665201
35.19950309738001
41.903013820633895
46.328598679515295
52.9853297569879
61.22148701257242
68.80966417891284
76.11881671018848
91.3092816177557
100.2476156023571
108.78451186380603
121.63271614107289
137.43987304368918
143.86778504880158
160.71068817979776
173.4875731286108
184.00039047108785
183.16000018297865
192.02424697882066
193.18256339850336
188.28875697143965
182.67748360236882
178.80872387618402
166.5662611056471
156.88837443003328
142.5661539503701
133.96603813328764
121.44198375997904
111.62938714578937
99.62624709722198
90.76165894383114
78.6167975429479
68.97250801008822
66.93092149411169
57.4417463055114
51.44759163464458
45.930576914907284
41.38823662362756
39.86997677040739
33.94493027807344
27.013269785400176
24.939230974615807
21.527599291752175
20.597516901604966
18.472569209793228
13.430660859340351
17.30823301959379
13.75623421695085
6.481685154980254
8.309470372759
5.236800685419951
4.115027482671471
5.688816594128297
7.640766528283215
1.1302712281746568
3.614243094065749
4.703595326011335
2.453979223192418
2.9684177557191567
3.1860022214077928
5.082027646192386
1.0428090546652466
1.8101688328697096
1.2427653755470927
0.2275169998283554
0.2687591101337583
0.5720931057786341
0.31195369202925
0.2649731215211771
0.06376077439006354
0.29446541003199844
1.4131071325252356
0.15336655979550734
0.9299485006704877
0.6313651123259177
0.18716009757806676
0.2775031278797948
3.5643193679245186
0.34951973044065365
0.21187407685952425
2.2586126364953474
1.9493286055603545
1.8357057601761841
5.142848384586653
4.609872907140162
3.1101302250824134
4.3821925655250205
5.645965573574233
3.55446486414066
5.841411619447584
7.239424894289565
5.439013864877707
5.717530426547861
5.476796524488105
7.5180134560078224
5.912979694204602
7.7555503731741195
8.010614168618256
3.7509255959251075
3.8114069401621955
7.921768041096331
4.2441180491122195
4.414308331282645
3.2239060271120987
3.177935969302451
1.2389339665429795
2.0041242022413313
3.0548233251002803
1.6667297219817045
0.3674114000083019
0.6289523749120471
0.4824399250712468
0.12491332192218343
0.13116041319820487
0.01843525926349116
0.11553820472529243
1.2257590725382121
0.1513643665119567
0.22995273587651496
1.1225754671558803
0.3180193527621922
0.11674789269630789
0.8651815061431998
1.0000945918484658
0.08997864568831841
0.06945966564184436
0.22537455785652954
0.08352924846609333
0.006521241852598987
0.773236508110734
0.9823901149229144
0.012032001908039104
1.533097961166781
0.028548888893780083
0.0957100651529186
0.7803922436665373
2.4362493923692847
1.7561859216864668
2.0242378018132046
0.4792239055442532
0.17756737080055057
0.4353737963417551
2.3108173806159575
1.6853056668410298
3.1874612624893346
1.6780783922564315
4.082624163019413
2.4476524609675225
1.0412819559673967
1.8072805868400386
2.8077522714253154
1.2177206646157477
2.960888042271408
1.7454743799586074
2.0141302542532493
3.3603634610993933
2.3025251314129633
2.875586735667102
4.792995600276578
1.1421401914020182
2.2371422599276247
1.6017552251322602
4.53687285242962
4.8238524062727315
3.3608250083496545
2.7571939978577547
3.8375293288934698
1.2985381663377067
4.625872922831039
3.9354377892116434
5.17787347159068
7.654965190909839
4.488860224505905
3.7793791966538963
3.2066568383990446
3.551831276601201
2.6512465094105115
3.7196709817375466
2.2082187408989817
3.617867971674122
5.545421686608897
1.0306707234495245
4.319535210961883
7.234658774346927
1.8646291817224905
2.1032499384104626
5.681828487266154
6.800545773364308
5.622411059398886
4.232653913883258
2.968321599272674
3.281541845337823
4.561098649111083
2.668236747400844
7.120581698799031
4.981171292191384
1.8893598449662046
3.3775808155672835
3.4760067770728797
1.5582593127394042
3.105371825532337
1.5844675581903933
2.198078134892172
0.2226512265879287
0.6798190952884967
1.3742419501421774
0.7724238884495382
1.1480714827614664
1.3076296040349507
1.6893294205566614
1.284372351588488
1.608948096268423
1.206504013401662
0.11053958986852867
1.7096125219340228
0.27054018622897513
0.1651518033142387
1.0632551048317058
1.0256412586145565
0.032153364951189575
1.664098392048271
2.1281562167646944
0.3903594985621042
0.0034639206281523683
0.6648993335528666
0.23370151676706202
0.1926249212014891
2.1900927935234953
0.002376658735680222
0.6178342383645236
2.062075748147001e-06
8.961763318379541e-07
9.379937188109192e-11
5.3622198456461235e-06
2.2283461724018126e-05
0.0004942250581607707
2.2612578915417564e-06
0.00010311152382121253
6.724936718935272e-07
0.0001257696825226776
1.4208403726896204e-05
3.074051395446525e-07
7.2321594487123e-05
0.00010067334443565596
0.0003100719433280704
0.0009562979088919498
0.0020416885600145103
0.00013972140245801975
6.542704004254036e-05
0.000707703510164434
4.721032255456825e-05
1.3620858165055102e-05
0.00041595274065355176
0.0006742148729382848
6.269995768261839e-05
1.0100729145519732e-09
2.6326048506620265e-20
3.2109116445443625e-13
2.1520515664011232e-13
3.138502088734052e-11
9.126031659785636e-13
6.291684071633322e-13
1.9559595922878735e-13
1.3661866121394268e-09
1.1139626697697405e-14
6.737803991544604e-15
6.801577655085927e-16
7.071610194418366e-17
1.737150105387082e-08
1.6042441982952663e-09
1.7541790281087895e-16
9.01738914437598e-16
1.4961665018567497e-13
4.0645559751576926e-19
2.1617199203148936e-12
4.993533673131522e-16
7.1578886741705684e-12
1.2455764240629934e-18
2.7882329397703694e-11
7.235603344306598e-14
6.182587251872264e-12
3.5571546214766453e-14
4.33904204183328e-13
9.910565142442093e-14
3.8214342321471637e-11
3.8186067867200644e-10
1.770331654810072e-12
1.6065966080729571e-15
1.4916061597830087e-14
3.79500293356589e-14
7.372798762995073e-13
1.83023899023605e-15
6.849461797861605e-12
1.6913471217933334e-15
1.8408548060572717e-08
5.647954979839319e-17
8.62539203105682e-15
2.275198782255175e-15
8.996836783125946e-15
1.517270578524392e-14
2.2138397994285193e-15
1.647047316993215e-12
1.3904910578625126e-15
1.160480579118827e-13
1.4402225941736432e-13
1.8504564768777898e-13
1.612262232791622e-11
1.043578203382466e-15
1.6995520165452315e-14
1.2573574517667846e-15
1.1509094817041568e-14
1.446864772241245e-12
1.967049413183598e-13
7.759112504017893e-16
3.952016509751224e-14
3.0965476527977246e-15
1.7827422354224848e-13
5.5512018555167385e-14
6.610335109329184e-14
2.1649082538972122e-16
9.66726170020343e-13
3.4990669479595896e-15
6.8991938611103e-15
5.46667226790423e-16
8.982912463864399e-17
4.7338702241112974e-15
2.735911308977764e-14
2.4947180942956483e-16
2.651629949115274e-15
1.0066579202079753e-15
1.3050027063215228e-14
1.1062329303394557e-13
3.4319536196019263e-14
1.881594203279873e-15
4.887839729924082e-15
9.167825933284297e-15
4.3203068892074396e-11
4.605250651606366e-15
7.472173565856344e-15
2.4734216416109282e-14
8.263214656419179e-18
5.60651468771662e-16
1.8273531696248504e-16
1.7386635082539058e-15
6.839341106279118e-16
1.663447356646566e-11
1.2263064490522565e-16
1.4442349896877285e-15
2.789314409531094e-17
6.65629774129153e-16
7.969902591924704e-16
4.709526178400766e-16
3.242298477865059e-16
2.3267536158121677e-16
1.0389096915729186e-15
7.120578090519815e-16
1.2034152209937403e-15
1.5288802364631789e-15
4.619247349681929e-15
2.4097607896869752e-16
5.604372097547863e-13
1.2688746154119124e-15
3.2009655349097017e-16
2.3769746372395394e-16
5.684756449816195e-16
8.7258716994158e-15
1.7424907663026092e-16
3.248908273499796e-17
8.825718534361688e-14
2.143047195338479e-15
2.4676734075666338e-15
2.989567547887624e-15
4.816945204326523e-16
1.1762167131515567e-16
2.8661123501446235e-13
1.0046980399614903e-14
1.1468630587586243e-15
1.0546075634809837e-16
4.4980249837498436e-15
5.331877467223737e-20
2.7358953877667705e-15
7.406385915711935e-18
2.6391245048572667e-22
1.8054920488843933e-16
4.245129031555785e-17
5.751524167308107e-15
1.3410295151040894e-16
3.080965353988169e-18
1.1938738414422765e-17
1.8051285463332978e-18
5.9766705862041826e-18
2.6643425872665024e-15
2.6247412311995568e-17
1.502240093975197e-17
1.209372856618009e-17
1.1242398172273225e-15
2.131453291981292e-16
5.893085523213114e-18
8.867655669421657e-17
9.94367463819402e-17
3.237930635771564e-17
1.0034099615298188e-17
2.5332126666629247e-17
6.954006557645148e-17
3.1586271806686635e-16
6.163600230026057e-17
2.733382090690805e-16
2.1254632832647867e-16
2.100813279660726e-15
4.817534883726196e-16
4.6738125259367664e-18
2.0799242796839655e-15
3.2381312955968616e-17
1.5110575375668628e-18
3.487881692760803e-16
3.1847868808218684e-17
6.305449208533099e-17
2.3566001305491134e-17
5.112830576426382e-19
5.484574335476639e-16
5.757402348961741e-18
3.7670229540128795e-17
5.2153986850231476e-18
4.746368961818797e-15
2.8459221171047417e-18
6.717551681638054e-19
3.7702760773110105e-17
8.720788358090794e-18
1.4966841093098316e-16
7.122187304134344e-17
7.089900086584391e-16
5.2775695630297777e-17
2.937925631473212e-16
5.529139480036579e-18
9.233095067737849e-17
6.944861232502555e-17
3.8249707076699817e-17
6.225023396658213e-15
2.677317536113192e-17
4.18177952575518e-16
1.1316741834456219e-17
1.361267342773366e-17
6.149366352191556e-17
2.7074861528347812e-17
1.79182462104031e-16
2.450777507730323e-18
2.777223348741189e-18
8.801043607804453e-17
1.3701927947441312e-14
3.535069921076596e-17
1.60961973974132e-19
1.1375340519253602e-15
1.3315347564249986e-16
4.696300293013866e-16
1.6018684182178736e-16
1.9917539274007184e-17
1.7777177111628814e-14
3.932991993714193e-17
1.2615655942219032e-18
4.687681176962195e-15
3.205827246431945e-16
5.0028236250259874e-17
2.0680634129314616e-18
1.4309936161375925e-17
1.7605564949773878e-17
3.7341087374911574e-14
5.402796483909151e-16
1.7692809084643092e-17
5.880413327199348e-17
1.5029382782215001e-15
3.5124135854657324e-15
2.124259332803529e-16
3.340764184696107e-16
1.393973897329281e-16
4.2489455972644265e-21
1.7410792355278214e-21
3.534120775063427e-21
1.3843894824475832e-21
7.491195732906657e-22
6.172856385014139e-21
4.285497060683511e-22
1.70794970900352e-21
2.2137407201430675e-21
1.1748852947375325e-21
8.636200204907067e-22
5.975098950712828e-21
8.252661326901778e-22
9.64832710763243e-22
7.709521405798311e-22
3.589315485849028e-21
9.323493068315836e-22
1.139653824295004e-21
3.49336759416988e-22
2.6310518076442137e-22
1.715387228207561e-21
7.389943334646048e-22
6.111393680811423e-21
3.032142030654087e-22
2.5673669605294654e-21
9.321884378806228e-22
2.5633988541723255e-21
6.02671806528769e-21
1.86284933179276e-21
5.500198218151719e-22
9.381014361729346e-22
1.0107288209913608e-21
7.464954451272207e-22
2.2863464720261695e-21
1.1852946848129317e-21
1.3264396509000013e-21
3.658311499147778e-21
1.2253236321830019e-21
7.618650774792027e-21
9.256385809380091e-22
2.4519645556375583e-21
1.817317454947605e-21
2.4807541268821894e-21
6.331888463413815e-22
2.964438299439871e-21
1.9482951951455e-21
7.022616751610105e-22
1.6898201218177237e-21
3.577756444087412e-21
3.1383706595755795e-21
5.338179702179565e-21
5.434123766306506e-21
5.380883370011551e-22
7.513276468466599e-22
9.556926190686177e-22
3.6596302782890396e-21
1.0927492343250762e-21
1.4360488909335856e-21
1.3079553171305972e-21
4.637778862115205e-22
1.8902575970753165e-21
1.953323076724545e-21
7.933980268116615e-22
3.1594326322174174e-21
2.2498211991270622e-21
3.2229600288472088e-21
2.4682760118188975e-21
1.9025846150206866e-21
1.8889465368851326e-21
4.422868714531267e-22
1.0883176014955901e-21
2.175530424911514e-21
1.272367567986301e-21
5.009371223224237e-21
1.920068378794097e-21
2.1055461917279845e-21
5.837028625940467e-22
4.052552271502393e-21
