1.2318762659341449e-09
9.914418209043835e-09
4.773314290088494e-09
1.0148580694838319e-09
3.302522902788723e-10
3.1824365231154937e-09
1.7284185174002101e-09
5.439892454586522e-10
7.028922520082533e-09
8.552177144845456e-10
1.0072543390497804e-08
4.2601259251771653e-10
1.398618069043994e-09
1.9715224169367656e-09
4.194794474055282e-09
2.9168403176193053e-09
3.770750316881218e-09
1.5447129549381957e-09
6.59120020550769e-10
1.5312617341980487e-09
1.0765879104236864e-09
2.175718759986486e-09
1.8994255103062537e-09
2.3093705740981176e-09
5.657378641080869e-09
4.438626155652727e-09
2.8773021047596765e-09
1.768416353968806e-09
2.1019160967659696e-09
7.518519386500047e-09
9.946252924774335e-09
6.323691208525953e-09
1.6886287087393334e-09
6.467235549950299e-09
2.449032669214028e-09
3.886143147040488e-09
7.812512804623697e-09
3.65871175721741e-09
2.8873598275161744e-09
1.9319759422041178e-09
5.96433090291156e-09
2.181435164544109e-09
2.4939540268770714e-09
7.556938842690363e-10
2.3774318673441493e-09
6.085277829296143e-09
7.097187805030294e-09
3.831759709378597e-09
4.001562086831299e-09
2.6961014978169156e-09
2.756730703781291e-09
2.5725948269216473e-09
3.1486372411620263e-09
3.779403046468801e-09
1.1469646888383128e-08
8.15672640286522e-10
2.4523799830189244e-09
3.178846452654558e-09
4.143607004733125e-09
1.1168248135913475e-09
8.081630802650166e-10
5.465843226706414e-09
1.2223022305639536e-09
3.770781228627091e-09
2.155186922389592e-09
1.5579489185265704e-09
7.971296520300568e-09
1.1332293060374274e-08
4.2907474983766265e-09
1.4128636812329703e-09
4.376536907602055e-09
6.376735642568896e-09
3.2627774289511376e-09
2.725572110666737e-09
9.65703896501129e-10
1.3592015634734403e-09
9.966272796473703e-09
9.394968118599327e-10
5.525937182557269e-09
2.8275788807055944e-09
2.015873025097143e-09
7.713356745346701e-10
2.6444426315515993e-09
1.0813347666876987e-08
1.3106043971322175e-09
1.4773938441504277e-09
2.322811138917214e-09
5.246448522227865e-10
1.2289520761810235e-09
3.634906565313278e-09
3.512581431981016e-09
9.080247165916865e-09
1.2643689932566457e-08
8.455548638211482e-09
1.4405359218037619e-08
3.912225372249719e-10
4.500156601430589e-10
3.2401496600752324e-10
9.801871669802368e-12
6.045029738163266e-10
3.299651792961586e-08
2.783522980836331e-09
1.9007708123484906e-09
7.834218838953501e-11
1.8879393832303273e-06
4.953424826608826e-07
2.2864292398802207e-06
2.5365166913144627e-05
4.082280165103345e-09
4.6443892063947795e-09
1.3692933884679416e-06
5.0244208145681635e-06
7.794239751463524e-08
1.7436985243983086e-06
1.155989822304028e-12
6.746046529374987e-12
6.427400292959531e-07
4.1294322388751384e-05
3.625598856441595e-06
7.933434745759004e-08
5.287040078556005e-07
1.7291821731614216e-08
2.3705525095933984e-08
0.0001800905616990073
1.984071329082861e-05
4.601683678926083e-08
5.411462903349893e-07
0.6288968658200526
0.5453908287940602
2.9310027941462997
3.728998194699921
3.577182110112834
4.356216513191107
2.543601346544598
2.3416266785597837
3.428606771778212
4.853993509344577
6.159444912957838
4.217148714233901
4.18928490565235
5.1796720439864625
4.177577280381063
3.4141238187059773
2.971850832248256
1.7604264408420705
0.5724397314605745
0.3321792257576756
0.01838626529436742
0.06273010867642782
0.014253720483318922
0.4485893555143941
1.4001044374799592
0.7425015458110321
1.5960097114673175
2.1865370699804183
0.37208636097910447
1.6631206625621762
2.7002587836599576
2.75249424216594
2.448086191847554
2.293596183087486
4.122568898601266
5.2813577068639725
5.523552576575891
5.228987447960423
4.427972168551026
4.7341175203409085
4.493491478622289
6.876870386539228
7.16918958038777
5.207536359565377
5.374490120988581
9.038047422924523
7.013699779662832
6.846780632877655
8.699187755453544
6.316802987106088
6.749807688382697
7.884473586299511
9.246516578885739
7.552344426897078
6.496427180716688
5.678145461189965
5.810940028900035
4.020979712478554
2.722019932215723
3.7170648288484003
3.1869061301997084
0.7162598300743419
0.6929007255793969
2.2823893421079338
2.1217259485278928
1.600170100704049
1.913850048118928
1.3770162159181487
1.1864113780997667
2.226535333775532
1.1245557963220583
1.4977256340115996
1.4801567199154109
0.6629163823937839
0.25500822055111705
2.554571485702132
2.1679673258846606
3.618641860788128e-05
1.449370845231928
1.1215629309985529
1.527170831316615
0.4057677280776328
0.23871863598140786
1.4600670695493427
3.613516461274855
3.0351352082239544
2.467225186480801
1.2386261694731873
0.36531917164010413
2.9182919499221285
0.8716020127334282
0.24823366882665587
0.4875694322598093
2.9226986292732104
2.5602883999536474
4.238381636486669
3.1185332294643953
4.132667784023975
3.10899903813944
4.642624190725485
5.924303500420036
3.0666252858709013
3.5157958719373945
5.8152527511285
5.775755702693707
6.111720041981526
7.934993691109543
6.694062751352791
5.850435233283408
5.704158855630689
6.940512234117538
7.210320089307689
5.996635784723377
8.17076099421737
9.123868276624338
8.51356863757423
6.5402792097203255
10.709829241385355
11.87477239149464
7.453261450151288
9.175009370038628
10.559761761579422
8.185286598759266
9.260702482532377
7.820695756351272
7.871956124952893
6.340244459929864
8.6648139909609
4.062060270193814
2.2707015187450463
2.9956623175431196
2.765516391974842
2.0306716045691284
0.9080691275716696
1.8279945788142586
1.4580224192500286
0.9355448509535752
3.321522567836044
2.08485400126169
2.0346591796693403
2.4870367053131273
1.7592259267973283
2.526216043713327
3.0295549440101546
2.066449338131568
0.5518714358641671
1.0266113705807924
0.7015980139256583
1.3515955304582312
0.5256378723020649
2.749349197797994
2.3624788257190095
2.2765556735749257
3.0636541819959384
4.893423388104412
2.0332298709049277
2.025277069104574
3.721172791364846
3.5163609453163978
5.126195745372728
5.574067693894172
7.751905813755735
8.208180384464889
5.455997288560678
6.046911873087455
6.101252441130528
9.11521318944004
8.04297652056551
8.928881443699503
7.3320803953088385
7.548437609902096
8.027858312537324
5.473903384146348
6.48173190200659
7.611093882952165
9.504463312707966
8.784867165552525
6.6820862608570435
9.42857941605413
6.412477233339531
6.120979390288469
7.878126664458455
5.72538595045207
6.406676197440824
8.114840787944871
8.476414978901463
9.437402010625462
9.857070933695164
12.344978392435413
12.192517307329709
12.796183127653395
13.748684493620086
14.833922161250836
15.721988403167646
15.810220254986449
16.686322154845815
17.650301978354868
17.827675830913176
18.385673438171704
17.593285749628052
17.905550193128242
11.44019066391495
9.039743594142829
6.2139385254329165
8.53251649418348
6.949150881701921
4.808768587397762
1.18765833329179
3.0185493242076014
0.8885218119744628
0.945851830946207
1.9244747707540648
0.056366384858001446
0.7923521214574671
0.041711652881397825
0.27730321177837186
0.44760516434086817
1.725251846276812
0.42871263877949306
0.8127517647777882
0.5748491194884731
1.2582510093488357
0.37255774510958817
1.2142679368485567
0.371954128411599
0.810841269749381
2.0505639490695375
0.21810823865807064
0.11898222133505293
0.9395537544467704
0.2310020552985071
0.6418439957162578
1.4957379087813771
0.5320353427823034
0.1129364762668285
0.1916782298525759
0.3535338994115961
1.319162499146339
0.22551756199904344
1.4470724529274441
2.1545093035243985
2.6769305352763504
1.5336004204649647
1.1951872675750814
2.274271568072674
2.922939216718694
3.70146034598655
4.55774324770178
6.1654645483593455
5.2307244108879
5.458517079426668
7.103907908674571
10.03541963796876
7.976328436236338
9.016551863997428
11.353294972246724
12.581344272241996
15.658906249746023
18.71257123777617
20.545508929391612
23.091713194511364
24.54937125010553
26.779701040216647
30.919829200500356
39.83074423966887
43.17362027982195
46.00567056746558
52.6057931100637
59.943923420125984
63.58758291302096
68.97663316711083
77.02407093061177
78.38244560339233
79.11635601929207
74.98994944393525
68.66403634329592
59.8138251400447
51.74838063422273
43.67724981324529
36.881186179639194
31.0172558872403
27.089194938215957
23.019401746832752
17.691510748552563
13.389346826533847
15.496927312908102
17.52798932253588
14.036874961820665
14.310959662100862
11.583193462748794
12.466329447575287
11.028582745568354
12.770334733910902
10.687865336036003
11.81126477151155
11.374133606565113
13.461430003190879
12.576213977904601
11.387946736659337
11.254766126182234
9.084259094955385
7.7297808617089085
8.942682122308682
7.958975475139314
6.9841543255002305
6.675146430470863
8.245669479811754
9.102821060215128
10.780656159630174
9.66932888998333
7.611244088527149
8.801733826155079
8.594696026613649
7.1354590142365
6.899401831282948
8.10006457325258
9.915105064295766
11.212232791612442
11.059538759294814
8.900333353485228
8.092194310764107
8.793653541561518
7.491536108368513
6.625098577666188
3.9828269530046927
5.633420620199284
5.762799351929469
3.3804323815324535
4.661030272182735
3.3121725449131074
3.592997204614187
1.9852201121313637
3.9175087775733277
5.027369409220084
3.836400811536872
2.401151110672299
3.433407070689899
2.185912605091309
2.5137518339836022
2.728565809885536
1.6450481172863174
1.5459650804382368
2.699237031225372
2.7679017561216934
3.0123883852639155
4.9457397621142665
1.8747429908318285
0.8115098889122989
0.27075565436733606
0.7990725802222233
0.0970455209189087
2.073245319318864
0.18120886911786663
1.0094862725176195
0.8437177821296162
1.0586679026498882
0.0773876060700323
1.6522324149728564
2.018996233471015
2.5023181575717413
0.49413401622455544
0.8791701688868181
0.6819477930256492
1.9102150402088989
1.945598477044824
0.7868076801592656
0.22742830811765757
0.6493986882126039
0.03172892768854281
1.8049715768480352
0.3063154571229825
0.6945086065814079
0.08443944257960667
0.37397564793790483
1.0718672882263103
1.5862177710710872
2.9964648966624012
2.932765526721531
1.370240372399784
2.479066804914303
2.2316300536920126
2.5422752058139877
2.061024999684434
3.2267738353481175
2.1437446024589915
1.7115801340846246
3.8929767381775333
4.14145084846403
3.762906374396549
3.03354834463555
4.955816100012885
3.9056955739227455
6.512615018131978
5.404160012219279
4.58919853080679
6.792451421303591
4.50997098224834
5.165048263946179
3.8847370224901083
2.881046659635283
4.557031191679191
7.763878085248364
8.271076856768696
8.073726200033912
7.122113926416768
5.683490390178471
5.557298272511345
6.0611880685773665
5.677697947952563
5.46845134788399
2.8072025481413467
2.0730469946847188
3.509575924478122
6.674088970492914
2.7529270431605624
4.167571724914966
4.8034942915550545
1.384224846183748
2.6350094029909443
2.3474795999077234
0.8575364411031691
1.8493938984394522
3.071136068729465
3.481754663716677
2.1116879410824616
3.19843959697108
2.1985805725768213
3.4252432228522474
5.925265063397181
5.775320600741293
4.238793511867979
4.595058008566703
4.9681268752415
3.262289755997184
2.6390871861455767
2.7263581241534682
5.5512192069707655
3.313126593653112
3.9173366612508778
4.071596496471525
4.730000540357272
4.162647499637944
3.50243360576213
5.786823570830127
4.7825302596205646
5.710361748632035
7.737953797535977
5.4925007689971705
6.594098224472915
7.625527691943715
4.517729950733762
3.1710353645801153
6.887940613599508
6.403318551998366
2.9719471013612644
2.6794287306138735
3.484355590425351
2.743585440747962
1.413891217789413
3.7925280558523036
4.006275021587848
2.9690509432907355
3.716652125573199
2.5561907402509365
2.1421689052033344
3.6558621368872437
1.3401559482639993
0.45337307940700955
0.5729455510893741
0.4496527879166351
1.5097138438803508
2.0108282171707295
1.347004624508266
2.1903738442274636
0.23575101682142507
0.4809074711718157
0.5741713931480397
0.6385378166918352
0.05807926141104657
0.8908829018311606
1.3092142969170757
0.7630694783926039
0.3898791010008991
0.08940543856546004
0.0011372958560645241
0.08902767743450482
0.9183081298071817
0.5927370521090424
0.6835023512006865
0.5816160205092948
0.21327740808534082
0.5038153003933277
0.44323858519553566
0.14938865288714884
0.8674138662049237
0.1843216167711284
0.9231405742323491
2.040313558405688
0.2141619384511386
1.1451652684128775
1.0044695240433617
0.9999154745924178
0.6434456274226364
0.6550049872415714
8.588232285179432e-06
0.33965337044931215
1.4700780831293159
0.786224383521525
0.5807395349369867
0.9031480829746601
1.0348421668690007
1.7879757082506917
2.533675032798097
1.2152433127800164
1.4910287126727475
1.4341566002010313
0.7611982367948978
1.9540125832824546
2.5603070061795825
1.3544372430435248
2.507058670996831
2.702539933612884
2.449903293046845
2.6254394281111457
1.4929886500862153
2.2809429250413498
2.539261479031459
4.059048037965624
3.2903271736038397
1.8688239855971644
3.421065651348491
4.128136316350162
3.9382783055646136
1.911313311282672
3.6834057171603884
4.700202179040398
9.197227832325195
5.7654287191481135
8.505303190850924
7.729048270880277
8.666981570793906
10.499774472026708
14.935576593224003
17.752845122912333
20.41266351996209
23.87951930397403
28.51693208893304
31.53945837626915
36.193065520647515
42.18805969843829
50.26232043503699
56.2627673279109
63.64264225837308
75.39792236078773
87.91133452168775
101.90047652258367
115.01261901461518
127.13266352565265
139.72427919471312
141.705118038468
135.93988303676403
126.5457191012219
107.97244512854958
88.62957041143693
75.46667523329765
59.222039244439
49.33793888333845
42.405319394397786
32.47382941854396
28.422066759469057
23.560866365656832
18.727171785360447
16.622685364057617
14.123499005807796
10.968667738177551
9.76376088267649
11.459087988725868
7.266656005843962
8.881656432361755
7.956090021660296
6.913659474084069
4.493264248241048
3.161660028784841
4.352878201496344
5.64529136756413
3.658890014580292
2.340897144614393
3.381094189570065
1.484120549734654
0.0055980921026411124
1.3799361200077873
2.026060281432877
1.794591100731029
3.7119083128238297
2.170895837430393
1.6166179461598877
0.36506027082476766
0.20706933561592153
0.2637536043792236
0.9242378717605791
0.1556419720269402
0.03719584173348825
0.5068527310710542
0.04216694804431645
0.9404180569437262
0.014898636595173254
0.0966137855896711
0.31035215610817884
0.5047939185979505
1.8746795315679776
0.8506564684160723
0.6105232358660533
0.549574613384764
0.49137551889611303
0.3172947753089295
1.1364186339589395
2.0450631749596915
1.0329219849850717
1.819707926408037
1.5808609478051932
3.3328417187128075e-06
1.8381369248951458
1.0047132752784578
0.7744846088890246
1.4215997290743
2.832933819297266
2.78199928485957
2.1340913876730734
1.2921332013055633
1.2324533298668678
0.1814855932170029
1.3923689077616255
2.2019782002476895
0.828685419585077
0.14849656727511626
0.15008233979159005
1.237582344954296
3.9046844200242323
3.791489805769631
1.8282610605953813
0.8573941119729964
0.8334267631612052
1.4036411037251801
2.488889744966113
1.2467991997786703
1.77971410001204
3.474988270777591
2.755846099105233
0.2016463156038139
1.9110626877550794
1.7329114625192164
0.8273546640644427
3.2031695835349576
2.4421027582018806
1.3928519400004173
0.386655016356311
3.272128517818638
0.8967294792097278
0.12257259285488122
0.014633676424476222
1.9606112238847886
1.6128185953500869
1.5113162578160342
1.9146703004957206
1.0229763543658472
3.2924777309326823
1.7016709049023035
0.6221303910762283
1.6748056002729685
2.851275937140464
2.003856361110473
1.4621261382967714
1.6299403424276602
2.339017168510111
1.518753402965146
2.3964205620379992
1.9663927932032779
2.512627101167571
2.1580366989552493
1.7197449458963951
2.5862800936289005
1.8192792048183863
2.4198519916647423
2.199063566861875
2.7380133300522393
3.3356386228007415
1.7195490982452228
2.962669383189934
1.938867510742086
1.424568677063973
2.3485257720616524
2.9262664071008198
2.9438876902323075
2.604104195995943
1.1336227249387507
3.8832040165047927
2.3909089160500114
3.4492823417484857
3.770654994027921
4.699847040281988
4.352395183281305
2.3728939424952284
3.7691236487342175
3.1287883628785966
2.9752433748830716
2.8129490142077813
4.1255772995086915
3.554132377818211
3.8125023025698037
2.703892901919538
4.145289488528241
5.435685840728323
3.524724708418327
3.0759146973497544
5.108178991122892
5.249887114295643
3.030424271044976
3.7609823646756504
4.724380437921374
4.6122994850488785
3.3358138907046406
3.140713760003726
5.569947734211491
4.63878397400865
3.918579928499122
4.428031038777561
4.412552616187889
4.940776612749302
4.789555546722272
3.147965125269448
3.6504156728561465
5.064847639843264
3.876934419573164
3.1289668232044536
2.7554938008786913
2.3397334733421045
3.6577197495133724
2.478537566772578
2.668676012851959
2.917581457268692
3.641255144531723
3.423278402864517
3.264158988956461
4.066383400033706
2.952902018446616
3.948432408088752
2.041072922936996
2.5568358775736053
5.852204206044635
2.9533542866918117
1.907848665622497
1.0699859290938523
0.8846065175597888
0.3771919960543903
1.4783405522668434
2.93654918924235
2.362027735356109
3.4521691559227023
1.958599987484773
0.008262424973780137
1.6316700390114591
0.6572221427727549
3.7708028082308713
0.20827586644690274
1.3483206713228155
0.0678836286895765
0.22979332595808458
0.35714538368699167
0.2762391566042433
1.4603334536265224
2.512915350841239
0.7090352052926803
1.1967378014793273
3.1234589632551897
1.0738073241151034
2.703139328028357
1.0867557540358228
0.7847325892626366
1.598973326431743
0.9873465807673487
0.2891118129376285
0.7418730814486445
2.261768211787906
0.845857772415438
0.36950969362810515
0.30849025144197095
3.4050159140163383
1.6472230557391554
1.549791188945639
2.476887912371327
3.4298097714217035
1.0571061259445895
0.5473314746014871
1.3886477387864775
0.830878653095088
2.4444085010709107
0.7700257938905887
1.3970482294782471
2.448297155438484
1.5853549888663583
1.1301518927913137
0.7382104544953931
1.804151464886073
0.8326693131575184
1.6498473162887461
2.6084530207193346
1.9293776942755123
2.3513320555481854
2.6076690409329655
0.5765864648500156
0.3622686156829522
1.7816891304950575
1.527846286356738
1.3780607361501884
1.1838872317055733
1.6931027246511758
1.8062635542883836
1.6912416622019366
1.1417820819984068
2.4033277830655764
0.1709471311478976
0.11915463740699261
0.6212680999535681
2.093868949213595
2.1935053466995797
1.5901850033619238
0.8386374228085365
1.409853262446616
3.1012946408277005
0.9010540857987303
0.40746754158044696
0.5746802589568603
0.6221430239977296
0.31775676313334256
0.8147930683805813
2.085653120144917
0.6215651074753977
0.3757960729768345
0.1297377579470422
0.3920094247669964
0.17461631410177436
3.012790034124524
1.506490184042319
2.362389572073736
1.4110571926429831
0.37254622759071415
2.071059347391704
0.9790501612845666
0.25557665708325594
0.15288265571584436
1.2769035581352506
0.6791214875166438
0.05579334706806822
0.5750034757924672
1.3175908705590669
1.153447228013928
0.8388763695106146
1.2160398282912979
1.6954763642628892
2.3843330235464113
1.215842634116477
2.8147202608066664
3.145807111526322
2.363521431942426
5.202330633337756
5.689402932979551
6.421478518340187
4.880892177589988
6.132950100083389
7.54791790264646
8.690436954019681
7.332908131297958
8.151152343638234
6.004467890080067
11.587227114381617
12.093221998580455
9.938836184569524
12.886818616508275
13.19895772587111
14.291917579282922
13.64716130853249
14.748553062680829
13.327985132197735
14.73488540917667
11.941247671019822
12.578496698723974
12.678148215435549
12.74718304864432
11.118741564408532
8.334758726487978
8.37861237914642
8.486515812842125
6.7885437779979005
6.773111048419659
6.188860651585494
7.198699910600168
5.5461749183116975
3.31505551513705
3.228377511762684
2.41005779795977
1.5871332879671134
2.640003167265657
4.446041255282968
2.1810857749981505
0.7004675801433417
0.43701023246596826
0.3607092031040453
1.4787914883046944
1.7006327503077199
1.4564164510729853
0.7149877878670736
0.7568977063783633
3.257274044988248
1.6514766328247192
0.3590866425550556
1.0727125854847563
2.5511936017864345
3.516355752276197
2.3386004864407717
2.4704383519411577
4.367034337785056
5.168444151932691
6.931205422426196
6.549184788026698
5.578705513705289
6.935778377787858
9.341406233499855
6.5446542627606314
11.359818763780357
14.755465279913015
15.342906142516144
15.945773666973553
16.11702028889322
17.739913817098444
21.873388016364196
22.990785399929532
24.132061435437734
24.489430494415068
24.192581993253427
26.994507129975652
27.075705073612827
25.846568382901953
26.668430760892477
26.61764527143455
24.355465489451984
20.661888779074403
21.70145244792804
18.92272232645991
19.60459445206976
15.501125238730804
17.815859621614877
15.51152099328586
14.891608916373373
12.331614058082726
11.065655138526092
11.724478660090332
12.662209437256532
10.594239862156183
7.775053653356821
6.640456659498088
5.627000534113262
3.3899150674116005
7.97180515406918
5.4948981950542315
5.966902081959407
4.620951805602789
5.047419918120363
6.140972636771475
5.525510714688732
3.40909376743085
3.4532588127769213
3.70828098583424
1.5185239955438152
3.6934501553699417
2.708649366353189
0.005026041705029321
2.818950802984739
0.7265749178316141
2.127378896359211
1.440651206385833
1.6313943724908828
2.734572779671474
1.7116749399024995
0.270331956262651
0.7586744450866116
2.568792571061155
0.1787225292975455
0.385908795903376
2.8643367489229554
0.5034372536649169
1.6540488374391513
1.9861552288059163
0.01733891647768045
1.2969882129931645
1.584406772211677
2.652415067482279
0.1144756323229542
0.4000851270708604
1.232628329052005
0.9283573311528907
0.7876724589585623
1.1532054259794289
0.567206417456402
3.2607097976850428
2.466597022621003
1.84536388580555
1.6711723350016494
1.3428310394107477
2.624056525619848
1.5148666466280043
1.1991911421872992
1.555779305521846
0.6781915141114115
1.404452074692806
3.456835131502576
2.2497394854605615
0.7436309958217111
3.0234980164071033
1.553266296724645
1.662965266937389
0.15154283498235097
0.43109446691671705
3.9845754563055555
3.300418480750678
1.8879938381441606
1.4674499435566817
1.3000765860845551
2.3408601843896895
1.7491905902074325
0.8978093518026924
1.1841826006580882
2.331318551436554
1.7122221736865546
0.7314324536763347
0.35772591165805895
2.133745095696355
0.34310915373407214
0.27460338288676406
1.1227799144152963
0.45714952291595684
0.5070610653092802
1.1185615045355168
1.5207567613075488
1.3263926420290653
3.138686610427628
1.6566247941425398
1.6436932494689613
0.4739972888974904
0.7041971918010869
0.38487309364238403
0.339630127329808
0.5395453819573567
0.5590615975162773
1.3789858032014746
3.3524508772778443
0.9663799188500525
2.6394619001568707
2.762864365644058
1.7437820552270658
1.0698166091955403
2.362412774517602
3.494819702365993
1.9563353539254793
1.2868868252836367
2.7923086317505756
2.586129346982
3.7049186661609412
2.0421021198013034
0.1571836372742381
1.8043397590198924
1.6294761209136788
1.4399439915121433
1.6507286286412417
0.7192238830436394
1.4245759813755792
4.532005104746085
2.371139150461099
4.622885880153248
2.5428802211108787
3.4087345008132557
3.6331299584414483
2.053685235388391
3.418518247332195
2.192363608605225
3.148970447389675
4.924149010433655
3.6275670002930176
3.458293609008025
4.987099349539597
4.204866026352059
5.458930936922035
4.535623539176958
3.7096442141648693
5.730823626015444
3.7255217148511264
3.4755521763961323
4.065093585182841
5.612552571827275
3.420705188707339
4.675831898448766
2.717722964391753
3.952286939517586
3.995334724962546
2.5699496983536037
1.959322233362225
3.7598506710349286
3.7493907690932704
2.305931414897714
2.0309186306535487
4.136837026899519
4.735558379634244
3.2551798020027753
2.3381446979770835
2.940250016521854
4.79287165460688
3.6893945532894112
4.660248249050243
3.665839894927787
2.1247285171706554
3.248173512681428
2.1306517925151476
3.300939856288299
1.9766375132805787
6.711284913975389
3.355948360745135
0.44370201253062064
2.760901239539484
3.6168086495253107
1.7834509018948888
1.3642644550777876
1.6858174066345755
0.9751151291706028
1.09471416879525
2.0638709375691318
1.9515352401105315
1.0477401467487002
0.660791636309162
1.3396028953588246
0.5872047631835897
1.258197000667665
1.191119098089667
2.4001608817973836
0.0718626745514819
1.5035109745883373
3.1579992020260064
1.8880045716759604
0.043169892857207064
1.1897112089736881e-06
1.3483902903854357e-05
3.0402646051429064e-07
5.856025566726264e-06
1.20037738405032e-05
1.0523193069516064e-05
8.523863645045264e-05
0.0009559767210015392
5.068563558417385e-06
8.471049482719369e-05
1.6217683087316418e-05
1.0516524449462259e-05
0.0006844628297965014
2.4024712273668603e-05
1.814751691849132e-05
5.859314385778718e-08
3.7549725913734227e-07
2.5077628433386132e-06
2.6135235169831607e-06
3.259869298847287e-08
1.0281079923488191e-06
1.9637812751495315e-07
7.279744237490858e-07
3.1012923546084757e-06
5.3691680874644554e-06
1.2530677626932382e-07
2.2047170241497456e-07
1.5698451609457315e-07
9.428060049369828e-09
1.6013169706764245e-08
3.554677691223369e-06
8.099347540454543e-07
1.3768660538050708e-06
9.503569006451547e-08
1.5441692762027864e-06
1.557851404645805e-07
8.317607479550714e-07
4.411595564269726e-08
2.391408268205867e-06
2.3568492810288797e-07
1.1480512747043315e-06
4.6259221678513745e-07
3.0885935097257273e-09
1.5271244620809274e-08
8.435694348213238e-07
6.765884915367202e-07
5.571126354824052e-07
1.0153100072737115e-06
4.193185020121028e-07
2.177485976273512e-07
2.4364492269929504e-07
7.176645009313839e-07
4.6745972224030857e-07
5.885267735870083e-07
2.5665628883575884e-07
5.623184273501067e-07
6.238936177808316e-07
2.6516821799116855e-07
8.365477228412065e-07
1.4093128856525863e-08
5.185755605964369e-08
1.5323500505397861e-06
2.368577034969264e-07
5.733695473304371e-07
1.7970463337017915e-07
8.056830094449983e-07
1.5691858761989686e-06
2.0971663751134366e-07
4.466939229484769e-07
9.995875130035627e-11
6.765678502836687e-10
5.053447530611671e-08
2.9188007094743093e-09
3.1106565657241267e-09
1.0804407194807955e-08
5.012795851682639e-09
2.2398153446171012e-10
6.8829160035941684e-09
1.4934340975627937e-08
5.623390045311589e-08
1.4297052249659642e-09
7.071658440753131e-10
3.861876319649862e-09
1.8177436050644665e-09
9.011023294571146e-08
1.697186181901184e-07
4.373863179990908e-09
1.5443977051770374e-08
9.315831993994753e-10
1.6178775306577256e-09
8.988957217127388e-09
5.650487793984766e-08
3.5118614527315365e-09
3.658987019757952e-08
2.8411775800312828e-08
1.963672687703173e-09
1.5588622815007353e-08
2.4610871833534044e-08
5.229933291928013e-08
1.934875303225213e-08
1.8427667665041587e-09
4.258313364383172e-08
2.846756596068388e-09
2.524091261706165e-10
1.4040954444500442e-09
6.526993065913409e-09
1.342720259863583e-09
4.5173573385346135e-10
4.0396247996280426e-08
1.840338694663182e-08
6.713427768826538e-10
1.2227134209786408e-09
5.81340133870107e-10
8.225315632694301e-09
8.018559234053559e-09
1.7759653240715282e-08
3.731926247712622e-10
1.216448711608926e-09
7.192294719649243e-09
2.804579616820878e-10
6.224331602654744e-10
4.1926326546775753e-10
9.35643265836935e-09
1.8608503536578767e-08
2.972321168914341e-08
1.0537436186404763e-09
1.6337673336429465e-08
1.2974059277833121e-08
1.8397428857572698e-09
3.1958981153747497e-09
5.770386460122369e-09
7.92791499411187e-09
7.168287624193127e-10
9.441403125896037e-09
9.445303897115206e-09
2.5040471842643263e-10
1.8527853656237788e-08
9.284304160922795e-09
4.729248266061819e-09
2.343181153135621e-09
7.967687929343012e-09
6.049407135116606e-09
7.674893301508162e-09
3.917274466429925e-09
2.648311015155058e-09
2.0994996193698246e-08
1.2284719393925907e-08
8.881012367559379e-09
3.5067138190138433e-10
1.4594292911431516e-08
4.703838981372648e-09
4.832336915716776e-09
5.630278973305568e-10
1.170119894129985e-08
2.793622133079389e-09
4.053266564137621e-09
4.0267439189344494e-10
9.92750197569244e-10
2.6713777556102384e-09
5.325772663779412e-09
8.285786733203528e-09
1.086984340990146e-09
5.406928207605661e-09
3.889440717220518e-09
3.0647783551975573e-09
3.3540985213295467e-09
3.6558637668082693e-09
4.745916152225615e-09
1.8221679137785411e-09
3.7175039666936356e-09
4.248109945819474e-09
1.3443615797165503e-08
5.766077598001967e-09
7.886880939026956e-10
2.3468445147869614e-09
2.2012377898254307e-08
9.925034239304503e-09
4.0908156547239135e-09
1.1477184741826117e-09
4.120191106357584e-09
1.5675314236583237e-09
4.324583468150552e-09
8.308009788179442e-10
1.3701986212359671e-08
1.4682165649294713e-09
4.535813533732417e-09
3.3577991950807696e-09
1.399297955643648e-08
5.6201574973382475e-09
7.53655667268756e-09
7.332616874010707e-10
5.868929630039346e-09
7.596162813610266e-09
1.1405640836861493e-09
3.6389118012327935e-09
1.815244564385579e-09
1.7080932470024995e-08
4.81074479378148e-09
5.706143886131253e-09
7.796608855711762e-09
5.536254742311526e-10
1.3139501024840421e-08
9.530538101477917e-10
1.6851147008577733e-09
2.869678820158455e-09
9.81509040252023e-10
3.918538091268126e-09
7.152685118872672e-09
4.4689039929544356e-09
1.5816453063253604e-09
5.278671527275428e-09
1.1859927713678185e-09
4.41391928382395e-09
4.887950250115075e-10
5.531848565158738e-09
1.830020705580231e-09
1.2262746311912369e-08
3.0980206534508687e-09
1.2122920534333374e-08
4.907372659466609e-09
3.0666390009642533e-09
3.1054428322772166e-09
1.8453492455918546e-09
5.397883334464677e-09
1.1012910667982746e-08
1.1028770498965106e-08
1.2218249657661709e-08
2.0672913314240954e-09
2.929883537791738e-09
3.5520441952822963e-09
9.059743864964958e-09
1.925918421271252e-09
1.462667794745011e-09
3.5567646011383526e-09
4.139340259952125e-09
3.5708114984689235e-09
5.663458151132053e-09
1.6901328405874315e-09
1.708609559318776e-09
2.7776641537843196e-09
9.494264074485035e-10
2.3892563552584634e-09
5.543311069656768e-10
2.6291350088145184e-09
3.933869794696852e-09
5.473641980805012e-10
2.6247178732883852e-09
3.0334790350498224e-09
3.5773438516215933e-09
6.655658021060484e-09
2.5663973545144376e-09
1.9979099737338083e-09
1.8112966931943048e-08
5.57829598018578e-09
7.187531258741528e-10
1.867711530801522e-09
1.9512331708558506e-09
3.969747431292588e-09
1.1769301629322023e-09
3.739348544611254e-09
6.53851399489809e-10
3.2646521559041015e-09
2.295537409918535e-09
9.335233030536582e-09
1.0517183726310797e-09
1.0698621581062996e-08
8.515921626364715e-10
4.560944498565345e-09
1.0612948672097233e-09
3.8266504782344466e-09
2.1333585441985693e-09
7.395470011716315e-09
2.5552788162936403e-09
2.6535634128062224e-09
1.7301646447560101e-09
2.8231198086444576e-09
1.6899969870918615e-09
3.4148065507220516e-09
4.185005736331513e-09
8.373881054177744e-10
7.135225361299945e-09
2.484892661666555e-09
2.526877011759055e-09
3.502316619960994e-09
7.1720039360766e-09
6.722334716936322e-09
9.737844443272224e-09
1.8943118673073597e-09
1.8862790234261775e-09
1.91161549482295e-08
7.409792133097293e-09
2.645726461033515e-09
1.7839369174249668e-09
1.0150112092356933e-08
6.219402105019366e-10
1.5189860229401064e-08
1.5589609409088856e-09
7.006761548846542e-09
2.881351400849798e-09
1.6063323466235833e-08
8.341316856158509e-10
1.2413442997428203e-09
1.905145717272404e-09
2.2995557970480196e-09
4.81596911336317e-09
2.0787430590969944e-09
7.728454124544996e-10
5.651635828774918e-09
1.4581165227917033e-09
1.51898138545966e-08
8.25198417402302e-10
2.66460480603062e-09
2.570203102049331e-09
6.541140657133612e-09
2.7251849322807956e-09
1.5017440364994984e-09
7.39678135859753e-10
3.997490631675987e-09
4.590940680835764e-09
7.932931427025256e-10
2.071455532580011e-09
1.5443827823539403e-09
1.132484257760377e-08
9.057701909448462e-10
9.209068990138722e-10
7.83468181611317e-09
