1.4150182242279385e-22
4.694220039205483e-22
8.15381880547166e-23
3.6622857691830824e-23
1.514970552101875e-23
2.7394594924506e-22
7.144798130978607e-23
3.9046523091218976e-23
1.9952556745223564e-22
1.9732571937343516e-22
6.217543712771152e-23
2.0776199043451795e-22
1.6775072469121133e-22
1.356455434533802e-22
2.1101264414691847e-22
1.7032620264577009e-22
1.0160159931941967e-22
3.0201786848988633e-23
3.187341619926548e-23
9.640120808176467e-23
7.821029533173174e-23
2.0964083388704292e-22
1.1015437217390948e-22
1.6334211694254855e-22
1.5894209310894363e-22
6.832314186259609e-22
1.6265066422245848e-22
3.610460589007697e-23
1.2451199670768767e-22
7.150276402190563e-22
7.923906101545461e-23
4.5101234062943055e-22
2.163601807891618e-22
7.871925377067339e-23
6.975944276297826e-23
9.869934227423677e-23
4.38755164536013e-22
3.6098932454819136e-22
1.5873509975513044e-22
4.0685205865322774e-23
2.653336240007594e-22
1.9181723464882033e-22
1.0854203902370428e-23
1.1998683151515452e-22
6.576324745614261e-23
4.0255556133467015e-22
8.76269438372083e-22
1.8235841019320743e-22
2.4517479839928366e-22
5.229011058868314e-23
2.748376280860899e-22
3.532209116531115e-22
1.3919124015500034e-22
7.119915708660263e-23
5.655006086099821e-22
9.617763545036793e-23
1.5710368426272992e-22
5.22262647790742e-23
2.6897326167425767e-22
1.8694375649011732e-22
1.1528259807168823e-22
1.5511124276116287e-22
7.461813867179964e-23
7.239241799287245e-23
6.622507506164782e-23
6.925946262374352e-23
2.1866630030591496e-22
2.3250132386631174e-22
8.298504712222573e-23
4.355558327007592e-23
7.81683460627218e-23
2.590573444295954e-22
1.9696359118677163e-22
5.530389222760963e-23
6.064595956764982e-23
9.431605387538692e-23
2.9939929648819256e-22
7.152027363052492e-23
6.572458590676437e-23
7.365604844821122e-23
1.5637591192450171e-22
3.241749139338818e-23
4.0269881950052524e-23
1.060599301579111e-22
9.711267896478554e-23
5.813827415011056e-23
6.161900583511275e-23
2.17689814771127e-23
4.0769143189983053e-22
1.2928353271027819e-22
5.541253753868676e-23
1.591576323475309e-22
1.5440607970021073e-22
3.139181321511604e-22
2.4408231607699582e-17
1.7082173955193793e-23
8.550017410079903e-24
7.259302456177118e-18
3.6173629612220906e-19
3.920121695093854e-07
4.317181561429886e-05
8.131110241197501e-11
3.525022658691702e-09
7.994855031123093e-15
5.8602364585146164e-08
3.1910211283765295e-05
2.9153311683203078e-09
1.6007277947863299e-09
5.642209429212754e-08
1.3683367426947806e-11
2.9438727342352292e-12
6.427195832627271e-06
3.41291289324357e-06
1.5759799267907373e-06
4.467687244183841e-30
2.4627268797020825e-28
7.016458686047832e-05
7.18041408353597e-06
4.9653324255267094e-05
3.57836092203282e-05
1.1296348748225412e-05
4.363179119080451e-05
0.00019026919322874514
4.208558481247679e-08
6.1507104056254955e-06
7.873013323493833e-05
0.003347445566153878
1.0621360753234366
2.566219118653649e-07
1.1672933174869033
4.150239869575407
4.173086568132716
4.651720867811223
6.209155426662875
8.266289247515948
8.765517451318235
13.350043566428438
15.078896303100494
15.781356644514778
18.640282864133226
18.79788368538437
15.657040424983245
17.042175738909584
17.422814085439672
16.65911797779071
18.3926376969752
16.505552865998762
15.844601712664574
12.728395452375468
12.919152666423404
8.399064336424328
5.3269032256042514
5.43319298796234
1.5976267683890126
0.9599332242950966
1.0813148499258827
0.02368405015617657
0.051298942398187615
0.02859119259661642
0.6599048115392407
0.5268390452938069
0.843012969248979
0.1526705017619381
0.18285523611652402
0.4105831900268286
0.05976977708834924
0.0788737434829519
1.0388141198561989
0.08065289033269231
1.0873712943992293
0.019127814678527057
0.9424906684765919
2.4043772459703168
5.420279568091107
1.9490951840292707
5.026620655259689
5.484004714123064
5.5398672184154085
6.358489994592009
3.450646344681101
3.7638926273626554
8.300111195609865
4.5712629797953
3.1412700897872736
5.109187991346316
3.7336151248308647
6.550361178782564
7.848646447001726
6.748423720797082
8.77602530213893
6.687045737598962
6.19818023785681
10.401718751352409
7.063134935902476
3.4850581129638205
4.883567114374725
4.893611314227057
2.4103178333776394
3.394612666777882
2.2966722194705005
3.2627862135608954
5.11639749125864
5.251464549267458
5.37997693106104
2.741220244856667
4.538492339739586
4.236122057538527
6.016318511844898
5.8184476514987855
9.192261759856555
4.6753978632061095
4.775275645702598
5.510543746143403
5.411705917580842
5.382256669202491
3.8149042649899476
5.112552208875134
5.247584240371069
5.193020701979834
3.1156565399844434
3.3290344589518917
5.866936958906336
4.413305200615942
6.682299737649497
5.12688787600868
3.93652827764437
6.199569375699142
5.769611079685579
4.154839220039359
7.8844600929968625
7.158958249297539
7.604591870344063
6.804450114653821
7.943499693666095
9.767728224641905
7.869739160648711
8.296675416923124
8.242834020709344
10.58253331632521
11.477119549297386
11.848491368524918
13.20370568698757
9.658961074642805
12.083055836680193
13.919420078661524
11.688342556923876
11.857267870903456
11.585645996762612
15.141603255899444
15.961785350906625
15.026141754167838
16.517734400418007
16.34576964022444
13.066590645671809
13.936351589494382
9.157380912090892
5.945118451595609
4.1873298574373825
1.9485124598258998
0.8634538312163766
0.0059316765559610535
0.12382265978793561
0.03322011489393113
0.8981697304035814
0.8559517353813468
0.07926293613151054
0.17315752721889888
0.6933078128309961
0.13934346607056175
0.06657747392864088
0.5433588336863255
1.3812595985411882
0.4553204547368843
1.5745170271068445
4.462805458581121
4.509313722733022
5.855188562090409
6.435269575134423
6.166632490259913
4.486999093616355
7.4140018253704065
8.491099396692345
7.759783285405367
9.690097153657753
8.916441227423748
12.212406219707997
11.099621662553535
15.07892860778491
15.324318176672186
14.964613954392114
21.486404052148245
18.862913997185306
20.420801420875303
23.831286199701932
21.08353172696917
23.26225489952138
19.092726277429566
19.562026787626127
20.913314797928827
17.833184545190743
22.290019748215254
16.77760319416545
21.33788341317698
20.82934743227423
20.99454646343038
24.489797031328433
24.372960980380725
24.73385306692378
33.265862300309124
30.49201348900704
35.012556543595124
34.80095152970654
32.48051294723663
34.985312913656706
42.93189884080386
47.414240806975485
48.50815838300133
50.2424100121026
54.62166577696971
60.24532672590013
62.36948345828549
68.42576260858637
71.27334213309449
77.70039422597807
76.23002237017744
73.62815092528712
61.69875038302634
47.48504611345402
36.430972963854096
26.30426606903515
16.64386564507532
11.531044035648573
10.408077898165427
5.723081633359024
4.128967569580964
2.835945805474381
2.0747812811913735
3.2609128965784375
1.0740330154078248
0.3229797932391299
0.10018004909419577
0.0554989673439857
0.08193365949082794
0.1340583240457188
0.08392511853103506
0.01546770653077764
0.21426602080874693
0.04154334472302241
0.6799259589251265
0.15875254345772952
7.941544345969752e-05
0.07143010904058951
0.026372915163093476
0.23054833298480457
0.07941714386206529
0.11578807762090992
0.7604903308454108
0.3435640451929829
0.2017697027060918
0.0017867654965828513
0.7677557838549196
1.8858659106970241
1.9819837793941029
0.4501733377158665
2.7529991470915727
3.3688107370807803
3.0461267344702456
1.8540314701629763
4.323052656219813
4.226069804276724
4.395265712269572
7.519712195371226
6.986569366784998
8.014106809437374
8.932934073915247
12.190602557909516
11.532528023644483
16.68757659838881
18.858806427531437
20.556657395298725
26.1434053334746
28.45301675342387
35.33656985817894
36.64659166030259
37.480325954534635
42.795778896456284
47.0410645261087
49.194117098257834
55.01196522267345
57.72749458851377
65.62384464541287
72.57032583496432
82.84853163846799
92.75508071084117
99.53437767073957
109.14952338084133
111.9935767314016
113.97247907830119
116.69057698812152
116.34786481999195
108.37377145188486
93.347812516791
81.12245336185222
64.51862583345844
56.16015286396203
47.99692594728418
39.27567883487632
29.206565716470394
23.609675464061624
19.853652139473475
18.06373896165299
22.666832951036287
18.55018353128028
15.193014852678198
13.520927064987246
19.458881300727594
18.435671964235667
17.314872284132488
17.426937610805407
17.285528424152304
15.866676496523853
21.226527676571894
17.979122649639788
20.605810729111507
16.68263973979182
14.054836139147206
12.365024943544663
10.048162289087589
14.585718573434773
10.721508703688654
11.549498096856151
10.456014552771979
11.378960525920553
12.133370266370118
11.072159617664772
14.05262092856057
14.391458375437791
13.869534276491288
18.529875443943794
15.420432891262907
17.434323592444724
19.025410838494935
20.55325919670231
21.260123379037772
23.116846374058834
28.158523717042502
24.79282278619555
24.85342079475483
26.569937242545308
23.833141523342817
21.8432141235195
16.13149464421386
14.6793590441024
13.664668532085692
10.936036731180995
10.59077647219411
7.86891142417265
9.088013931548916
6.538252916069944
4.199501920932953
3.8704597878627864
4.510253663663299
3.632510986341307
1.2948352299420922
0.8879995380116518
0.4514342816299654
0.8019383214906762
0.056140113551919106
0.2008836213315575
0.0018227875989936288
0.05683724220961229
0.17636596052005513
0.15920320587485343
0.09153812144569876
0.061030083356936556
1.2912305204069496
0.4608622425498476
0.01431560989413345
1.8632822434616865
0.10344629874335043
0.5186095244233744
0.34576675642337196
0.2414363285990221
0.6692766898220572
0.369504311519533
0.5158042368539364
0.7336371946568551
2.0487014038416644
1.1304798780944953
1.3627068571024523
0.24123622434599212
0.3713044360527908
0.6710814690531872
0.1552691080835661
4.264950685499664
0.43454800173973623
2.1794242217216886
0.8026312340370974
2.2221355772400138
2.709339093691713
2.1391265692603807
2.520981948077078
2.401990694916012
3.06476016485883
4.21332458936646
5.142375904325334
8.12075071370667
7.152100235950105
5.8319152147028275
8.968432139700418
12.682478368024237
10.611417887964715
8.361945302218546
10.850113154799049
13.35519510206261
18.043389075229904
19.576101540668866
18.72621719953248
21.13706672486199
21.09825762901898
21.425269958787844
25.261780144027078
25.661123202034698
25.63277301477699
25.96373035794969
26.99558259672138
31.82137064779959
28.44006113962407
31.22317990062123
27.383777908107902
31.02098309950972
28.15278273657531
25.02298968989459
22.907437038547922
23.270772108686206
17.296221626168553
19.474341518068776
17.81156689918285
16.985861475851404
12.732437274089994
13.530233342467163
12.247079768516963
8.257898476044236
8.430073654291673
7.9682185524904945
9.290205551572361
7.6297667871226205
6.64184153104453
2.597718262607646
2.849917365786837
4.233412562495093
2.6339728441274803
3.004415174696715
0.8203610840491339
2.3655348693411753
2.6540390752518714
4.887873384067377
4.091528415015748
2.1185528981311874
3.945221159361005
3.735572491548115
3.6773543195064353
0.9782720480779312
1.873910270810847
6.279073232741335
4.502700770999012
6.631919806280226
4.8817486177034874
7.023973138055058
4.091116971077992
6.53672529903321
5.4959696586893205
4.15352194769313
7.73993235319953
6.6759347597650684
6.485631823486944
7.69258442722956
5.20816874875617
7.139221135248686
7.746586839562802
5.333847513806493
8.251516224915786
4.7419728823374685
5.979240003125344
5.277858559910112
5.386623485802306
4.621738410649979
2.2987991754890817
3.3632694195335286
4.537531066039425
2.2590371204603863
1.2033525366898625
0.5921414845771277
0.0743049308466078
0.39921380292933883
0.03915529622589345
0.028837255546169054
0.009572730866744896
0.2175915747764482
0.023595941710727552
0.004084060830028196
0.8491810983176313
2.053185860175566
1.6704083506032101
0.45642568095032704
0.2578349084422597
0.45800922196628496
3.318541607231292e-05
0.004115240071267638
0.10084977496185876
1.7371281244699484
0.9987147090852672
7.068544335335374
4.178897075806692
5.655417574122048
2.90864941699808
2.4841250697094854
7.000190013165663
3.616716188007741
7.6907959945860815
8.063101636859836
5.365265923819125
6.881826094890076
5.219916594910896
7.159087814226976
5.796627494635808
2.756583480310701
1.8771500452591843
1.0841786790449723
2.8851870206856964
0.11475040794484315
0.018374467852294286
0.9773575494300771
1.3521134802625407
2.4846707783742725
0.2277452691050029
0.09347885634135863
1.7289141887816717
0.45586459877250207
2.247842306140277
1.5353372505737033
0.6309871360432576
0.6498513869392745
3.0891027577389245
2.2514535280782377
1.3828525907938232
3.1491212093966894
2.1566093322402633
3.919283859190415
3.496854118628017
3.930585988627152
2.9242350694449724
7.272155054874961
3.003890984242214
4.573605302649305
6.222941233117802
8.177711709666497
7.295175735269458
6.64390343210498
11.039922129531323
10.949945242485672
13.06125507974595
16.450436939210913
20.121461341847137
18.064497435500552
22.007828612273006
22.875474826040417
34.3612993837805
39.93792081839692
53.88217458125378
60.01992562733257
74.9464615336004
81.54143301013839
94.91095403121241
109.54742738433464
115.71374457684864
132.0649689307007
151.59100424042794
166.9846266378985
191.49080233969408
215.0071566582624
246.1709211948905
269.2950109736405
302.5680943921519
336.9919495146839
356.404319347519
354.0729663973455
333.80865812611637
297.00639352660994
244.5565911342634
199.48227411679238
162.05166720692014
131.05069517996606
104.64702226831987
79.08458799785664
65.07406622201391
56.39358914832957
44.90421625963853
34.859562575251665
36.73886702777604
27.686008175927682
26.724885610768844
24.891806320251412
20.900657247312093
16.509522821370897
14.24758537715062
12.647448454577958
17.203002681056017
12.80979216479752
13.386958282464704
9.365693565898354
6.0239432719250745
6.25089630780151
7.998574991362449
7.255869620857751
3.7824426870940218
4.777889007151705
4.408878472609905
1.9564157950143615
1.152311832484099
3.629263799051464
2.7811987159115272
0.7065067990064159
3.3113810841015305
0.554184413178525
1.7574792636541698
0.5225190466261761
0.08835271761287726
0.9530177790293903
0.011097152690860158
0.21574959373097047
0.018049124704182636
0.04363359157967534
0.06320562262551789
0.12822177166024074
1.244478022063585
0.10495100366436758
0.1834374292670792
0.40121427376448954
0.3682918790122096
0.23276425610789464
0.18457439861888814
0.068004442637949
0.11092356348806658
1.3529788574388943
0.8937430515843624
1.0642927425551907
0.26431608533979906
1.227398101963453
2.9962509949470686
0.5900700916263748
1.2888569901589604
1.3431911094747235
1.8493736055816474
3.0585118327185925
4.037576093850575
1.9047623474481274
3.63783524400667
3.3116927309057456
3.1017618970988625
1.8885221638112095
6.481657019001864
6.146816021944516
5.5566272933976695
7.441693555202454
5.981618647896702
5.0063379833116555
3.827240397938204
4.003835280644657
6.056836491922006
4.967762224943401
7.053000530637056
5.698507899527995
2.544613743186358
4.86873868482226
5.124919695253521
3.614056099913957
3.022007137136108
1.79184053897936
1.9570235108303176
3.3250132882011565
2.2496394666936816
2.2727086317382215
2.4022934102499347
0.03443160346702798
0.8673796793735019
0.6938330751770726
1.2134049090257404
0.030088329621036986
0.02610980118576295
0.9587878996602948
1.1569628567428882
0.3304169074144477
0.5128659142887094
0.24958054764878054
0.0035541559630860122
0.2626828175176231
0.7811277540735669
0.01980537948001113
0.001551782130529134
0.02615036741162647
0.03735749051024759
0.6247989800366119
0.021787045138253972
0.04983815963865158
0.835277652867608
0.3480089214047999
0.051356752619248276
0.014665054077567335
0.07015519426922717
0.413725651952436
0.5308471891859117
1.9185741371636638
0.21867750415552337
3.45750229386451
1.0192157379429352
0.007959560514216518
0.005604227261746591
0.19645727988489492
0.023164715452933093
0.0033490514826773525
0.014947697841708296
0.2536940366390636
4.0908281857627085
1.0744679506763997
1.0457096442575553
0.049496739602052316
1.2147569523311492
0.6917518306648811
0.8191026494789103
0.43382880568156434
1.0812269333449898
2.2059209969193163
0.8592191985982448
0.12142460561916378
2.6445331184318546
1.3697250374553966
2.3445525415880955
0.47045396640690484
0.43252715244259876
2.483188392346977
2.7110928428939
2.8720851003007497
2.8985082138906457
0.36834160057880444
1.1452006516329503
4.966848901701013
1.0070098112868635
2.2396731609385503
3.818202036467743
0.9304587462240601
0.8136536804146857
2.1328468622363506
3.2692846968497045
1.7417583968666406
1.1839636451518436
1.0564138997236585
1.7479877753017405
1.8988176027732824
2.2024265666765404
3.1525182447547153
2.466172258685424
1.768609314718531
0.6624372723823445
0.5456135474576927
0.7280796393447186
0.7044053696393798
0.3495754696504203
2.902352521394011
2.2236724889612884
0.9725875974802305
0.6763453901475424
2.2348186027773513
1.2401581015454002
2.377287307170179
1.598822589725753
1.1572648146462428
2.1761736951246853
1.0190439470611767
1.079842373192731
2.301820626235657
1.1605965039820074
1.261769339589088
3.0765836640679
0.6164801393697104
0.9097611279309492
3.40759732423559
3.3663559114381156
2.7953057504665897
3.171594486714859
1.9423772841260942
3.377924578505785
0.9734471632075404
1.4936884027429573
3.372116777430826
1.6584965627814525
2.596905097859744
1.9083518264269907
2.2591354270880886
1.9880858017278105
3.8393742203864734
4.880265597865878
1.945087943487921
2.8109273607961716
4.8844034839867225
2.62255854301457
4.203006129093869
5.145026247708253
4.639192975891888
6.492133092202925
3.8687944123651414
7.298114811428697
5.936139888976128
7.202733355075968
4.844087260297256
5.252259198099816
6.715168806641034
7.506881627652786
5.678705409604838
7.41755840660704
6.20388705527717
2.734430247879612
5.117084709361135
7.200056279441758
5.17690316624981
4.906936501111762
5.025011574021459
5.289741404239034
3.29611414996525
1.6007888381754227
2.467601873735464
2.998129803928475
2.5769307318850636
1.6117284356777681
1.100728395642835
0.9236922041324321
0.9776542735067301
1.1809955626802804
0.10671778083336735
0.4756539508104429
2.2193172537267754
0.7177776327451628
0.3442653426266914
0.06624617208161183
1.7948457122138872
0.6442414582390611
0.48294316610374544
1.347652240877518
0.23938462109835223
0.259390881422101
0.06502337770591199
0.541848267627533
0.4766353762228242
0.4858573888553869
0.2614194219290635
0.9876136421501039
0.26005713052828217
0.04663533676267193
0.22810176458942905
1.1030487693103186
0.3395892098063724
0.017423380823339562
0.1539832887308756
0.22952993259609492
0.5300221245731496
0.23927459874154539
1.5589202970711757
1.0466040026753967
0.48582016264838335
0.08539632318360425
2.1344537588149555
0.35987969161159794
2.8707956861495987
2.100247374393391
0.31569690605485945
0.3613894360700891
0.10725474658966351
0.027563816064811963
0.34689131047703536
2.7146140998290154
1.072648676785501
1.0799866271939067
1.6730287522154657
5.496551003162696
2.191076778731596
3.0890377399822153
3.6063547158904314
6.996155406793359
4.054277209659238
3.8723740977107557
5.268345737361143
4.878296042716218
9.47782844636242
9.18826649724804
10.834962482811143
9.169500925895605
15.339463959434033
17.019192596899202
16.985546480866816
23.002282794439502
26.885222603153345
26.05196598890041
31.04204922957654
31.743553217512922
37.865296152400866
37.80494569487143
37.00867408293895
44.164635181650816
47.49456944207824
51.71480428299923
51.11319963402871
48.10130399534519
46.19912749005703
42.96978454381694
44.92961187536521
39.20575489603013
35.117261792220134
33.98363950396848
29.039842521585264
25.27788176767193
22.335488009023596
17.01707599972117
14.274888424969172
16.19567448929268
15.534138213681992
14.075305549220735
9.79627157354574
8.08080486654022
8.062984559924265
7.876483920949835
5.566022893572077
7.671737700039438
5.55347226010787
3.844648098963735
5.36756435755644
4.9007444831252664
6.259102672324223
10.55029489039299
9.838944336582804
9.523795181454007
12.191022371106275
11.400693110048245
13.36116691855275
11.608105869954164
17.292980157220434
22.331836234609096
23.171927188373072
25.841007932380975
32.67713013655205
36.49536548241141
43.96688984505456
48.09666739354188
55.364942394963464
63.5184809863997
72.26759649972128
78.84757184736222
95.47536653809657
104.56165033538608
114.18918341994984
127.19399068001654
144.43394133198066
151.85855804296187
167.9810992117994
183.02008925185203
193.03671855981563
192.5616654667929
201.81898813124985
202.6779328804012
196.83321146930282
192.03843867824492
186.23189316796615
174.05727892279216
162.9092030942946
148.2891755873598
139.29182414706662
125.5004826112895
115.55828955478569
102.4420227506879
93.3629826022758
81.01258606794006
69.80411787510658
69.19512766765916
58.16846892348888
52.70092008891059
47.21996342132119
41.82768207040503
40.12463564936997
34.28243472067665
27.133939651151184
24.925805457687446
22.251028561860824
20.38898834284091
18.48647189873189
13.415821232913425
17.17303369178477
13.77628976881756
6.1390475673326454
8.12016117847725
3.913728204514253
3.8825614040700116
4.86921574695755
6.899042883465194
0.5054911981761886
2.7877057599463417
4.168630114190522
1.9054465485422598
2.902479478659969
2.664612207483359
4.464219092591525
0.5510897503600772
1.0062539710192868
0.3751253488099363
0.05585491294728665
0.06484028064161174
0.2508621842802072
0.14534617288300786
0.03692261456308805
0.011463602168351723
0.06726911346798128
0.9204368435329895
0.048152160863756864
0.3416803882031415
0.2200033897429357
0.030032584606197434
0.05994603430560143
2.6432814476504887
0.14321058164904418
0.05243100388383781
1.48156236370474
1.4954526788298819
1.6185051623228783
4.093363169863331
4.467190738371724
2.9428971596141342
4.1743397850888995
5.435015278772982
3.1500700208283523
5.747878624642987
6.972032221734706
6.1223591362295275
6.0977725506718174
5.636454908804196
7.575189954574752
5.721469635306768
7.437702295771497
8.05063632879992
3.6428862376874362
3.669401324577669
8.227134097541226
4.670957026336604
4.395911622989222
3.341878426880542
3.113758245814724
0.9744697223492159
2.1387921845561335
3.205564341715862
1.2340454655460398
0.30661324269220674
0.35682050141998
0.33199168657671313
0.0672695767060129
0.09576957765724191
0.01652830152907764
0.09456225580831962
1.0945722087234362
0.10576784067750702
0.21896465135673238
0.999584274495862
0.19357580888291262
0.04381403111129023
0.9400971994152543
1.1084896832173066
0.05439129856131976
0.039484270808674365
0.16116379302753034
0.052035598298651384
0.0013450652030595263
0.8276162214972327
1.2190303269217322
0.006177562085547434
1.6730654415338557
0.022632107053348952
0.11367878329282102
0.9450818269532569
2.436642789447197
2.153243980785569
2.2971277923619318
0.48626842986742347
0.19185409821447286
0.4337557551677135
2.6541020996920395
1.864959995829866
3.1835940525120674
1.6276560255402808
4.319321152403221
2.4464879420573875
1.0192492246153186
2.106189216132811
2.81005675890996
1.3129613704408591
3.045848669303766
1.9553751125194987
2.084117585838636
3.248189378881937
2.3959160257519194
2.7615756203271267
4.78297439973435
0.9838591009034959
2.1690716825847396
1.4486099954729998
4.304493087739282
5.040616168436614
3.9543167383355655
2.863433060649375
3.6602933098484702
1.3590896143073803
4.722906462746163
4.13697159230192
5.804340945656121
8.09297125483531
5.002163000138408
3.7116193350856648
3.1928660272012634
3.7283298614407148
2.8120250299644125
3.8938756792712264
2.8190248311559034
3.949771646370928
5.652774547318005
0.9435871352357258
4.86065008521534
7.906485785015438
2.014774100936764
2.414137871055512
5.905502216998366
6.6899749485260145
6.025664698799462
4.342592935219918
3.610027020454737
3.167473585307885
4.878344984403887
2.9205836163305676
7.79130355169371
5.471355595961876
2.197764517656734
3.7179785916276993
3.511068037659505
1.582256717755677
2.741726797436293
1.6420635652661624
2.2547236388152436
0.15390750298470035
0.6121826601503042
1.1991746600437412
0.6105977140978532
1.0860587839636584
0.9740558220474814
1.6358269872576972
1.38521510961459
1.7523152409995084
1.123600237250236
0.09860255792556513
1.9471084613299805
0.24574180480755142
0.20254796568355823
1.0347607922156137
1.4088159984433426
0.019819419343471423
1.8695882158795245
2.428871637503017
0.5677843385366281
0.0017933095599300876
0.7200202324977255
0.18379485990527217
0.17359263165170083
2.7084519727681546
0.002587512031567968
0.8280669069860659
1.5440937615809281e-06
7.146002324498489e-07
1.4824443654568365e-11
2.3667832927957e-06
5.363425058272827e-06
0.0001945424248493972
4.0114078757755476e-07
4.519413940464389e-05
1.309633895519942e-07
7.317127988047496e-05
8.325351347782581e-06
1.635316538430797e-07
5.570955805577684e-05
6.936824940521979e-05
0.0002950052663727195
0.00036194356171328953
0.0015002330241118396
7.185253838429189e-05
6.646941211406109e-05
0.0004174607233004733
2.1380388195639444e-05
5.761043409320624e-06
0.00026844677563383714
0.000671576573183882
3.8790672996325734e-05
3.2419290639029256e-10
7.25510747305541e-22
1.833503723219023e-14
2.30590291572961e-14
6.396480712157822e-12
1.3721802295537814e-13
5.066932392613985e-14
9.579287357897036e-15
1.661855407384742e-10
6.895213285651236e-16
3.8539990837316374e-16
7.433886812120809e-17
1.4328687340789632e-18
1.113571717472428e-08
6.850295034074692e-10
8.022210784239347e-18
7.155098238540899e-17
1.3400942511092802e-14
6.578352545756501e-21
1.8669527157510358e-13
1.8886446687343518e-17
1.0354440401608407e-12
2.6531527197452776e-20
1.5563067585881201e-12
7.003350309235505e-15
9.17812214786067e-13
2.2340980874151597e-15
4.2613913118385375e-14
4.098167394909239e-15
5.905737489502855e-12
2.188065982391756e-10
1.43728391352826e-13
5.59523668476985e-17
5.280102928210752e-16
2.7077678406312708e-15
6.940705210241277e-14
9.584624325702725e-17
1.3562025347388272e-12
6.89092375010923e-17
5.277038005275494e-09
2.370442950712835e-18
7.139597081767044e-16
1.789095722817549e-16
5.709883038853829e-16
1.086508036252469e-15
1.4422309585102094e-16
2.613643789569684e-13
9.620923788929553e-17
1.1954124336639787e-14
1.3604850371279943e-14
1.4888905272099228e-14
1.5145480589040406e-12
6.889513685319085e-17
1.2714829953601104e-15
7.998830869782611e-17
4.50411714898753e-16
1.50862750538582e-13
1.8100051262926788e-14
4.430247755010295e-17
2.8506793946180333e-15
1.7403926213373982e-16
1.3860084738409599e-14
5.291275668303124e-15
5.230399222211771e-15
1.0730903658496866e-17
1.3144372071248438e-13
2.589209726556559e-16
4.64334618102922e-16
4.662113532837199e-17
5.41935380149797e-18
1.693064017599558e-16
2.2387376326499595e-15
1.2458024537978466e-17
2.0082136286434547e-16
6.459473506614594e-17
8.749246234975158e-16
1.0626914720834069e-14
2.4502359183202533e-15
1.1438602595240064e-16
2.44957244062749e-16
5.982102462148618e-16
5.33877476393752e-12
2.7010162961629105e-16
5.076361987725767e-16
1.4911106844966416e-15
4.888682906458691e-19
2.1518803268925e-17
8.2942374599725e-18
1.1203964305342562e-16
3.231915003008215e-17
3.87435070622652e-12
6.187476931325928e-18
9.896539948616399e-17
1.26647772387063e-18
5.13442996231715e-17
5.088257122419736e-17
3.071222369773713e-17
1.6911584831730248e-17
1.3257369563490027e-17
5.775485154441919e-17
5.594829796957813e-17
9.088330570307013e-17
1.5702220688005984e-16
2.5743318738095506e-16
1.8732999484264835e-17
9.580146718746973e-14
9.22775924122222e-17
2.076398344790177e-17
1.5981824584399714e-17
3.204324383738969e-17
7.145310107012732e-16
8.99944392451197e-18
1.760291104903288e-18
6.44255307540784e-15
1.2830396972279562e-16
1.423434217113031e-16
2.2823967770306803e-16
4.33003631299335e-17
6.610795426096992e-18
2.7257449041039035e-14
6.913445574143796e-16
8.724568174297252e-17
9.303422611563985e-18
3.4949090771072296e-16
1.9799844217685024e-21
3.694470351452666e-16
4.0630132492490707e-19
1.5766665100375183e-23
2.2920656289934265e-17
4.808131051434294e-18
9.485546736833755e-16
1.4835218527192446e-17
2.73720652322327e-19
1.2693228842081858e-18
1.9337812658701294e-19
4.706703034265374e-19
4.523126259491001e-16
2.5342735711617867e-18
1.980063173414797e-18
1.7105464659927777e-18
7.562340061092575e-17
2.9282198713336904e-17
6.179381284055963e-19
9.843534152954896e-18
8.37881941844395e-18
3.0497246556842477e-18
9.600677064520536e-19
2.891992539789482e-18
7.159320843827911e-18
1.8715673991266278e-17
5.273538437288611e-18
3.5130189991662184e-17
2.409172154594432e-17
3.2079093944807856e-16
5.104390338523611e-17
5.215047396708077e-19
2.6693397819929635e-16
3.2790383496439297e-18
9.780505411267414e-20
5.3873953138588306e-17
3.632960550244562e-18
9.10237492310992e-18
2.0217500074957752e-18
3.166216993771083e-20
7.373967694095725e-17
4.130945862245927e-19
3.3367559816656586e-18
6.713262491397032e-19
7.120330301073663e-16
2.1007620489184453e-19
4.1525631179804606e-20
4.5327829084616915e-18
8.704915616917537e-19
2.199819413308693e-17
8.98047915954239e-18
5.674064171970161e-17
5.284495907837751e-18
3.232498386083676e-17
6.49885381189762e-19
1.2657215393044231e-17
8.029847511713376e-18
4.475863222813376e-18
9.956652631209571e-16
3.216423597402308e-18
5.74890478999466e-17
1.0950331296418663e-18
1.4740577714154465e-18
5.889081752655146e-18
2.473093524879624e-18
2.4528405555520705e-17
2.5071665445630094e-19
3.38566992948949e-19
8.781991531163568e-18
1.441384270479874e-15
3.699907249375379e-18
1.0262903377372598e-20
1.4749696334822573e-16
1.4864839814113445e-17
5.594252860662351e-17
2.434051528373477e-17
1.319216592118072e-18
3.0675176924417156e-15
3.34067171522572e-18
1.3298942356846502e-19
1.0030136951415128e-15
4.17537054979505e-17
5.35920094158635e-18
2.1210806828452946e-19
6.713939235605128e-19
1.525734379305436e-18
3.927476854526001e-15
6.923022172145212e-17
2.193214601305851e-18
6.8687687286915244e-18
1.7515827026377326e-16
6.440055995546299e-16
2.808404399578892e-17
3.576027822425513e-17
1.8222804400234262e-17
3.9563535900341787e-22
1.3278066439055234e-22
2.451359197879494e-22
1.082602081376402e-22
5.612210481283472e-23
6.108617054017774e-22
2.4940540355375045e-23
1.2568134353230496e-22
1.9312042426907375e-22
7.900210529027853e-23
5.897012333994458e-23
5.173204033510004e-22
6.366618194146307e-23
8.857417550030681e-23
5.2169790251082084e-23
3.113085569008904e-22
7.93284562304871e-23
9.231289408744944e-23
2.4504233390649455e-23
1.8218036002012766e-23
1.2846448752848387e-22
5.438076819972292e-23
5.582457485844652e-22
2.442455094175116e-23
1.822993415839135e-22
7.821485499954458e-23
2.108652099572018e-22
5.496287376247306e-22
1.5273166511156928e-22
4.26400218773388e-23
6.749509632983751e-23
8.355601080703063e-23
5.381026445224057e-23
1.7198730173898186e-22
9.097895808505351e-23
1.0172527802677085e-22
3.088233832623644e-22
1.014516234367047e-22
6.419792022844717e-22
6.540415246826985e-23
1.8626367298598152e-22
1.5969371352767958e-22
2.270296046628561e-22
4.625051016435818e-23
2.833717303295331e-22
1.6197633877388914e-22
4.2979442494272554e-23
1.4072089006124726e-22
2.8700717060859263e-22
3.1825936118408593e-22
4.1969218636011974e-22
5.2280266655406595e-22
3.952253419648808e-23
5.104911701711973e-23
7.405904168452608e-23
2.956483488085909e-22
8.011132885121457e-23
1.1846197557965333e-22
1.0953082711631055e-22
3.9734826720302955e-23
1.267972232181529e-22
1.7362437637455113e-22
5.534882715725193e-23
2.385788930379261e-22
1.8181997752841501e-22
2.673768453911253e-22
1.9041123499553376e-22
1.4535641250201652e-22
1.4558329575502695e-22
3.6062326984493737e-23
7.976557115310023e-23
1.84962926342671e-22
9.77082469187417e-23
3.9980344568711634e-22
2.017388261884555e-22
1.8848580353126948e-22
4.723038668352231e-23
3.419996639224002e-22
