2.2996303396893827e-41
3.852616964542581e-40
4.653005766545393e-41
2.977480400733404e-42
1.8894750859153157e-42
6.920206993629024e-41
3.362844685116823e-41
3.69383138001408e-42
2.0742318875188077e-40
1.0548443774659214e-40
2.013860835887345e-41
1.1172184351956849e-41
8.76622597614087e-41
3.7200422022194723e-41
7.473499826706723e-41
2.5295478185105307e-41
3.3800091409587736e-41
3.183284844945708e-42
7.512937030475917e-42
6.684831445393016e-42
1.157596140608369e-41
1.1615865886013479e-40
3.095944631687507e-41
6.521958467868829e-41
2.559788577373908e-41
1.3231036540622026e-40
7.867162038095515e-41
5.5583939336509e-42
1.2755267709692367e-41
4.1675893448115155e-40
3.2644611302022556e-41
1.3613568985477555e-40
5.872274455860301e-41
4.4450622434492877e-42
5.841722487020045e-42
2.2027925242607733e-41
5.872164980325543e-40
1.500177512617996e-40
8.253159303883568e-41
9.555912075635049e-42
2.830391462124959e-40
4.2553835297307343e-41
6.5200242394963664e-43
1.9204101225854827e-41
4.64685710312102e-42
2.2726423773364925e-40
2.819948170406049e-40
2.5133747907642926e-41
9.768382781411898e-41
1.400256941862946e-41
5.451583171739564e-41
1.163772065729372e-40
1.9216448357433385e-41
3.750051379984053e-42
9.577826256672885e-41
1.3464373900383057e-41
2.2235794149641227e-41
5.421541177179355e-42
1.7778915750608525e-40
3.109024171369309e-41
3.2032000375068616e-41
2.6315338263875514e-41
1.4061380544500797e-41
3.705702742855935e-41
8.153849888962735e-42
3.6984936757563943e-41
1.3133028152023295e-40
4.949627693863149e-40
2.1590300663004438e-41
9.879103851341268e-42
4.381121698961515e-41
1.5186821063834447e-40
5.427855642988804e-41
1.2878251398224408e-42
4.2864207541754866e-41
7.322880215590885e-41
1.1854133082084637e-40
8.118180253075086e-42
1.1798147962264745e-41
2.2566490038816072e-41
9.531201258686513e-41
7.040328813894794e-42
6.623107111976901e-42
1.1852882239483973e-41
1.28632269619631e-41
9.703635393546251e-42
7.870530828155465e-42
5.633385300555715e-42
1.3525805550112702e-40
9.292762269227015e-42
1.277504788939397e-41
1.119104112146424e-41
2.732329555071237e-41
6.069861765907371e-41
2.151651529112087e-28
7.391868270097798e-43
1.7802510328387276e-42
3.465003951618681e-29
2.31610805975317e-36
1.4395095559742945e-19
2.2640078143827884e-15
1.5062211906985116e-22
2.8045789059078852e-30
1.8211146984549844e-23
1.1562978904995483e-13
4.32400875481956e-11
2.7730934374332296e-13
1.692927920121707e-14
1.2808805505584607e-13
9.930795040624988e-22
3.521364868373884e-19
9.854910886865331e-13
7.858676896403543e-18
3.2656178143407175e-06
5.877476541381919e-50
3.566682278770955e-45
3.437953825710733e-08
3.263981219404596e-08
3.167413929791282e-08
7.185007988853625e-07
2.709876710352488e-06
2.490342988368903e-07
8.156232639364137e-11
7.395224904326736e-09
3.7394237394333035e-06
6.120832367120302e-08
2.483291363285585e-05
3.1294478935659986e-05
7.722716168738789e-17
0.31812998975827433
0.00043075002578301497
7.984541135401659
11.270595361129704
8.922193795051362
12.755899984632437
15.168837994163082
16.89522133282488
18.825770133852792
15.29034150119307
18.674440913611445
15.889056689033842
10.480995299086327
10.135954129542585
8.325318171381374
7.900298518159118
5.348575746858141
2.5390511921107293
1.015513332589004
5.073925607671765
7.4308949406070015
5.752333472347737
4.870613568013986
4.998946205158125
4.762677586733912
5.1714175120965455
7.081527264730054
4.671425561728556
7.671387857775054
2.136756463505914
6.522570536930476
7.1237011501887775
6.64763153770829
4.437438741777511
6.669034586819895
5.114333394523423
5.6856046081945815
4.729415258047589
7.641735533482508
1.9910609957711938
10.708273072251188
6.1719768031511375
8.567916493395154
12.517779429966232
14.709602996864277
5.823330445569217
10.961951758099023
12.185778985504042
8.471965662312442
13.833289124392103
11.027965938151832
8.4379668341041
13.889793062794865
9.832032699203317
5.088000914588501
8.284473152246305
5.55456577934121
3.9146264019786985
4.779852010191331
5.859544317889987
5.3515754865455705
2.5561652277886218
0.5093399964064084
2.6801510305639953
1.1023773691141505
0.12796416410712952
0.03418069487582826
0.20265432597655075
0.32098124463997646
0.12975953724999453
0.08620777185628267
0.01993618612517435
0.35136302660003954
0.4753666687731256
1.1961584313221014
0.14716182927423677
1.0808476569682701
0.007108346196462535
0.028675622569354648
0.012062934323518489
0.044826466263891994
0.003679341219536699
0.001542637503111826
0.0025187169501585697
0.4886058223365719
0.018695434237681007
0.0036788084684885912
0.7581695039388756
3.2550899101983624
1.6388638094272743
0.3927750179126126
4.869327093222646
1.213148442290837
5.113988499025889
7.663514349282352
4.588907223485906
6.3153453393017704
5.6188416789150315
12.065901711442988
3.049298341900615
9.532506586152843
9.139028298527284
9.689258890883412
9.24902321937179
11.76094749491339
13.765897776918703
14.698081567396525
8.783340105752657
10.286553201182823
17.09208780090953
13.76254626199671
19.254396320641224
17.76823622281803
15.833126583312296
20.24156831371301
17.2714882723839
22.49483162091498
21.527717632165857
21.578513387179743
22.561160625008696
25.782434471196915
20.25026722293076
22.491613667008412
19.861321464287997
16.866363565833364
15.905033897835148
7.220936326640145
6.867518767759042
6.076823682557769
5.316932393740536
3.8163622058286424
0.4741556499585598
0.513078540157797
0.22371069493177043
0.025780225769322464
4.199051891419884
0.283712781193405
0.006951030529191261
4.270889364162084
0.009943627066612747
0.03341196999095049
0.23548947799045844
2.0892194815802196
0.5715250491779226
0.7753309175773677
1.902308973764409
0.3900818669003433
2.160564732555997
4.1957911255603975
3.910967608683723
3.640915185907721
9.501785785299163
10.231747092253427
2.634567358202476
6.49140793154061
6.102583884301663
7.372890171768666
6.214495027034632
10.789894761448672
11.48316271786247
14.361985277609557
12.67433614406144
8.224267843425729
10.381658765827746
20.8208547445555
14.175064690907181
21.43690388937047
17.813364364596648
20.810807328984605
22.794076030466968
16.50535330272428
20.27291488151617
17.128563326618863
22.999047963157874
24.624506800180296
24.479468004774276
29.725665550933954
32.52785910118842
31.362346436730775
38.81808031470705
39.57031615302104
45.209733491472804
53.26358892759723
50.953361100314545
56.72815505659558
64.2120267633127
67.86949119676879
78.82720651613266
85.57948768762317
87.83298508471148
103.6283099190382
113.64580915500453
123.03759507300246
131.37957200832614
132.51520908097572
142.17682543741955
135.93142878369497
127.67290458713644
117.50835795731709
98.14890584981784
76.46801926980507
58.78117239621168
44.04008938336039
36.18203454042396
24.286900326056656
17.137038431748042
16.085138473576468
11.013937438996004
10.680543825707627
6.736196246576652
2.393459760375526
0.9122147350672246
4.206824342026241
0.9357627365406871
2.669168854231639
0.04284043846704549
0.7546859765864121
3.2286371309340183
0.02914776013818953
0.4156276121891476
0.0019382267423213133
0.011077921541508773
0.001426224183129265
0.013511998561083975
2.4295458770159457
1.1252896145034132
0.28385975524664747
1.975353437440084
0.033288248872916947
0.04715365276447869
0.001898915487407822
0.012057628179061242
0.08550398950143559
0.030198346960690913
0.0004441326530353944
0.897885908062048
0.7557827509600026
4.515684852859726
1.4064313553947876
2.665731890448333
3.784102443336611
5.044169846812846
3.3634655884256803
4.551488777255779
7.567010747038071
8.61819645595608
11.638359921759559
9.90668424562645
13.897304423309677
14.302296068323749
13.79621052315989
26.37096402071137
24.168447216049866
34.35821246789941
30.23026334600917
36.438534793606635
48.75172579828847
53.75826324014212
54.488604238559326
68.75008337857261
67.21406033311716
74.94439195743215
91.154279900248
101.3639855100254
113.85033940096312
118.90411800249866
140.1590960076038
149.49351898815783
159.81917418856727
177.26125531721135
189.24232679341836
186.26310264306807
185.6689397499447
168.88617126700498
139.2234504477862
127.0405088152881
107.7782267714242
81.90233324319492
68.2122043392963
56.10983743931081
45.55004705064738
42.46729894532414
34.75960161729162
25.697175233966576
20.81495700043993
20.75487477385739
24.620395679536514
18.90422171814155
17.842052698151264
15.535821530027917
14.155332611029559
10.68067056621837
14.180352240244826
9.862962390916335
17.968978492815896
9.381241466929362
7.548110844376876
11.420949973741948
5.588990400958545
9.362256391745827
5.939688787144783
13.395905268806485
6.488238813101287
8.814601930348438
6.576892273259864
8.413219883431198
15.168647969543962
11.684042124204472
15.309825427550901
17.68169862190193
18.93142918149705
18.821978106571468
16.189586255272868
20.617147778772544
20.041936187688616
22.099969064379945
23.99808066971918
18.676423784338354
19.501731684069924
20.057991299644126
9.205070447602962
16.88619708066017
7.853685158881885
13.163658717675498
10.461619310037461
7.4584882028235615
12.956961211363298
5.75222379936134
11.347010049738614
8.714176939362822
5.205950569111343
6.152772216030229
5.385367318680805
7.334336199847234
4.301840119060189
0.7767122142009182
1.1930958479025608
5.249956066908983
0.4413499257825186
1.3561475985270242
5.823078963675859e-05
0.10193622509670575
0.2675662738915446
0.10218813125724369
0.256953098831643
1.033750968568773
0.02918394332541189
0.11014892023048983
0.2239730775983353
4.380649530676742
0.004646018296611178
0.06443209887588777
0.1298964804974778
0.026731891015366382
0.34195732270740004
0.011376886901835791
0.0664119801942435
7.970426681549022
2.4573525962550766
0.8865267638457698
2.0297884199242713
5.062844719633648
0.3345248771015614
1.50808662098564
2.509715364387275
2.0142636673359404
0.20836269789281123
4.452932296607392
2.127174503814267
6.558273651659902
3.763673089213617
1.9413737568010327
1.3809099368989426
2.171985881913996
3.951557948771934
7.452025399030349
5.002908724992319
4.555835690316785
4.7030393686970635
1.9482455044465419
7.449954738057956
10.80546921002706
9.964235491835025
3.4135112965453107
8.204982497634598
5.785783782752807
14.982543479381542
14.896854603178939
15.325512957890401
7.895246256950348
14.422128280470144
11.40090367149221
20.126181567458595
17.600834712551624
16.430083191150548
16.425919941187498
16.45616092854956
21.185478006735153
14.164280200970971
19.295534755567477
19.26144557901295
19.7956469967734
17.889592045670923
17.79460523264312
12.839869489233886
19.672492127713042
17.94945330955361
14.436094378928614
14.988919506115812
15.397288176461291
14.48640716060366
11.742730541515536
11.570371364060124
10.656052382697041
11.530257917166313
7.614663721446441
10.243255643223858
9.267389928650726
7.926908114040077
1.6660861119285164
0.6753286392701107
4.079035139230792
3.0527654334704444
3.0052845515187685
0.2605997119215115
0.9643167599095578
1.9243573495564883
1.690186151887482
2.039959216801655
1.83409809149199
1.8660895548749652
1.8670990942206311
1.1435312512975713
0.06132440276411514
0.470369016004464
0.3847771123983472
0.5639967908208203
1.9866684759386697
2.4833709578589516
7.653418724989317
2.404566476926092
1.8607330059060398
6.4680576835515655
5.026549952206072
3.804823811016453
2.5822129883193448
8.795181821305553
8.121791584649841
2.872099533272462
2.8890245808264963
5.008901940804719
0.42776514351629824
6.406824060091949
2.1040480914737816
0.7983442074394985
2.766448191017029
4.798770713346772
3.223063342585529
1.0489898999966574
3.1389699206932637
2.889040084092886
0.10808825481523429
0.020737921399420225
0.21468844836799103
0.022934903426399224
0.024033616969864963
0.07588901705732182
0.10165795012271593
0.1828412726518531
0.07015985791818354
0.03081965884309266
0.017482405179055527
0.005472578002267638
0.030705034866860048
3.2093709712926914
0.08524531233579498
0.0001993406933744983
0.03477035758102487
0.00625337041749554
0.026644194225047983
0.06455821793372053
0.16108736187485367
0.6727371992169932
4.658252420304067
6.290000150796897
5.590065889217413
6.003208149376233
3.6452087753171583
7.631087545987873
4.831481585058596
8.305474470527972
6.577003046819404
4.591587266163712
0.7660934633539702
0.22271036795002247
3.584149932972754
1.1724685059795608
0.6282951202818016
0.03638829976699225
0.03949358941626316
0.3537540672094963
6.901272017958789e-07
0.00023149146824806978
1.0880322947446501
0.06246698169041194
0.08137265090346717
0.07072498882052053
0.8940534788056301
2.946709849939181
0.292684057143926
5.42411620476958
5.155321345371905
1.5058290018503468
3.6881415576785535
8.470442637237653
6.2690427788001655
6.117424573728421
7.754237618262034
5.924680004456236
6.262581223433433
6.574700086053029
4.743124896517926
5.0569735669236096
10.004234164123387
8.50259080712486
14.17300198807717
13.788542261491418
13.790963982177763
17.89767853577456
17.273636152583187
18.206963251869162
18.5165371298674
22.029530695628143
28.240667790504435
28.63005857456717
34.59912744886493
35.75305754522619
37.411780963938384
53.383778565441915
62.25386456316467
72.10207072925337
84.5002166178009
110.94725698364223
126.61837834196994
146.4058911352381
183.81585468766121
204.9880519148539
229.36983159651322
266.5324085791276
306.7962072704373
343.8932730542386
403.46595146598156
448.8475024600264
505.9807876361777
557.108408156222
602.238014387829
648.1189257903152
653.3996518824903
637.9362298638364
595.0961254481792
519.0312827905866
437.85266151701484
358.8325170155575
296.79021035812315
236.957559470027
197.584945816602
159.10803604915523
130.99470799382385
110.10254899231872
96.01968345441934
80.05684280691978
70.96287830654937
58.05053422660844
50.674857137764725
46.38289818890834
39.70150881477013
40.40767523580722
29.855339439577797
29.596595975820172
24.673930775421113
26.213011340323636
21.201438068054138
20.171213312960298
15.210433238882993
14.90082012355763
15.321587982217606
10.412242604944542
13.679526504636808
8.816545662097656
2.7377919094747645
8.793708376025771
7.274016754321289
4.700036163950832
8.576962839453094
5.05744233134204
3.6985077477220423
4.815993864932544
1.4006439400477482
1.9844881588359218
2.9990342841907998
0.3075188862506497
0.35857983820888584
0.4439488031466508
0.003552366765964164
0.19119495059232483
0.14870929816954637
0.3997117764405816
0.01370949776267739
0.0020345386726277927
3.192512906839064
0.1928032224138459
8.195076240349086e-05
0.20016078766258988
0.22409419558121038
3.4373910242548302e-06
0.6074027620598688
0.09622289135837826
1.3514034152475496
2.2245699589478665e-05
0.008779451662150736
2.719196140156681
0.04217128726497824
0.03427693440368292
0.021695600204834978
0.027855475864508716
3.5932581483186516
0.08342811537845213
0.11169906281553345
3.148451139533601
0.711650575433351
0.03107430043116107
0.05404828397848194
5.45904135804971
0.029748986585614947
0.013725139702313805
0.7058995365833739
1.0897085506386284
0.4457438668221448
0.03879509342024615
0.043551079853628834
0.2834239830481748
1.672387539324681
0.9671281632915714
0.034851724880042664
0.0005197995603712878
1.0231600161381702
7.737116347848556
0.2900037794899488
0.08209607891903818
0.8611251742140462
3.626367355857291
0.0013047483124236597
1.2010817175004953
2.4225572957722585
0.20192068891209852
0.32994817768643653
0.17529788160503731
0.022945264093108663
0.07431544593174645
0.347388122336488
0.8142768406802964
0.2358612444478189
0.03146550352351044
0.12791236372720347
0.1839638734163155
2.1010323256555563
0.3514862901185556
4.573297161630637e-05
0.6640331101690939
0.02121508872086599
0.03712102268397542
6.570235168009688e-05
0.0029395195180418176
0.04714892436789861
0.07541205526314781
0.02997603387207206
0.4083411363804075
0.011715923325085635
0.2709814757707335
0.2752058533322791
0.001103934336338744
0.0019026250618876283
0.06775691876360751
0.05504058811795825
0.009007163200553149
0.07539011167095704
0.08259914169361547
0.09733447427101326
1.1335970195452264e-08
0.005955747092078259
0.033992939766819906
1.2800154942613458
0.05761051711066554
0.01282000566362792
2.872525865067685
0.08105045750262818
0.10275052946844024
0.010637952163973091
1.0016227756190634
0.03035281174037616
0.0018190900020659622
0.12593927046114392
0.6676323471868945
0.323943012321066
0.41745942492821686
0.08827157380589044
4.163604717121649
0.48828351219749666
3.0156095263021854
0.01081977644608372
1.8321534531848542
1.2648847845021665
2.2772087990880676
1.0245565843346687
1.7492061093334572
1.0061375154997962
1.04305469417528
3.795284854037297
1.1498386372670844
2.5604468214522242
5.305305226745182
0.23575385583926883
0.06796641195558774
4.236666815169751
1.9316165487040158
0.823678328497238
1.3239791017162397
4.954861906068787
0.39146486483422227
1.1014856506276034
1.2175367106906592
4.063886168001525
1.4282624078743458
0.34780461101512106
1.235737715184024
2.1843421978668633
1.0605757305795809
3.127630453367376
0.12893816934635452
1.0600640536745194
3.6722923641031855
1.8486961338225307
1.4523413962765237
0.8953138765377056
1.0576981291450462
2.5309001811788607
4.1097018861005115
3.5996289285249747
3.5401495037052277
3.853289904512941
1.0163616890867009
3.5313808453475986
2.9826695628570548
3.832223457258596
5.142842218181517
2.774705337337348
2.1596536367129104
8.633517476367235
5.515455605494649
4.752823256175585
4.776787891558311
2.1594099830767526
6.965667853770727
1.6241650423174672
1.3611978050774425
2.610525891236009
4.163505156255604
7.673946144184268
6.045027179013256
4.911432775860971
3.7741471904368793
3.5246249067888433
8.955321536770816
3.975671242973184
5.513123531088117
9.277424559322
8.271947151672572
6.543022696367979
9.389501833410407
6.877137327413326
10.157910538919287
6.3399589124983855
8.399257779160939
11.453598256052587
11.402423967110431
10.778398791407046
7.285230221936692
10.306406686932895
10.124667462774294
9.490479276199226
11.803102881771169
13.654341285670531
12.030359214444342
17.123839525707545
10.83345812378859
12.159343470287816
16.168349755814454
14.865423140045138
14.526553741434256
6.78393672015166
14.168088256562145
11.537696355570445
11.60633580793505
11.245591741855007
9.390567161768779
10.197072945740652
5.7091154309765635
7.015035710109962
7.468840658272032
6.1815865348192
6.064838762543576
6.059689214916253
8.24348541780865
6.422721741273589
4.1718565340614395
7.900423172198155
0.39170995420194354
3.005843757355541
4.432836219459808
5.688793184293669
1.4329068924867194
1.3235185991758052
4.147030851980027
6.534015025587314
3.9684044122321667
2.7268485116932286
4.215165705924968
2.0777839524865143
0.6067550718176926
0.8663799759804878
3.077966746375605
0.8817732096595636
0.25439059220421273
0.057901038125968265
1.8579027219384567
0.18870822383882294
0.45698416941167336
0.35210247898525643
0.08338075042788941
1.999027608894792
0.14836302744919544
0.02506208836018751
0.20223276537532164
2.1109798838380467
4.296670462227992
1.3076254947271437
2.882926459565943
0.2871675221265311
0.34473223700889977
2.2832844424459977
1.2762718077386614
0.2086652797055328
1.1125963352815267
1.3118091981847728
4.583445387505375
4.053992783416313
1.8533999461210657
0.436525981144002
3.7354176767213594
0.34342071457524165
0.14893850585690613
0.3312656999764197
0.6606680619363298
1.6617891570933367
7.141834285630706
7.423487918419623
8.198113159413207
9.459391211926343
11.6577682103849
11.480986189116674
21.155584473928897
26.428279033357132
22.69268602267231
28.146619564331377
30.627838617119465
32.41822289764408
32.64404574619549
35.86293645287547
34.16638564974713
39.2306229848204
42.00858554850714
40.674062728300584
33.40363381332326
35.655542503280955
29.45745967875226
36.045350525061245
31.37778001620953
27.688533769413542
32.12266896955987
22.461244036841755
15.105487313549311
18.196501857074985
13.52590824843051
12.405324669461102
16.778725916342836
14.481084468318825
10.5387680313543
8.854509381932731
8.256612275884125
7.176019450137913
9.411741817890094
2.875251995420323
5.504328736747405
4.041464491712319
6.676352560386862
7.79942178714658
10.50799930326685
12.702566348016804
12.500897812962144
12.636374579447246
17.396956549939443
24.0061517772535
24.868423813352702
27.713817592429294
28.210117362304853
37.245728714255335
48.343751678524335
52.17083475562671
63.87909904151666
68.78456826949827
80.73526380126414
94.13888812321917
107.2005759294887
116.13244449906986
135.91831382605545
146.06591639253298
170.46676331115427
189.50779531614555
212.5411680109079
230.13872148416428
254.88513799326947
276.45908081208336
295.2180234297408
315.73019284493245
328.9248123880934
353.0261660860732
362.5785766144733
367.44570829724523
376.7687746577028
374.0388441885973
368.3680775126716
359.7716552308245
340.021945729544
333.2130283419996
318.47613129864243
298.7501306081004
285.90239027483506
262.13790328251184
247.48609166197633
225.39593728214365
201.13628230090694
182.843170370297
172.10753158561232
154.27814990508287
138.74929683585353
127.86476556396352
115.0316742531898
103.7018355102667
94.5619215285093
80.8685283830869
79.57232669775384
66.50536006815787
63.47766893000254
62.85255515279483
53.641977168794284
54.23376382917034
45.34773746076952
40.29074470683657
36.94053290985362
35.35853033917908
29.895836078860913
30.024781358918702
32.934361467784946
30.885887598402682
32.56391511086628
25.135078907657793
25.61943889799437
26.12771181263872
21.389974750687333
26.859713124887673
20.184176857304756
22.230348831511172
23.876984007582678
21.011087258873587
22.210319221488504
17.388651810710726
16.953850573850943
20.96490065423308
14.703570008825455
19.893262657999998
20.58219505290338
13.922606611814953
18.8685168089663
19.997539437251707
15.826531733690024
17.351856782476197
20.927775588882238
16.982277939965485
17.16121234769312
21.91223078519887
15.30361946263721
24.797401879929563
24.818181723481217
19.739091561038634
17.05611673780675
18.285342001221856
23.591708417379433
22.173071265099193
25.475669593142506
24.236132897870327
23.102496220396183
26.98144638465479
27.4131758691104
26.056080970602437
21.562293706612262
26.214556718767934
25.138200783504683
21.360117921581804
21.167094899340523
21.353422297185727
18.159618911202283
15.389657170777825
16.24571640918911
16.874379050288383
11.875417095003797
10.705635639178153
11.630851110043565
11.66291754416705
5.237776704092848
7.330652823871266
6.98786250768811
2.431901979176368
1.0107715230269252
0.08978574353885682
0.1450895067981031
4.218316457464769
0.1096360136413927
0.98528148215335
2.2956406323631238
3.473103568807617
5.621015021802786
2.6414821455005137
3.9451149990659493
2.446274715983467
0.4286965884984243
3.6730468224669615
0.8224956853557297
1.4014089121053959
1.1092602399522602
0.1430735730354613
0.5059135235731134
0.6459113209819286
0.00026844315718556485
0.0019387970008990507
0.00019134196914889475
1.1298654100568275
0.04526660927882182
0.6616436483296998
0.3404682552372992
0.1674894336713595
0.026875423746230795
0.9742807001152763
1.2090511648281965
5.066761747681873
5.032690889688218
6.848590123202939
0.9853619348019641
0.9480708868504413
3.677578108449738
3.376895835689099
0.9549972584299987
3.703975465886356
0.47663626690024746
2.0326824357260493
4.82498040146004
4.201898778547637
8.041238064674744
2.4347185160197515
5.983776313943801
4.614801353354638
4.322826936779123
8.710743136000785
3.130440312275264
4.399116324963716
7.393394117861186
9.095409615018447
5.654314173520468
9.831272783644701
5.216913404924224
6.910921693109197
11.009845600534765
7.217309056387603
9.25918311694691
5.7050170500515875
2.632194690074416
6.02704338304881
6.149103744386152
0.7324002526043459
7.501864110777448
7.259409629769766
1.7950893645673995
4.403888775376672
4.824365131320124
0.43364289565018
2.5469299675111343
6.259458510241632
6.294815066495166
4.062328656223804
2.529499025068372
0.8296944548261556
2.962767828944952
3.81493760053005
1.738794790440532
6.117353319458346
6.622093751496449
2.9578476983478006
1.0406214826637064
5.044492848698367
2.4574021030403417
5.30596770355181
2.8082392248949066
0.2562891393930899
0.97715498560371
2.903546042102714
1.1220250059040064
0.12481589121952352
0.9345930089292941
5.251713784080637
2.420959443353502
2.21894775955744
2.120629165964981
5.253548526520032
0.3291836447437257
2.0575487701932125
0.17349951887007617
0.04238895699712726
0.37567278361467915
0.38338250699933907
0.6704723058866688
0.9892113058982701
0.0058167799984306275
0.016695904205144413
0.04995874492558363
0.32877750540248357
0.08417100109191228
3.741267452710958e-05
1.2326949458873399e-05
2.3145905667865892e-08
6.352610788166658e-06
4.803441585241377e-10
5.685723895543139e-11
3.218771324060055e-17
9.748094176956299e-08
1.4166878802305882e-05
0.0029962572306229266
0.0003233559858557433
1.550672713536192e-05
8.530244361574205e-07
1.9538368476703843e-07
1.5442073777609012e-09
6.19543262840928e-16
5.806116740671157e-07
3.9456014651758674e-07
6.44036902637487e-07
4.1314268401058206e-05
3.5247754982685975e-08
3.0862945286783837e-05
2.1034884470816003e-10
4.122945753650543e-06
5.892900465513343e-10
7.247979342978391e-07
1.3228754785088148e-10
7.952710201116572e-09
2.2491702272809063e-15
4.204944887677825e-19
6.238660907865156e-32
3.509976186852471e-19
6.532989872504772e-26
2.0252771804968915e-20
4.332762339361775e-22
5.993846932629467e-22
1.707162648651411e-19
1.059753631751909e-15
7.584741802328648e-25
1.1842743468078213e-21
1.7001887682992292e-28
3.824593187899203e-26
4.404621297165915e-21
2.0849850459624392e-19
4.1805759108761855e-27
6.801487073861443e-27
2.2427794221642878e-21
2.6782378328242753e-28
1.0122598722194754e-23
1.3718564490772623e-27
4.3781403763818856e-21
8.5232727404281e-29
4.030375050329591e-17
4.0625411299116344e-22
8.563568996124251e-21
7.165430954376989e-21
4.744038793289091e-22
1.0287967567549268e-21
2.5395553982169366e-17
1.6361191447220907e-22
8.929792180257283e-18
7.925356521187407e-24
9.219246402192411e-20
1.295431169437118e-20
1.5261620710040092e-19
4.243770098647904e-24
2.6635130225767584e-21
5.517487365397262e-23
2.7793929098657383e-17
1.4918918895436688e-26
1.8602231654975906e-24
1.6001992443023687e-28
3.065878804417651e-22
4.122342204034694e-26
6.458590061605598e-29
9.49779943287373e-23
3.605366881955698e-24
2.3784378596323493e-24
2.9654055152627272e-25
5.088550345665739e-21
3.948568833663484e-17
4.0973200248658417e-22
2.1039990641317416e-25
7.982488620638868e-23
1.6252140066917865e-22
8.8689169274463e-21
4.931356735259831e-21
2.2618603830156324e-28
1.7003352253808036e-23
9.839706959009457e-25
7.121485956558898e-20
7.691717164881355e-26
3.9989107092187388e-22
1.4580895365094994e-27
6.851344821805386e-27
2.675285093081105e-26
9.174867577841706e-24
5.637757587579146e-30
6.4104273297100026e-27
2.6805069592655336e-22
1.1798612701391396e-22
7.505094649210545e-26
5.600956540008176e-26
1.2928339368444358e-25
5.631903792178661e-25
4.5686936564749355e-24
1.1657186654061614e-23
4.960841020739914e-24
3.738032988711236e-25
4.7167997674518114e-24
6.283744236466034e-17
2.2059439436270984e-23
2.045983917951165e-26
4.8369385050069544e-24
1.03549492408756e-31
1.5119729000283657e-22
6.071724554997199e-26
2.4967443491749044e-25
3.27826990271251e-27
2.541789151305933e-23
1.218705526453031e-23
2.8330757661161164e-26
1.7655026652468737e-29
2.882119687813473e-31
2.289302954378689e-24
1.0204659331595945e-21
1.1711559765813142e-26
8.72445439635049e-30
1.185554775288816e-24
3.050614634812501e-29
2.8903753519621116e-28
8.181817016648336e-31
2.8341149849280674e-23
1.764409301971702e-30
6.001018098675156e-30
5.892657310289522e-26
2.2724850089017552e-29
4.362488843525337e-29
3.246610001780949e-27
1.3135699511861796e-23
1.658100982953897e-26
1.2680762561963364e-29
1.0518134433757756e-23
3.477025300927951e-26
3.5089873999153317e-25
2.768621751791812e-29
2.9128560438494025e-31
2.2590743619993386e-29
1.863885038183725e-23
1.0145051860588754e-25
1.121874542810962e-27
1.5249642838568513e-30
1.1501882478826395e-25
3.3137425089156586e-35
5.5596263531827416e-30
3.3688832873575076e-32
6.769145987947903e-42
2.6345880743039855e-35
9.835435806986363e-37
4.062749143007046e-32
4.0378216728686495e-35
1.1778442682384978e-33
9.772192217702016e-37
3.681290757368829e-39
6.554697873924182e-36
4.9253271400538637e-32
1.2139939277077412e-35
5.6341961275003424e-37
3.0252195782180553e-36
1.3758370963758345e-28
1.747837002245203e-35
1.7305825001620345e-38
2.5709690368097333e-35
2.0974084142644295e-32
8.756042044679198e-35
1.71273591753511e-36
9.447604246504582e-37
2.5114143018902666e-35
5.407923025946859e-31
6.652021107679123e-31
8.177545198871245e-35
1.900695971376494e-35
2.3907648409142687e-31
1.3862587023504557e-33
2.0224534037768785e-37
1.288847604699286e-31
5.306998508864967e-34
2.329435227874724e-35
3.1014525081271486e-34
7.015294595269349e-36
3.7490021225763247e-35
1.7425060755526233e-33
7.921392283846161e-37
1.3600566212912464e-32
6.105620690133005e-37
2.3902642712500224e-32
2.8944455354149396e-38
5.007776223313481e-32
3.8160150317960536e-38
1.589020847309304e-36
3.523393313333783e-33
2.776209290247842e-36
3.182977490621006e-34
6.576077036321639e-36
2.3847131794016481e-32
1.742967402412066e-32
9.47605546109656e-35
6.059766477905306e-39
2.2462477450165993e-36
2.56857666292261e-35
6.218399696606912e-36
2.13030787162965e-31
5.794978845707303e-37
2.3390299047972227e-33
5.081723842823955e-36
4.528963226675305e-36
8.817288444782248e-32
1.4853225900865243e-35
4.040756220618178e-35
2.896936166343121e-37
7.839789531236142e-39
3.8346582332579504e-33
4.667521659913955e-28
6.987992193988547e-36
3.090954474353506e-38
2.3334498528484728e-33
1.4640748205919719e-32
1.0169912141924246e-33
1.729110032384179e-35
4.585750081276545e-35
1.0298339257346985e-30
4.3164356943585774e-34
2.1934510570948527e-40
2.270411048330789e-32
4.963898741293245e-35
4.943052182791465e-35
6.073130209689658e-37
8.221954917005083e-34
3.042693814132175e-34
4.0599092765891574e-29
2.488331208950474e-31
1.644214061398787e-37
1.0759383313714048e-36
2.8872362550606673e-31
5.333234613142567e-32
1.4959423590997675e-33
1.274767954060741e-32
7.718791226981238e-35
1.0008838793282024e-40
1.2651108734458802e-40
1.421511374415847e-40
4.5432171096476706e-41
4.53789086307345e-41
1.3163491593018882e-40
4.381634930320227e-42
4.352007825512264e-41
1.719104811644315e-41
3.8677893423762035e-41
3.429833885224421e-41
1.8933402865775813e-40
6.684541392996983e-42
1.1859279211101337e-41
1.4846870664282456e-41
9.778654519821345e-41
8.800282426689919e-42
2.971601239318076e-41
3.2498300935066774e-42
8.141841187598867e-43
3.754398963812085e-41
3.332741375983543e-41
8.309315690977799e-41
3.048311930244136e-42
1.5737859900947554e-40
1.1182511431453662e-41
1.2187513995311525e-40
4.7262787168689805e-40
8.24034956299436e-41
2.392757740331558e-42
2.82261904657739e-41
8.950737889161631e-42
6.162812086516292e-41
1.272245783608537e-40
2.8524086293045477e-41
6.692748471316061e-41
1.8548513825678184e-40
3.212167273247397e-41
7.523234899187034e-40
1.019115445902656e-41
5.651431000711472e-41
6.875564714457914e-41
3.476042710587914e-41
1.2091637843548133e-41
3.728518228203181e-41
2.4602425349047515e-41
2.5535189603354233e-41
6.370208800939887e-41
5.978342250227752e-41
5.773531630691721e-41
3.1462366840936397e-40
1.3676532185570534e-40
3.619612345997855e-42
2.1399725835019537e-41
2.3484787134551406e-41
3.2963932414040174e-41
2.5361623514055966e-41
2.0125876140556535e-41
2.617773100582721e-41
1.2226766744022283e-41
9.223818015838207e-41
2.1194937198670456e-41
3.0420058123066576e-41
5.429339815245795e-41
3.395640428538336e-41
1.7313729906642972e-40
6.156964106116632e-41
1.6392966636421643e-41
1.4293021632311248e-41
6.415739325498202e-42
3.9497043950182366e-41
2.3896161580403136e-41
2.197892388150542e-41
1.9901950307986927e-40
1.4417833734591476e-41
1.6926453979415013e-41
5.505749377625129e-42
1.5939297268560223e-40
