2.4008329000610856e-10
2.1288387235008392e-09
9.72711649581532e-10
2.2051334582919263e-10
5.709990640893856e-11
6.417334866792708e-10
3.5016774442969927e-10
9.179409158855047e-11
1.5599159425676164e-09
1.6300380413591134e-10
2.0321215298946426e-09
7.50803877154195e-11
2.832292140555495e-10
3.649559723388431e-10
7.980793505291573e-10
6.141371590178672e-10
7.67096914937231e-10
3.028418825573373e-10
1.166393547898232e-10
2.982412314139294e-10
1.9139804139067542e-10
3.7750279554866257e-10
3.697532929396367e-10
3.9915438517343874e-10
1.1044398446465544e-09
8.928143665236629e-10
5.299566133923868e-10
3.6956158998403744e-10
4.048584510765752e-10
1.556974898320477e-09
2.1941517000539165e-09
1.2176213881293525e-09
3.209873502497442e-10
1.2896517913309259e-09
4.3022796063609526e-10
7.944240883759472e-10
1.6501087660978014e-09
7.301258203449295e-10
5.997970636362829e-10
3.4672667235247396e-10
1.2465275607793552e-09
4.472493881362568e-10
4.809900845648387e-10
1.3836916894990407e-10
4.687926915456382e-10
1.3757811259020003e-09
1.4080872334980605e-09
7.37554952200123e-10
8.772633126438152e-10
5.10993966739428e-10
5.356097354601697e-10
4.609978952039158e-10
6.642809093847441e-10
8.278381584781075e-10
2.504436066978884e-09
1.5965777673427748e-10
5.105795702880364e-10
6.641798297028655e-10
7.612969723923797e-10
2.059949324820941e-10
1.5973676017414646e-10
1.137366770638995e-09
2.2994096203809855e-10
7.583279526753565e-10
3.909797254526232e-10
2.961148506381977e-10
1.6847114850352362e-09
2.5533694303262003e-09
8.535019569635114e-10
2.8849288173998213e-10
8.740864454518788e-10
1.2735328545484759e-09
6.407422771165666e-10
4.988404798483121e-10
1.9384255977625825e-10
2.4765488552765537e-10
2.067411890008824e-09
1.5911696054911777e-10
1.1593116269487255e-09
5.751822564559612e-10
3.550655508220031e-10
1.3568654679362586e-10
5.235713207359337e-10
2.156178300098047e-09
2.4454632316866045e-10
2.883618065981463e-10
4.0209920595263197e-10
8.49022297283012e-11
2.2991592809352271e-10
7.218972177688329e-10
6.460893291904268e-10
1.8548678078831253e-09
2.884341772458585e-09
1.7685627658625971e-09
3.9644153376492364e-09
6.713729719629798e-11
7.854287830848531e-11
5.610179928631321e-11
1.0607016377953631e-12
6.846334926647408e-11
4.810522762900596e-09
2.605067972706243e-10
2.0001207955533547e-10
1.3689210683597304e-11
6.78326039559227e-07
1.4280470834697454e-07
7.571947923114328e-07
1.0826148514999599e-05
6.366540056590931e-10
8.101562040944545e-10
5.984258571628161e-07
1.4201371401836723e-06
1.309528635191102e-08
5.1274113871359e-07
1.4036208128198116e-13
9.55543443599924e-13
2.0455929578282018e-07
1.4233468818933284e-05
9.355736664969397e-07
1.1773619461409686e-08
1.5101891511712027e-07
2.8880020829385096e-09
3.950774006641377e-09
8.564644685680339e-05
8.228489625058855e-06
8.506886841988669e-09
9.026224035941507e-08
0.7323509532461059
0.7701913753455799
3.0672042056299014
3.914280875533978
3.959140945901117
4.660532206800998
2.2357094762617042
2.5101378423744456
3.592169605809455
5.443640630064958
6.404945968220453
4.471022175842185
4.272387815286058
5.569579506019638
4.291224676965309
3.857671178714752
3.2264751179982225
1.9019086774815803
0.35919766770990785
0.2705482814169286
0.008387403184741803
0.03488941622774255
0.008583636233240878
0.3645496929052493
1.6265048748128714
0.7603020759173974
1.9350219984681465
2.4154679786648185
0.4820029984826152
1.9314870611253712
3.154230876393109
3.2741660608382
2.8268804758532937
2.5879435876928714
4.633750852992904
5.829262653993718
6.0367380061908715
5.654749557410774
4.688353508182586
5.5147835626876445
4.7477255584129745
7.3182674704651225
7.850657515072589
5.438167988953288
5.932719906646464
9.923238953859519
7.925383818576413
7.532098102631949
9.650951171336432
6.761020360093079
7.512073757221386
8.393357470622094
10.036805583977996
8.020538834666775
7.037341123717056
6.323718675047407
6.307402070392862
4.113651353062118
3.193676079247953
4.153112375837554
3.6455857217155656
0.9158598929870787
0.7211754772531905
2.3265250572871743
2.123589645444625
1.7352225239074293
2.171839605592067
1.8305645884151185
1.2781627707267378
2.580969672819893
1.2864004257859827
1.8011360107795236
1.6023250830256006
0.6070252632001973
0.21160324074780626
2.9440371819634756
2.37271819662868
7.461605417444779e-06
1.448715202809247
1.5897146610831914
1.580794899870557
0.45653632428899527
0.1855830850501137
1.888329881740102
3.8803645162460785
3.2527325861061325
2.7469354069458976
1.3085432637645524
0.36966912626538995
3.132776525269299
0.9764827544186495
0.21687406997938632
0.4897046275704646
3.5641119248786013
2.7408828386912787
4.544685931519897
3.3544772082171916
4.3636451553166085
3.4923753751744098
5.053475165257154
6.513237926818968
3.6436872703609278
3.8972432720655874
6.045134552258881
6.236950050543349
6.6685853110942785
8.70465105111273
7.06332805552797
6.3625469236012275
6.224126303146597
7.710437738908927
7.899789746527387
6.6735310106353944
9.30822159863931
10.28929560755155
9.46361376949463
7.267424937087334
11.339468029036237
13.110928965180573
8.379085258239344
10.134418391591842
11.759046269711138
8.74859067485099
9.833949415822774
8.667469314267318
8.58689155094171
7.053517654802723
9.549022538879921
4.48822849709671
2.413460863398236
3.4633406732147125
3.0263729897339644
2.1208804999757906
1.020245113303507
2.169815285035379
1.700971137706762
1.0004995578329883
3.5871496136580934
2.3431510812290433
2.253889387050258
2.822635823421255
2.0504267607059172
2.8807393835002273
3.4145621167784426
2.222060518383092
0.5872151763253999
1.057716525810515
0.7522098767434601
1.3255966148101588
0.5686919721330873
2.9718835499989105
2.5913917192069222
2.551955001958786
3.3558135531000435
5.324509739951639
2.2528649682989665
2.099863649211047
4.047434778049205
3.8316788691693207
5.544223132142726
5.96461194707798
8.299373573258467
8.761724112622783
5.932962967820054
6.640394452743973
6.393779610397096
10.145143008642208
8.938376611754268
9.7191936073274
7.6605920170625295
8.187959772587728
8.761537839734524
6.08437811764619
7.077561944470207
8.683672476600327
10.678800919465141
9.384336951722954
7.149123546865649
10.26944734460638
7.2049003276951495
6.983971263474915
8.447486632722745
6.227124418481062
7.15749523473077
9.250233983106119
9.302174908475354
10.431041394268025
10.955097506680552
13.549760610480613
13.656383815189557
13.844719025311445
14.77876511794301
15.773877852336572
16.985729460269518
17.15462538271228
18.190864672826443
18.85132243005514
19.86270549972296
20.18728421924183
19.07867055265707
19.70619706827499
12.304394190749747
9.821023231462387
6.565810861928955
9.371462362858148
7.5529528583299665
5.43714490907828
1.0392892348680107
3.3829288294090034
0.86621489062897
1.006075786181752
1.848039205050804
0.04903191764847222
0.9004687962555222
0.03545023688378717
0.2834458243076418
0.5298173467986472
1.910099287552752
0.438215838287184
0.8747952244371202
0.6505488335098402
1.429722485639327
0.41625094112291505
1.523697661617595
0.423186460286267
0.8898855937615257
2.357837367053787
0.2019433206177569
0.12193794809072712
1.066218894398613
0.2177751454756898
0.7469485360155422
1.705722945298197
0.6083017867977224
0.10441655566881829
0.17043618424709378
0.3617938377257016
1.3436453265181727
0.22334648496414258
1.4125435270084645
2.3476402658552065
2.780046105178124
1.8016379614608067
1.1357860681430654
2.4211466584550347
3.14705857807721
3.8259675191960567
4.971771192441478
6.7203881921212485
5.697652459445076
6.230993835600417
7.568843653387403
11.081548244327415
8.754146130519272
10.169658760550956
12.425717231933415
13.870922062134792
16.814017966394328
20.633363306271132
22.651391582389643
25.486746466018324
27.06293745373979
29.400154012630114
34.05645879817299
43.59765687033368
46.625942826011354
50.9901871693319
57.13776035172727
65.2881117958431
69.36861387707577
76.09868636536926
84.55061348161743
85.43851926321777
86.67822759419475
82.70854631452062
75.59947539731408
66.26218421720802
57.18274311040038
48.482770718380266
39.884396111191066
33.64215338100848
29.708773199809038
25.332438321322886
19.637484380212552
15.015106047528985
16.756430712815316
18.851537382740183
15.224027860132313
15.298583469008936
12.564609094973127
13.501861585329559
12.731177238948348
13.999683981110785
11.931001071057823
12.969719463511188
12.69142086346428
14.571709437879216
13.867465873995295
12.657721117150674
12.557778523153221
10.12238433456021
8.40628192644011
9.811464552116927
8.828562861415117
7.514996266147329
7.509615493949714
9.046466369199248
10.00279455980842
11.641675005103924
10.537188678581675
8.203840961666247
9.89257834093871
9.126562601851541
7.954015908165749
7.357879160833778
8.787193465731091
10.588728750565874
11.980302092255918
11.811228742701642
10.01160488165756
8.723369134067774
9.769094440098073
7.915101592830609
7.438007688115743
4.544418168211895
6.339221331346174
6.4949209897047355
3.734113663107298
4.909564660349977
3.7398870833051783
3.6356070654993085
2.044702602306316
4.129361276123308
5.577725248903671
4.378506671897234
2.498417351166038
3.8539228182316734
2.681924373371722
2.731315198903432
2.8820787613010537
1.696525537469935
1.6572131928244298
3.0675583473445087
3.0036082408653493
3.424725652364296
5.38545749491851
2.087272523134123
0.7570087002260466
0.2947900914870682
0.994836879994772
0.09387147031590817
2.187529934373293
0.1609788141396384
1.2406775161247452
1.026784245103514
1.1490931338993344
0.07498750693446632
1.9212589064600738
2.045472003257589
2.51384089153288
0.5979675030807795
0.9441465897652476
0.6980627111996958
2.378897102566614
2.3830336964920145
0.9426827197845137
0.32141226698946135
0.7028272005728574
0.02534114649735145
1.8686045196323686
0.32823732002068984
0.8601986614299891
0.06835764733999083
0.3724902709872969
1.1395843667335512
1.7500136600750986
2.9106226434495093
2.8693884440102186
1.5490553175754078
2.8611211659667277
2.443102575975384
2.8109719076191384
2.3424824615668256
3.582153729257467
2.4218023637537107
1.898603966218948
4.2403971991699905
4.554892889416582
4.3325600763958505
3.271820557897099
5.63240382419795
4.299900553384427
7.235270578699132
5.773546569318828
5.066051763487979
7.655963100381557
5.132046455600632
5.5789991172328435
4.424680429634314
3.0542486178034904
4.9406320258500696
8.143848076551668
9.307211023449186
8.888710331249225
7.783182911589076
6.183255861831239
6.108779022778426
6.781764876894176
6.475841100934462
6.086769014975617
2.914365359240422
2.343891910220405
4.0656272660173345
7.073525310078886
2.9736807147804245
4.3161668828241755
5.366821918898792
1.4200515152306918
2.6265439164596396
2.3608622460092805
0.8948303563180979
2.076427952005437
3.232022724427537
3.811047990910298
1.9722934544699176
3.6220982892099247
2.3675921512780564
3.648345185532939
6.706126276137309
6.34426756200165
4.418598028695077
5.165656333699424
5.524575440111614
3.8432615367480825
2.7317280245388713
3.3536425311077553
6.0061829104594295
3.64486951732912
4.280329884552748
4.509431951139399
5.076192565308536
4.57696896243962
3.678135084407255
6.11195872086429
5.065040971921702
6.055680825305277
8.675512145573972
6.198995021684031
7.393542421106707
8.608004468935478
4.904886135373702
3.559551236544273
7.478475488890727
6.8291715384293985
3.280082962981903
2.9159007704345408
3.9154639228081685
2.7513525521188384
1.7561513952186456
4.617429851153708
4.518303554946631
3.1835354370218796
4.252698029942957
2.6192060765589
2.2507613855958692
3.976178606531136
1.610688072357859
0.6116219610705274
0.6141879039147229
0.5017568406736979
1.5901823520863771
1.9946156820555603
1.2642977379917462
2.3625329832205315
0.2835220745007251
0.574585853705049
0.6063360751482921
0.8190678809626851
0.051370399836770095
0.989223217117851
1.7376262530617959
0.8687533743883235
0.4228526406866848
0.09352951473264287
0.0007995091055059134
0.0737559596781318
1.248171511848479
0.6474744420723297
0.8843318941124425
0.5029288074065983
0.2068672596377033
0.3868739494508311
0.5372456121467204
0.11384680104398207
1.0067982208548887
0.18108224164883793
0.8895758645980663
2.0776290217413576
0.17176569104750525
1.0218371027962039
1.2439818552639197
1.0122973219905538
0.5732234253839423
0.7386100379551628
2.0355126391023623e-06
0.43080166301102185
1.6256070145698336
0.7516613561721176
0.6929622628825738
1.0279706576129515
1.0474693522969216
2.0359590988094807
2.6547434479831846
1.4490817636073874
1.5180262552789976
1.5500850941318525
0.7146353865338982
1.9681167144779372
2.6161393835263995
1.3986408084234374
2.8656494836981667
3.277443530261595
2.393760798819374
2.7507879479452795
1.6909224628182475
2.4938152017433315
2.7086219847966184
4.494567945956826
3.476545955671714
1.8353387196425734
3.579547075364402
4.246551745527176
4.234518802738525
1.919926537391307
4.127979755899305
5.240092565549932
9.572706340120106
6.244830143437035
9.782620595940227
8.30332255347707
9.643928015402443
11.725190764310161
16.227861511523464
18.86090044912626
22.273108827684887
26.121089610389227
31.049331788955634
34.22115599552796
39.75656411267697
46.147829022464194
54.69740733913634
61.0512625617981
69.15784276457448
82.01401297207278
95.43858385519472
111.18884561704888
125.53970453053624
138.10446873955144
152.13394888305342
154.66026592956712
148.6171556373851
138.39939852187803
118.34952793024796
97.71040432961561
82.44387201019606
65.15675109844581
53.629859345577735
46.76708653120046
36.114598703045274
30.847948196309837
25.52644705916575
20.765795437821822
18.543141371896663
15.801347263362533
11.946997326483531
10.616241579578652
12.204000240298324
7.740994869365474
9.762265945099823
8.16997528896991
7.682509676930342
4.5694000245594655
3.007474112408697
4.299336625124452
6.594705380723959
4.147626473868107
2.504745790469055
3.7262484106415825
1.3152577416888616
0.0029495895280243303
1.5194762319534303
2.082167483055871
2.2639701016774048
3.8928118028931307
2.3956835250162927
1.9783294633726474
0.3417680202123822
0.1847935435038223
0.2107651717322193
0.7045609944752903
0.12424281213551233
0.02375860319628797
0.6316696176204577
0.04276572865918781
0.9080462925373202
0.008424749808473575
0.10050938618227123
0.351324203219755
0.5748270299409299
2.13554010329723
0.9259106221725095
0.4983791280806983
0.5127161140305092
0.5828281501913164
0.31018618650018426
1.1695200414411087
2.354155913360587
1.001825829439275
2.0224902846286237
1.765313604827739
5.809924615994053e-07
2.080670873567117
1.0204646289501937
0.8727606484980995
1.3637673467651088
3.130675013927973
3.036115473232718
2.536070614234498
1.413826361000113
1.532048742142436
0.13062363975223334
1.4031558269741942
2.3455948632717054
0.8242929083052492
0.15484501777906834
0.12789300699199443
1.2814074310326453
4.030479984301867
4.067219200570798
2.2248090897570187
0.807965685856395
0.911808508497595
1.637482340436749
2.552972851761569
1.3421137452867682
2.0361866292848707
3.688318427645639
3.148951414015742
0.1875555478208772
1.8806579168947497
1.902736959511658
0.9032986796789618
3.610907134689818
2.568013072587127
1.3564450752032975
0.3492680068223515
3.534819386453133
0.9251859324897312
0.09486670755546238
0.013076751573524276
2.303096274915145
1.4967555612418404
1.6853934180466754
1.9008628411015651
1.040271190190042
3.681771996528629
1.97458955638727
0.6112195986074376
1.7802473890081039
3.1741672644092285
2.3112264955365074
1.5816456916739936
1.8582049751422847
2.6398009707327983
1.688233966761065
2.4024597443728517
2.1684410451177905
2.6231503713209032
2.513813656457707
1.7463924086442113
2.83276507595219
1.9582194442109417
2.933031030992196
2.298858729826153
3.049822355710277
3.5525502571099175
2.0046351619098206
3.3230245591762935
2.2051372497783706
1.545427195152252
2.667516829725184
3.276137973945771
3.016325255641295
3.0647167698819806
1.211453450531451
4.224386503186144
2.3883333254549224
3.676463720063121
4.21452400494962
5.266744728534949
4.805124371615396
2.7104599180885462
4.068752063764426
3.4795538111478788
3.4676579240036713
2.9256368718561845
4.562033982088513
4.010370047579857
4.4236293229255805
3.1440051912578975
4.495697405743252
6.1423193096241295
3.976411209332162
3.419415727381756
5.505865359360065
6.029645779638396
3.377879294242181
4.067696620769745
5.4023304416168605
4.83670370926669
3.5579550117359022
3.7029438450581162
6.102493719695933
5.197736588586445
4.184566762669338
4.783551805579044
4.938343312776302
5.455176237586184
5.385683120853951
3.265140184023779
3.874056187655463
5.4457584831388015
4.037672143163706
3.433324276922433
3.015188630337902
2.587374563795993
4.173708897174299
2.815587657780177
3.055220624142171
3.4134555582426174
4.226355492326708
3.8884883315017316
3.7088525219809605
4.322619787613092
3.175686777669486
4.22368277348531
2.5097730158957807
2.909360345256061
6.3320232823991445
3.303393008622147
2.1385518897276685
1.1200812209410829
1.0703765680440447
0.3729447911949786
1.7967265752192763
3.439292073285139
2.834141055994116
3.8420069039703093
1.884699373683746
0.004922941122479356
1.942542143409617
0.6574134479479329
3.937546825105798
0.1989864223442084
1.5883997122916318
0.06791572207891367
0.25204312583927646
0.3181934616345964
0.2723229011903653
1.4626120688808728
2.7872372596689368
0.7991193780825437
1.0526023329671823
3.461303678350745
1.1493058508563132
2.8047879403389584
1.3429016268003093
0.9558364382794045
1.78774560951938
1.034548228495468
0.19599530317902814
0.9791555289452953
2.602266642524107
0.9335078287723089
0.49124222481340163
0.22094051082711968
3.6265336301428728
1.6744057950125386
1.7110467715210929
3.0867486283268004
3.9310843478824813
1.1738918658408064
0.516275108457256
1.5842517313785638
0.8574802218151205
2.4306232410595894
0.7242949423205148
1.4544538684323796
2.6574807287176343
1.76459524292848
1.2756585674243561
0.7187844969968638
2.0243542199577247
0.8936697382701901
1.8641505720801528
3.0380792695941974
1.914013582203123
2.4486693728721245
3.0175309382326874
0.4197597923465276
0.38780522659531236
2.0705675855497607
1.8540789698439433
1.3466289619720733
1.1724631232328842
1.9954343245038515
1.8585843600232006
1.5561726002221539
1.061273356803957
2.696119386993988
0.19472291750993836
0.1109108176971873
0.7020492040663503
2.3957717143302157
2.4930239496291824
1.9012261077893784
0.9981476150582346
1.6579411036714662
3.306994495622147
0.9391856612830395
0.4194589820989061
0.6560782342049489
0.6858247687148227
0.33361536205137027
1.034881599606816
2.359000164784655
0.615199287380429
0.39361898951247565
0.13946162153092986
0.37986809395982457
0.13602370362806368
3.310004554465176
1.7607310018385751
2.4962896443498317
1.550617918964651
0.39334688691840625
2.1956161152618154
1.063084001702145
0.25835510684319385
0.15826898439691528
1.2977526264076569
0.7017761401587437
0.03918561415366707
0.5118869670208545
1.5438060597827639
1.2035531843062617
0.7707722346160143
1.4083610056994131
1.976860064696051
2.6446434292468246
1.2693076656175744
3.0442369910742966
3.362222856479495
2.6096433826516403
5.5048418347675945
6.306963319711164
6.943518537014363
5.166186048222805
6.711091025836994
8.126477676612469
9.69558369225348
8.638512571177971
8.962439701163923
6.316240423968699
12.862555357108741
13.214965084870244
10.886719616327305
14.068014841320599
14.744120375153162
15.684005791369303
14.771134314410004
15.413440825830566
14.189348270222608
15.793480704040562
12.956892077395754
14.075634845506121
13.851434111130795
13.389017586597468
11.887047691096845
9.292128396642608
9.131385230065534
9.23528595661785
7.08234897493433
6.894307838578105
6.592139382310407
7.679796079345587
6.238591726616841
3.703283157532754
3.478084229710646
2.800395719130093
1.8453260618741323
2.8757812349999416
4.9355104569711425
2.45746984593507
0.5622760690113127
0.42593249329243993
0.3903047567116005
1.5378813608274597
1.9261175544324456
1.4290039197616171
0.821278321578734
0.7257726683124271
3.2842214970465347
1.5745387358926126
0.2767615517289474
1.0829674132525335
2.6470237754385226
3.0309567570784153
2.850415236333736
2.4086983536062303
4.44618292801834
5.22537040608773
7.500067225463418
7.054957529961551
5.50761550400344
7.311020134130348
9.87186841756063
7.08194478486546
12.068174092697909
15.82461251103036
16.291178483162216
17.315900220840284
17.17891245401179
19.135620560194084
23.32213317644652
24.465400834500294
25.587550955853704
26.0279902703848
25.771586244870306
28.62378602658445
29.212994907014185
28.106558741772407
28.401235859125308
28.982213394557213
25.94590769427386
22.49689236928158
23.73923700860083
20.259657877755416
21.07234655971179
16.292697444830655
19.11478699571619
16.794371740090412
16.32449432486912
13.257973764813046
11.966687160672555
13.169646994219008
13.836550288711521
11.781718178306383
8.320439969115453
7.390437660889697
6.34120307190213
4.166588029535142
8.476637605507548
5.80578651120913
6.179945958872525
5.005216247262089
5.124023272198937
6.622976029290635
5.75486541601766
3.530200332137934
3.5856185719430975
4.422214322657034
1.4270760549374408
4.115075197284935
2.9630093984475807
0.0026332463610225496
3.151533412058827
0.6470698317048352
2.3609709158101295
1.3167564536088168
1.8965304179141353
2.778801891375028
2.133915719759613
0.3265103677886262
1.0204958311331283
2.537453277149644
0.17863326528893728
0.36327377989389037
3.2044236768611647
0.5191043047771268
1.805832958800503
2.296578044257488
0.011938727011253605
1.4107117091920915
1.6757779430401745
2.6848999676873246
0.14708185849031313
0.36703812481500236
1.255604197413047
1.157409378194401
0.7348864212337817
0.9115466322594432
0.5805174799066577
3.3460355655657517
2.876664183523793
2.0013511383846825
1.4411674867282664
1.4442442138566998
3.1957304990701183
1.5007270157582049
1.2418616181217161
1.981402997540564
0.7147530645629679
1.501462417336129
3.777175017931199
1.8952454488403785
0.6641858043825648
3.493570287913649
1.7679298816418514
1.6829667756819089
0.1513947555292518
0.5485178342584558
4.427027873371267
3.216208974267652
2.2334012288449565
1.4780849511778913
1.4504628019083656
2.657904392416696
2.1095627024190295
0.8852693115679837
1.163778393878047
2.6802707321776267
1.755579307744572
0.8744621793587203
0.437415088364758
2.482148421952555
0.43395582701722313
0.2411725893016662
1.3180898351494115
0.5542712965501554
0.551662243581458
1.2608051624073284
1.634948306456374
1.675917728802793
3.173791765092269
1.8178150375227935
1.640931771447194
0.45712426698941533
0.891515026417951
0.5339491999403377
0.42040908865044957
0.5715830400904337
0.7611480653399487
1.6638459643288896
3.6404518035490647
1.2795965035838746
2.957962319028128
2.894034659501746
1.9576388135783194
1.2565562775974082
2.512928842519372
3.576964375173645
2.15352819794774
1.2759545676152255
3.087257517251974
2.7760904864739837
3.720331133015005
2.1951168072899514
0.21410267145924983
1.792057410476537
1.7182707343009895
1.5421172640371152
1.6799841025718985
0.7304592905802578
1.4795457715793803
4.93226887543159
2.8710477971949095
5.130126830250252
2.722700151606739
3.8277113956637856
4.080785772549341
2.2106671510159788
4.022361010746089
2.713152071514383
3.4748688114992428
5.48411115860187
4.1326437697076335
3.8788195779945487
5.763857975601942
4.680989989121368
5.7449481728061444
4.70285396577739
4.170754679695651
6.294057206959188
4.591916418442092
3.8726231458190314
4.550070080201342
5.961486457932762
4.227573359188656
5.047540230196721
3.115957272270176
4.472600323213708
4.663205021585045
2.672171697609575
1.839295455176979
4.258609828407495
3.9994118519519386
2.5821775880723714
2.2932588773164095
4.210441494588266
5.079220761441529
3.4568387256633777
2.9036355364836925
3.248061653244185
5.069625040340737
3.928883484023324
4.815044611873271
3.658621841705172
2.239190232484619
3.454949789298936
2.422493708050937
3.6108460248775387
2.0505880926938853
7.261527240936602
3.744944776463045
0.5276007636313942
3.27460944689064
4.119676763239598
1.9752853240042636
1.4566660282978363
1.8676575345993895
0.9700108428271219
1.1013194828644588
2.3002273693306208
2.122593185943056
1.1098338865311113
0.7419704791815203
1.4611644222094617
0.7115702175587999
1.3505843861328228
1.4354275259159193
2.5792033315198553
0.061496729633178676
1.6308862781672626
3.4624517485034847
2.0006256472236976
0.0445046185681442
2.8971945034117576e-07
3.2440364830414945e-06
5.34541482777633e-08
1.1567160217674562e-06
1.5488649195775407e-06
1.6112017052871379e-06
6.0354249620060846e-05
0.0005906997177983808
1.582642191919647e-06
3.433628965030676e-05
8.062126572839381e-06
2.8814006939667538e-06
0.0004726927154286443
7.718047317208116e-06
2.242028406400777e-06
1.0879662514277388e-08
7.73839601257876e-08
5.18641685859721e-07
5.251532279172908e-07
3.753694666145583e-09
1.3747993247275397e-07
2.984351942497165e-08
1.3738308052790884e-07
5.556463456306544e-07
1.0519285349026273e-06
2.854731415038243e-08
2.3562603699436017e-08
2.5531808676114336e-08
1.21471643295556e-09
3.7595468417199235e-09
1.9119083369769526e-06
3.394931800292082e-07
5.311252372895614e-07
2.4926989366660064e-08
6.06259497041576e-07
6.014488339408363e-08
3.0706969639931507e-07
1.1115130452905242e-08
1.0275764468353634e-06
1.1203324216517197e-07
5.064339806324259e-07
1.9997948820539185e-07
3.5145041540025564e-10
4.566329101742619e-09
4.0163261715021133e-07
2.7161969822843315e-07
1.962971452466057e-07
4.699435795833027e-07
1.7184151613795303e-07
8.28071186598762e-08
6.918811772970288e-08
3.6981800712168987e-07
1.9575520595337888e-07
2.0228823224780133e-07
7.441322147714296e-08
2.448402208933722e-07
2.91798982682596e-07
9.82192809799501e-08
3.2792093064349207e-07
2.4831125810394414e-09
1.3599608575649386e-08
7.424389380050022e-07
9.480060643376019e-08
2.0875667625818214e-07
6.317047057874143e-08
2.8806670212377503e-07
6.316215810440108e-07
6.601498327392523e-08
1.4976385511476443e-07
1.5452074006869138e-11
1.1380650473343245e-10
1.776077888684724e-08
8.299099315512581e-10
1.0345483420864303e-09
4.053198376120508e-09
1.2278531932146007e-09
3.991675372810409e-11
1.696412730157713e-09
3.337031942917748e-09
1.8032515799944726e-08
2.6520049661858464e-10
1.2538240528275602e-10
8.25900544052468e-10
5.068367008922323e-10
3.735175483313625e-08
8.733945627869897e-08
9.041149227613099e-10
5.9259847270460545e-09
2.2395581115141765e-10
3.622561015886862e-10
3.0106632487527322e-09
2.154768504654952e-08
6.712703832414664e-10
1.1779475891499512e-08
1.2006511437421634e-08
3.837959507117243e-10
6.058009289133694e-09
8.098317290657793e-09
1.8444313255750822e-08
5.764143354724422e-09
3.9212229790976174e-10
1.3653492703694437e-08
6.063251466862395e-10
3.8889976733445837e-11
3.0922726403887826e-10
2.0461615071763257e-09
2.739492118530662e-10
9.455348881182214e-11
1.40509738426828e-08
5.42928864969084e-09
1.6620919847985275e-10
2.53762009637338e-10
9.399392657859303e-11
1.800058116839503e-09
2.835553557115325e-09
6.4036537983416785e-09
6.153205540181607e-11
2.496157627273592e-10
1.946488680867811e-09
2.936583085773866e-11
1.3174148917715593e-10
7.612635511519441e-11
2.693876672966575e-09
8.240531994920769e-09
9.72834551055518e-09
2.512395353522954e-10
5.400465159923387e-09
4.20979316524338e-09
4.212433367164681e-10
7.869023147680526e-10
1.7617608701617974e-09
2.7134611482392896e-09
1.6984069989890237e-10
2.796355325232886e-09
2.9311443643189447e-09
5.3873046304978006e-11
5.56019309051596e-09
3.1035961250334184e-09
1.0497547790844449e-09
5.057112814616121e-10
2.3277450288556456e-09
1.6038568811839046e-09
2.1214259275786828e-09
8.546807451984981e-10
6.621367634317154e-10
8.868783678541026e-09
4.6131319025633644e-09
3.3386576690357087e-09
6.447280591467672e-11
5.562668875235721e-09
1.097867722852537e-09
1.1764746807035216e-09
1.1068689126321261e-10
3.6201243671427187e-09
5.063641932569596e-10
8.48591831440324e-10
7.714478707417764e-11
1.8217053466784698e-10
5.531727841994268e-10
1.035937607377368e-09
2.261499189848499e-09
1.601847594480887e-10
1.3167239579696203e-09
8.276926120395526e-10
6.90975506510316e-10
5.063542350551947e-10
8.980129034435133e-10
8.523571605779757e-10
3.4275648026607396e-10
9.080093537072152e-10
7.370567480470932e-10
3.5707884543226103e-09
1.2505668788246563e-09
1.5165274674016802e-10
5.673598046175178e-10
5.970206476083949e-09
1.6740618078671761e-09
7.966030531542513e-10
2.60033030343511e-10
9.02026414548933e-10
2.9916664495224496e-10
9.669030342377756e-10
1.0747131310776829e-10
3.0619839297197216e-09
2.937022982710248e-10
6.484229190298809e-10
7.123153564295308e-10
3.110112036522714e-09
8.798792161683061e-10
1.1157459247704395e-09
1.0772930691434821e-10
1.4584228387146528e-09
2.5388431250108924e-09
1.7437980657520108e-10
9.412660908383866e-10
2.872680556772421e-10
3.2268285206378734e-09
9.764912827198775e-10
1.5158070191347334e-09
1.962511695633575e-09
9.828205404022382e-11
2.9320343228635054e-09
1.8367112604323176e-10
2.875538178479419e-10
5.242007735829707e-10
1.681067701020127e-10
7.972001724795827e-10
1.712867858653956e-09
9.256162354571219e-10
2.7478091318726465e-10
8.73026942777214e-10
1.712435092258215e-10
9.180419957839572e-10
5.995877348896105e-11
1.2754174920001034e-09
3.432456485522773e-10
1.9685351367216824e-09
7.372608841732817e-10
2.288821533823805e-09
8.968239976694609e-10
6.680772055874129e-10
6.851654018901114e-10
3.596933981957116e-10
1.4058601567834797e-09
3.1693649004994494e-09
2.9453248692654234e-09
2.6047605308514204e-09
3.9723928208111106e-10
4.822736295671912e-10
9.032984743248783e-10
1.4283480424717256e-09
3.7212252115830604e-10
2.9983404566469857e-10
5.541742130637102e-10
7.330183659250374e-10
7.19442726285481e-10
1.2841680460056916e-09
3.885130223418658e-10
2.766125472192983e-10
7.204504722754314e-10
1.4696392203048983e-10
5.595163121443606e-10
8.096964333760733e-11
5.745350299704107e-10
7.201908286029011e-10
9.482860899111613e-11
6.283646100641994e-10
6.267169490726013e-10
6.784549218306092e-10
1.398596088242417e-09
4.978464236112978e-10
4.170185448549957e-10
4.401619540704416e-09
1.1878445685098637e-09
1.405508141709337e-10
3.65440786947019e-10
3.70954908151229e-10
7.659468121619973e-10
2.2503233443579536e-10
7.243606780659883e-10
1.2274961317381248e-10
6.295879212796599e-10
4.743954450795137e-10
2.0856449724957593e-09
1.8341266808510384e-10
2.4026796637924585e-09
1.5097625498828857e-10
1.0211604183743298e-09
1.924171112928116e-10
7.953834066688422e-10
4.387312612651037e-10
1.5605872322899715e-09
5.592061016748915e-10
5.30783136180257e-10
3.332920600594121e-10
5.110393571112031e-10
3.0436267103859e-10
7.813996159530747e-10
9.694480698723903e-10
1.655395650306462e-10
1.5890409698193391e-09
4.8911803888285e-10
5.138138032731356e-10
6.780161904069872e-10
1.34101490184928e-09
1.3821833420011915e-09
2.2244031036754584e-09
3.8590285976633187e-10
3.7519569557131417e-10
4.2645956374431714e-09
1.6182826996400294e-09
4.845358702489029e-10
3.655019971773475e-10
2.2545220718100764e-09
1.1512610509625755e-10
3.302650436775073e-09
2.998857453781871e-10
1.458037694211753e-09
5.771163168133152e-10
3.5653735652360547e-09
1.6960371264295008e-10
2.37645507889328e-10
3.7000948971510773e-10
4.482246733207226e-10
9.83218210491109e-10
3.77672231874816e-10
1.3879944838097876e-10
1.220247796798183e-09
2.494428172072941e-10
2.9855932874003725e-09
1.607046217220412e-10
5.048366112150162e-10
4.697266419091265e-10
1.4131816669131266e-09
5.559554430621759e-10
2.807365135035611e-10
1.3554875888378733e-10
8.545904759188098e-10
9.164409059199899e-10
1.5592280683957679e-10
4.4256505129298776e-10
3.0646817888069346e-10
2.514225729293889e-09
1.7746506712876065e-10
1.5464741139732627e-10
1.7133394001368732e-09
