7.404112420238559e-21
2.1863223701352622e-20
4.751285111832999e-21
2.176796929540456e-21
1.0177579561548522e-21
1.39475820468148e-20
4.374288833390518e-21
2.203695248287873e-21
1.0141728267502303e-20
1.0472996978432306e-20
3.547594447451089e-21
9.837663486183104e-21
9.423037472957182e-21
7.583456805242031e-21
1.0632779085276869e-20
7.719114163210429e-21
5.977226742891492e-21
2.0110961418314935e-21
1.801166366346492e-21
5.0494334810090985e-21
4.638367115108563e-21
1.0410759379125676e-20
6.697826095335167e-21
8.960692944801878e-21
8.395810672277346e-21
3.1669046717706296e-20
8.639021561295698e-21
2.1908179248195448e-21
5.6915997841828414e-21
2.9395670295269705e-20
4.095828651214552e-21
1.971373373602037e-20
1.0209555359129197e-20
3.9574138534670074e-21
4.162896646958633e-21
5.660754257500353e-21
2.1023991627917565e-20
1.6345811311198014e-20
8.957507055073087e-21
2.3876695166146108e-21
1.5254166284137642e-20
9.997152003468623e-21
6.3755477550625345e-22
5.680573869784396e-21
3.288379603339515e-21
1.9713572338724563e-20
3.696973635689359e-20
8.049046355992006e-21
1.2637349246586884e-20
3.0084127100719024e-21
1.1956748836049641e-20
1.6728551847973056e-20
7.702003296621983e-21
3.3704432343379625e-21
2.1776505814704057e-20
5.57706321635391e-21
7.278555044596992e-21
3.1138838571847297e-21
1.3164153084057318e-20
8.813560439766942e-21
6.416729505410451e-21
8.244956246504504e-21
4.245532358517649e-21
4.915168856249229e-21
3.414595334954451e-21
3.95922124019054e-21
1.0625046085356516e-20
1.2634429214559638e-20
4.568735980094117e-21
2.6697288599936314e-21
4.518268926350853e-21
1.485461177788496e-20
1.0174119982537972e-20
2.7173276675833162e-21
3.772805291023903e-21
5.772847178304113e-21
1.3603936315637074e-20
4.34313839307218e-21
4.164086045485373e-21
3.995384144959968e-21
8.529672509901685e-21
1.9045629984556316e-21
2.064179668274413e-21
5.6757970385684984e-21
4.990097582380912e-21
3.0663694474480937e-21
2.856669915817055e-21
1.6068996014563363e-21
1.8576051738310184e-20
5.603041540331838e-21
3.506007117717193e-21
7.280065774317321e-21
6.964726651523513e-21
1.2605140189799902e-20
1.1372298247641674e-15
1.0216583502145487e-21
6.205134240976795e-22
2.723266820954646e-16
1.1671121826221013e-17
6.758659084434872e-07
7.121510988849082e-05
4.454682598767413e-10
5.3344478904933105e-09
2.432460013324041e-13
2.41990812105702e-07
8.117970366242674e-05
4.1413771558626037e-08
1.6980825612202835e-08
2.632176673583353e-07
1.461523888962193e-10
7.962472083741045e-11
2.132575254466987e-05
3.2139735712451364e-06
1.7153251524953968e-05
2.3581780211429758e-27
1.1744358061447565e-25
0.00027197570769829773
1.6905302970137315e-05
6.834031907171767e-05
7.89696543894464e-05
3.989125874115953e-05
7.758694712117093e-05
0.0001570921084116259
2.988486008334235e-07
2.2757934882678158e-05
0.00015458840875721885
0.00242864608037992
0.9476871810258927
4.108196925075845e-07
1.0512536218977928
3.883130670053246
4.170288478092684
3.948911674755435
5.9099881644995405
7.5917508060629375
8.113504297429783
12.367163184305506
13.79457267703457
14.653372551467092
17.240741519353506
16.955965671409356
13.82091783025546
15.165779507814262
15.666612664319622
14.516309452047942
15.397827743028063
13.879562481534803
13.575426314857202
10.632761720389489
11.385028076066567
7.485973838136498
4.835620670964761
4.8458691791017285
1.7481202384439025
1.2018948504124023
1.6229658331291834
0.08099779553948191
0.17742098712710244
0.09770411986073473
0.7983136271564973
0.8094362600600842
1.1559858686756272
0.2600212136687062
0.28339424312764
0.6377017726152695
0.1606116092967029
0.1473366584252246
1.502115468797224
0.1312067158127021
1.2363490990148724
0.08341459980232546
1.5278465721656722
2.6249415569396564
5.42366110905027
2.0741157498581297
5.055047142447311
5.258784682063417
5.214730639469394
5.9742423332604515
3.9175991455909527
3.9623839126784857
7.53160278846246
3.895279668935966
2.7425161331527312
4.677332854667321
3.428194711470209
5.509623513659649
6.483087402266007
5.988871416693141
7.492305250247184
5.8063497709548
5.233489638194682
8.911888018032377
5.957578551995795
3.2945508607044363
3.902792013757535
3.8696724431509737
2.1938199584519906
3.166506449211791
2.045632575694214
2.3963896998143968
4.133391451659908
4.447482557350389
4.733208052308724
1.7154374101543373
3.9572792886996346
4.154180920333423
5.3950839436246705
5.058484016306622
7.676180020393818
3.73503275182083
3.9630954777071428
4.674672204965026
4.795188291086228
4.566097992776598
3.1271905262538366
4.185623444561761
4.503749352577773
4.189781704165336
2.5802452909482407
2.8854779228451637
4.833706357148752
3.468624245901729
5.918760889805511
4.900816850458108
3.51854277361219
5.386783119734557
5.355469968755302
3.7531368543528507
7.141111472450171
6.469848232549003
6.515521228835633
6.090265725950176
6.824926687988392
8.876817973428869
7.152822809971041
7.210776171818635
7.7341756907209085
9.675502567696533
10.123202289355751
11.056873725904943
12.015918516060568
8.40253601079948
11.55495975754802
11.960559787611139
10.763816877627299
10.995986898502988
11.403268870326318
14.16065704858355
14.780293981009772
13.679011389554084
14.87052184857353
14.669364952797673
11.486710409476188
12.597166148588974
7.314052645613713
5.0037148131458595
3.5327850345064076
1.7987706361442455
1.05090426806655
0.015543130516569836
0.1734280349660505
0.05220254713330414
0.6868477872796495
0.9792196194001683
0.12461831894723963
0.18003852418735788
0.8475456081790463
0.13547241762238166
0.09962341088016616
0.5274945326166119
1.505285763505233
0.441814350776538
1.2019498319831825
4.171657742517315
3.7170344309254824
5.071339862384708
5.258367115138569
5.360320095554298
4.01514762315716
6.870373237965374
7.819177547724711
6.745024629860888
8.579665012102499
7.435214267521188
10.630492373063893
9.607906623772019
12.852715812601758
13.679252720540555
12.612656676858368
18.612300215209313
16.035521162205136
16.715955156974456
20.950096408288037
18.6805632616628
20.785724700177937
16.313962670058853
17.203885085173354
18.418999284473784
15.265272662192787
19.446902360793324
14.404834841973571
18.975952114273767
18.286966555709053
19.23712049518381
21.547035235229707
21.381056021503138
22.637166221742415
29.601473418535036
27.22262655153861
31.031096039958946
31.635778660342446
29.284321728755213
31.632682346816175
38.699437372700345
42.32492631092655
44.5727020115712
45.489517874319944
49.72897756449223
54.988264449741095
57.34633798944018
62.37923585105571
65.36715324050145
70.765699544297
69.35471811411234
67.46760618731878
57.04133195550993
44.82285235955565
34.65842820692196
25.070834456874522
16.04106601987742
11.071005939918727
10.235635921373996
5.779975038882155
3.9583138571102756
2.5785065539767196
2.081069566836845
3.2905563136340716
1.0937898027523536
0.2808723547861943
0.12719605342165108
0.1544575991283625
0.0820693220843607
0.198476282825837
0.06921943794792426
0.03184793429941534
0.4060636181893817
0.06827059016248195
0.6161309611746999
0.14359734974779398
0.00033212561968387996
0.09201208637418781
0.0425665501468838
0.30065168238305073
0.09253238883286122
0.14574468686525718
0.816957248876909
0.36236292445472484
0.1860448650501738
0.003336137913965374
0.8129361320373496
1.5952543173106017
1.4546933818885197
0.3281860654447676
2.4215272207256144
3.0178160089993433
2.4787121767640294
1.5582157563241972
3.443197377870107
3.581097986428286
3.8064344662434224
6.3604429889615135
6.259547603662455
6.841954707083251
7.323970658397653
10.478471139003547
9.663818994534639
14.045760733808367
16.213945817446522
17.79426032709516
22.38910719345636
24.95514142744446
31.409712148151026
31.768396285942963
32.76870182542224
37.95303410088108
41.67989646033928
43.494625510078045
49.0294925476683
50.921198010333185
58.58082642304398
65.38427245969987
73.52257983122867
83.3442308832187
87.90447198310669
98.52707157100376
100.44522098550078
102.37974417745252
107.37414100378999
106.89101617433339
99.1851050139895
86.79902059257113
75.66122122501285
60.437522409497305
53.19344198024082
45.431162392088616
36.13639533920251
27.55705952693149
22.79031367762107
18.593040027729707
16.801176600117046
20.6669600613133
17.183198213610495
13.525527970691526
12.66019030364951
18.016061943994277
16.549884092821888
14.535814693023212
14.888840995138166
14.826099273540445
13.314054195131234
18.12942038911462
14.978988028176405
17.16043304563883
14.173057790909617
12.154689614219581
10.886521578796007
8.315733483390439
12.670469921861065
8.796201759212357
10.025031519871598
8.460807443859757
9.935141765058805
10.07595526863528
10.09214077760475
13.0245239895812
12.518020019596916
12.842437205794527
16.25116726111992
14.343477613246309
15.557032354033844
16.431690657077578
18.096354306144338
19.07381892682581
20.471333291325653
24.911868591455324
21.79895209456469
21.579586771265202
22.965748720053515
20.502202559036025
18.658488688273138
13.282474687385278
12.349196781258733
11.82144666596466
9.162908300722139
9.016276013494629
6.833276784608055
8.17918762134865
5.765504241939983
3.494535249637855
3.61861362515312
4.258956425507171
3.3007528304132845
1.4923075069118368
0.9410935151963479
0.454112236501934
0.9444540924574613
0.12476066605020728
0.28231218698710125
0.002058920991585618
0.07762208342275644
0.27190776039580583
0.1492452985478343
0.09898231666870036
0.0954628992235476
1.0631920106660315
0.3959936787298082
0.026830719012912167
1.8306228508724232
0.08929188603369571
0.45102607320348526
0.30916231794901905
0.2636511796130176
0.592408156790479
0.3344936487082104
0.3671639351307648
0.8643391413208117
1.6393886048323278
0.9095416393962377
1.3002982009251596
0.3168209321608918
0.398533152531829
0.5769180626150926
0.2350919092657891
3.3745036071515297
0.4697114780620095
2.045095945494137
0.9010774267946972
1.8117020195832654
2.584467350378133
1.8552447555167644
2.3100615923419454
2.2352906356118663
2.6445638823052704
3.7456105094682686
4.489470974589697
6.779499582969879
6.431632629931288
4.936962061037517
8.013067648720043
11.39866562886273
9.440989599055616
7.168487490247849
9.453301859456822
11.201552211004033
15.73326015720991
17.10772624205457
16.24992294868534
18.014530041813412
18.5038784458548
18.431012302876724
21.839597490008025
22.385664234840238
22.15217540300495
22.144560102862755
23.03620140003594
27.16342756916003
24.4878154922913
26.9976037746518
23.228952972701872
27.222485047629963
24.331519099621712
21.743680042833255
20.136550112195426
20.11744247999629
15.528392901023393
17.220788362827854
15.49763002475587
15.128741597369448
11.215174872719789
11.759702545824476
10.344833398496034
7.6093852366596355
7.840899945370336
6.7270976541818275
8.524249241551418
6.3910137299732535
5.940804136545395
2.350698057244928
2.1530872594499755
4.003753834666999
2.0518072426924467
2.7040579722469062
0.6777460647188284
2.069784203221111
2.289881064931502
4.28492206579895
2.994851437461623
1.8623864865639144
3.301422252219866
3.1127774540081568
2.983402078044151
0.7462998178915247
1.4462576582887
5.056714629889054
3.2155433115565657
5.700232412811372
4.171456539876139
6.160055207897333
3.585612428283348
5.323974266249645
4.928155457764799
3.8445360545202947
6.873095441714767
5.331096413679021
5.7789546491540555
7.251021027782387
4.439563709878275
6.215657948728184
6.725074653415424
4.171520833965206
7.4879968531050904
3.9992365694992036
5.502681161758925
4.410406333637782
4.666381175183032
4.338026057453451
1.876324842578472
2.9622988054956165
3.5328077530196182
1.8574491452891022
0.9507733441924449
0.7648285814618766
0.06478691470474181
0.3881314628615522
0.06010496097050613
0.034135604902565064
0.018582680771774992
0.2172733415919972
0.024240134072023252
0.005735406661770967
0.6851771320667099
1.9295543002205886
1.2713917082485309
0.40529213232475764
0.21248161515479586
0.3400817117129281
0.00012569712508621935
0.007582801202634175
0.12916546694090875
1.4426252687677223
0.9658974262243808
6.057381941817579
3.987461939264965
5.1313850159300936
2.6261378710659713
2.2114089838843984
6.051748310787351
3.120228018702273
6.861054638944772
7.1306022636534925
5.024552639225552
5.978624348996441
4.57676990306582
6.494923019662149
5.0569135941008945
2.2858782846305297
1.5343272337549905
0.7043052881459048
2.6043420263156616
0.09526497957768625
0.030836722311702383
1.15840480648342
1.2667550620589036
1.8569918639604648
0.2863746051148834
0.16707382235267873
2.1378953938995444
0.48399325161856566
2.4670028812059783
1.8958578339383447
0.7114232464476854
0.9795710584875289
2.704374821165031
2.0662564852166256
1.3855956161652923
3.1113809798557472
2.458787132936762
3.635221869247574
3.157665803149205
3.5738540805857144
2.5113535490821
6.5777794072314935
2.8428496876528944
4.5894614791947355
5.494786682188446
7.194525091415588
7.090646273078153
5.907746691586609
9.71746463257956
9.757972177840328
11.752506180627156
15.041053189413525
18.63235569829972
16.982385836132135
19.848914793066
20.47628816093192
31.77696434681682
36.24059484665444
48.876309139263824
54.31521665776503
67.97601641131604
73.90475407555894
85.48345265854782
100.38460487123312
107.04778773333169
120.73288083205462
138.90447536998363
154.2808660901239
175.99438348808442
199.52435730081544
226.14470236950592
248.67587652983335
278.9503427911551
309.2023819628329
327.2752904786526
324.82567355766366
307.4751909288479
274.42775024024496
226.73206624735428
185.8513196161638
151.18836543520806
122.60215001783257
97.69111793248354
74.72728557355167
62.08101845952954
52.11967457716176
42.17760103277733
33.21075756930216
33.94831466124403
26.257891968148943
24.8447435673665
22.879941771322617
19.23503033256983
15.660829749077438
13.63838715106067
11.659600825976213
15.55937383960641
12.03246442280826
13.132703239306027
8.66478122955835
6.086278099706375
5.843191504909838
7.245450703125735
7.50096696295905
3.6525747422036425
4.226331850508076
3.6582017638216047
1.849937700981719
1.488036631244111
3.4445127624913447
2.9210318823096904
0.9174775454140587
3.18109760732963
0.6014092007881692
1.6160756888729169
0.35026729533359013
0.06451760891758215
0.8281870680278357
0.016010118352791862
0.27097719612136767
0.03518180375386939
0.03145621157394571
0.07289119338605471
0.12281463693731226
1.369347787696676
0.09908562937088718
0.1316373869897486
0.6174987725419261
0.3219221048416924
0.2288998909938269
0.21251297875628006
0.11286687980531845
0.07178317866432833
1.4704832926244804
0.7126195077831635
1.0521428152285814
0.3122274895809602
1.0487403529060924
2.4871211615921176
0.40766504104160173
1.0335638193634586
1.1025543052845337
1.4406637223770447
2.77051036522782
3.4851917584569394
1.4041526749881588
3.044102030637397
2.707421872793257
2.4706158296681715
1.4136336079599834
5.642167236393308
4.514061988574236
4.881605972546558
6.293167958080037
4.946575634260272
4.379956309810336
2.6166844669762996
2.9740144158713293
5.087888577534649
4.416721957847756
5.824999108151797
4.830998436172342
1.4627322444061532
4.042482035953246
4.768498793416172
2.8268675545143385
2.598992472595542
1.5499700881703353
1.6166933482756853
3.064908215173263
2.0473488191596894
1.8075331910498234
1.9749136719334912
0.07201856162696055
0.7225723356827352
0.5511452194961427
1.3537407248480864
0.04244696259078753
0.04276060482411027
0.6272576094167618
0.9170506422616848
0.26628693324458275
0.4831004468082321
0.4675365905347279
0.007164383240351087
0.21153872575052435
0.5612717128707365
0.04206108423772256
0.0039335122837270125
0.029640051700295898
0.0529055984346388
0.42202435009925615
0.030872874481307374
0.05486678237649276
1.0290034353266067
0.3341402909953595
0.07836842761351323
0.021806050421411257
0.10380189797561655
0.28997856386040877
0.41645547446160225
1.4768776629643
0.2587880441977676
2.8391934438541613
0.59808555526547
0.01065111149888355
0.003602349015691059
0.22398489377844394
0.04077038749897493
0.008282509332149328
0.0232106674452876
0.24489511816383325
3.708441726643541
0.769871120639013
0.8355183271689501
0.040151144682255994
1.053737600309319
0.5544172636830058
0.6877866792825292
0.38019336424425687
0.9140566654258753
1.5640032971905689
0.7645437917369737
0.1129649255543626
2.059578958358091
1.1582709511723515
2.111348496772382
0.22938216130120798
0.4709883506541399
2.0246442013373835
2.4232828349904842
2.618130879302953
2.611030670106213
0.35450191477399257
1.0346524638412113
4.53006620485961
0.8219587268541657
1.9614815717030822
3.908779884730633
0.9470216396451345
0.793230923929551
2.021569705003087
2.675345656058435
1.1036229005782172
1.0434788324256288
1.0112283066185843
1.349402345694373
1.3424856035328678
1.9441327301519822
2.824056644517863
2.1114430496745165
1.7152764920670636
0.7651159050399231
0.7567595084342458
0.7461203640376819
0.8590633788537596
0.396396925473108
2.5878309929129184
1.8405704386596557
0.8481431842150017
0.5572527723680522
1.758572496567151
1.1240959190115238
2.1610770608101495
1.6831493434192586
1.280158736648992
1.8865998374332966
1.0436790488628889
0.8246180250858484
2.438525044439363
1.209427866212159
1.3611306131003507
2.881463403889981
0.6447574155180038
1.1577701043446726
3.00553727410404
3.1167071251884835
2.576954328566159
3.1504197107047314
1.723008996962525
3.5589544532070208
1.0232244925787402
1.3017789140911211
2.823692956612758
1.5543433098341468
2.4780677560196875
1.7788883977258256
1.9135457710010846
2.112532593999175
3.3808734025517104
4.170580269311449
2.393890913738499
2.734412585723642
4.274789595326982
2.799960165239972
3.8985022879442948
4.137940365726329
4.586830084671898
6.170731590095839
3.737318140726512
6.277277990449231
5.546864403650188
6.42701399224127
4.645317171397998
4.739822096829713
6.497550226761394
7.293412386561255
5.375280453164483
6.293801998239131
6.01852841783605
3.031375481506244
5.243544140844862
6.174930024540466
5.091340743266015
4.671196456510437
4.71048564849567
5.624814315944822
3.039017663013458
2.0261032027826635
2.869999705905835
2.925496992578402
2.857732554152633
1.5892003798850856
1.4696768250724184
0.9366810826547066
1.286061529314463
1.294947365291453
0.17686105491155066
0.7269583401805363
2.8820947731102087
0.8120429414983906
0.5945404694355205
0.11152699693018979
2.36010598126116
0.6343118045681038
0.5532081892442046
1.6752415334083843
0.4719588712971535
0.26876900130551484
0.11520065229488813
0.8743274022661528
0.9253337470407851
0.5878803901606893
0.4061224290741217
1.0664281181818756
0.3859996391979104
0.09740735634579988
0.2343306128801887
1.1383729248789876
0.30071783062430363
0.03893301426177253
0.21453987242837208
0.28756372942219177
0.7461138345611776
0.30709569018981836
1.3396273367760438
0.9282015155117036
0.680134609579177
0.10283198120427794
1.8237720461004667
0.3129816929287186
2.4732668432430533
2.026434951222413
0.40076160679405637
0.5177553904906581
0.15295356995470072
0.04852530478086657
0.3467807490349595
2.1251480408648735
0.7827487627013093
0.9008830862801177
1.323864822862642
4.701464384365407
2.3843373939811516
2.829179583532036
3.0602778810365576
6.438374850195342
3.2028314530892823
3.577475039840704
4.22185136258475
3.667878945280726
8.093562052014379
7.852507413257614
9.236346224987232
7.228054758839423
13.199305059460492
15.35348499015174
15.081043017654869
19.962252604605716
23.494856394111668
22.38538852785391
28.25400663958339
27.693167426609016
33.40673720788396
32.87794332577845
32.79584451791395
38.41690792336867
41.8797129791554
45.4233281398572
43.948882307237305
41.40752979105907
40.084865652329235
36.36114267674903
39.60465597286393
34.525988128792314
30.50443134165394
29.79344655635403
25.22237310583198
21.734529599790847
19.443809299235756
14.410134382634254
12.629572304189104
14.485190145027985
13.980230118509372
12.113672077280034
8.557520142985817
7.375413454433479
7.008419486506033
7.162969340583737
4.888857445386528
7.228731520959503
5.072672047331951
3.449204315904363
4.679448183739385
4.044840922046221
5.25239663876616
9.394164053506172
8.668187187601637
8.886742263385372
11.317398476834796
10.628300903403183
12.059087773365816
11.068056828284464
15.627063284418284
21.398371806844388
21.55211034363252
23.641703337360642
30.17160287690629
34.22547439573595
40.69228259039925
45.25601862157228
51.676441239535535
59.72712644838971
66.7704911007256
74.36644123740008
88.69420711633045
97.56719365251995
105.75627097614822
118.37232546292975
133.48251151564946
139.69097044096102
156.2467279772264
168.24485102443467
178.5390981745293
177.87972722874886
186.321142478918
187.55825250508803
182.8565552151946
177.46691345877213
173.79662411370825
161.97893287232503
152.82330139233218
138.9632817162916
130.59405993385798
118.6072782840227
109.08932396146928
97.64944782351274
88.84768045639427
77.02285738235562
67.6962410393289
65.41572413960375
56.38727750545231
50.41635443306249
45.03567057424385
40.80264453506027
39.15008591928319
33.447114042027195
26.656031818237267
24.71309446388722
21.281843995526447
20.510325816364467
18.32253551721549
13.468996847609615
17.086744773861795
13.65801983714073
6.72250989020605
8.385214559156664
5.436187577620999
4.31395329275552
5.855545118400368
7.731097777531182
1.4614310143702691
3.8651219801920136
4.875611218531498
2.706151588895597
3.188460189478492
3.455865568872717
5.227664744326495
1.2004476309855259
1.9955327558258813
1.5259983373969488
0.32404444108275693
0.3942850692632012
0.7025926787876088
0.44393713727723727
0.43208460778442076
0.10586923845665681
0.4255117194336641
1.5955757616651132
0.20884235460812592
1.1293917206391748
0.8090697414473524
0.26841935777084425
0.41344817925412464
3.741129582002733
0.47142782398484984
0.305516138666215
2.595246472355224
2.1213321630449378
1.9586619832571326
5.386165844970887
4.679213296177095
3.2500972193668733
4.478970152309584
5.694992035636678
3.7499850847335505
5.887368293601889
7.179580516517457
5.2630552469999135
5.772633400238563
5.4867152268716275
7.4860379168685105
5.889013387340686
7.738458712627822
7.901716751624783
3.7840432439197484
3.8936762415214528
7.779450479677175
4.266886673643733
4.3751372660689185
3.177127853269164
3.1858862639215078
1.2985191412605765
1.9828863379887032
2.9732541053594894
1.7704027612063218
0.3773306539526548
0.6836321327637961
0.5208401533036142
0.14312173934788727
0.1427414656309181
0.02037754473899714
0.12383117876624693
1.2291659995702169
0.17958362891304647
0.23678822097128277
1.1058286328125897
0.36188324990104587
0.14264260472430107
0.8296790355636863
0.9719002922765451
0.10090180810709819
0.07862172979880351
0.24516181864961284
0.09517852051485817
0.010002702961524727
0.7610847977441069
0.9001823517031123
0.01488821953304525
1.471057411866123
0.0315612114915538
0.09270091731733171
0.6863836307221078
2.379741360341556
1.6138700621951725
1.8982020711787972
0.4527507037054258
0.17839049874322183
0.4442037789766137
2.1912656937629396
1.6394562528042178
3.156536705699173
1.6883642346945895
4.00610349869416
2.3222785754786384
1.0195800800618198
1.7243634231113156
2.7192680383602976
1.221170297378406
2.875290103159203
1.7001162500922848
1.8915764435909468
3.3152680822689264
2.2004971674696376
2.7573818916638917
4.534475537044372
1.192170043396621
2.193642869909158
1.6085279670968327
4.435008717106851
4.6277818357392695
3.1560796115603287
2.66037442717113
3.749918359664201
1.2733323976178097
4.554439524868287
3.8284150529943726
4.941862474861332
7.387644095363189
4.345005845158682
3.643704048647681
3.1229061850638637
3.455724207540175
2.621681928679181
3.7181677742335046
2.0585489022597536
3.4370264846453544
5.349643253626072
1.0155103889052914
4.1365842538981505
6.967987300392456
1.7614515556952968
2.0274677475002942
5.449625822497445
6.538668213742178
5.440368001175653
4.072884075823907
2.7303173426500575
3.2276726153971205
4.350732578307441
2.6334263613778717
6.756354825686893
4.788599729827529
1.7671967037683445
3.1922857146257484
3.4427449444982057
1.4824406659102953
3.136670134708516
1.5584878932878619
2.101119196917686
0.2426325214024791
0.6603448837246426
1.319667607218341
0.7721212508227566
1.1098325500740158
1.352978183222641
1.6665254508147929
1.278079075282543
1.5694512143102048
1.212019815955173
0.10975426286648934
1.614685601753741
0.26735934955002294
0.15251762925300874
1.032653121121938
0.9374335551317989
0.036060390336407594
1.5224629686771767
2.0005439998411396
0.353355896218511
0.004702752209351907
0.6598671802199055
0.23135351975751514
0.19857944021362
1.9275161035659178
0.002343968020192078
0.5670805907123099
3.202639705956266e-06
1.5273703537535331e-06
1.9019775248466742e-10
7.407978355788386e-06
3.355208079876131e-05
0.0006815087663630408
3.799941136124474e-06
0.0001409891611680631
1.1695015683377516e-06
0.0001509134135549161
2.4162682491443673e-05
4.41953047554159e-07
0.00011086494322801882
0.00013552321292213662
0.00037098272415768207
0.0016258390795058258
0.0024524488775108147
0.00021586131537130923
7.71754353191175e-05
0.0009377278996889106
7.311055981509273e-05
2.2303242378516478e-05
0.0005282792200651748
0.0007859719873585424
7.980318894936869e-05
1.9064257238008428e-09
1.4976959164688395e-19
1.1245305469055866e-12
5.733954617035748e-13
7.259183402064987e-11
2.6965660010202806e-12
1.8381118470717103e-12
6.59566544233983e-13
3.1888219038496476e-09
3.911506088915866e-14
2.501837121968725e-14
2.0718996544886936e-15
3.7740407346952084e-16
2.494552685131748e-08
2.5800827827264978e-09
7.196858921959001e-16
3.1148743226158518e-15
4.784175167130784e-13
2.6663064530241425e-18
5.8556797180135374e-12
2.182039232777643e-15
1.8939605231245377e-11
7.373056029437771e-18
8.276425752227515e-11
2.492304197620677e-13
1.4682798984221502e-11
1.3019532912935897e-13
1.2841375528813972e-12
3.783105119806067e-13
9.152903846800932e-11
5.58701233723972e-10
5.200647519033647e-12
7.089637503479822e-15
5.875124750070327e-14
1.3211067403319552e-13
2.1819167017077788e-12
7.397807328586553e-15
1.4357569939913588e-11
7.239501068861297e-15
3.036934610874287e-08
2.354115281414228e-16
2.8055823077752425e-14
6.498142478920644e-15
2.7619926692913777e-14
4.182689906805786e-14
7.058493887342002e-15
3.945088399486414e-12
4.614211898748267e-15
3.06793520717588e-13
4.526102196695396e-13
5.399404696782591e-13
4.270531208433872e-11
4.282754347191648e-15
5.383071171314558e-14
4.49818791466961e-15
3.999288823489355e-14
3.365221830115515e-12
6.344263312138331e-13
2.4952275316400617e-15
1.2005377580693752e-13
1.1143991218532452e-14
5.454637235336857e-13
1.4888495784559626e-13
2.3522635755305005e-13
7.856762928797161e-16
1.9981178347597836e-12
1.1909876681676839e-14
2.173807682768926e-14
1.6222538882522311e-15
3.0261764899725687e-16
1.7927396543008095e-14
8.841272843792208e-14
9.167940259512762e-16
9.639159675871486e-15
3.4806664542327358e-15
3.861047281876525e-14
2.6506196298236737e-13
1.1360775770896781e-13
6.427912793471591e-15
1.5710467803668936e-14
2.943209941023543e-14
1.0120913329916838e-10
1.6782823988773075e-14
2.2423834472905198e-14
8.262437778291796e-14
2.79370695679146e-17
2.3723819439528185e-15
7.657710613589339e-16
5.84210294235114e-15
2.484319332381765e-15
3.8686099611043186e-11
5.660410724688009e-16
5.097252369098411e-15
1.0821375965664341e-16
1.8076766636991203e-15
2.9441256802682904e-15
1.9333193112766343e-15
1.1896454947649137e-15
7.825765343613193e-16
3.750044081995021e-15
2.371894267650657e-15
3.863909833077658e-15
4.049366982634739e-15
1.550150129177537e-14
8.122296250009108e-16
1.0237049609182176e-12
3.836452697326788e-15
1.0176082888502182e-15
8.313096155845427e-16
1.9525457253409016e-15
3.0649706952075106e-14
6.702253446234016e-16
1.2021986329175507e-16
2.3052935118902937e-13
6.7083280770344654e-15
7.428451069606757e-15
8.663287030995666e-15
1.3977458184161936e-15
4.0936593168185606e-16
7.280169559617103e-13
3.2274211723610253e-14
3.709076530242387e-15
3.313469761288763e-16
1.3791048910598675e-14
2.270649172761762e-19
7.591914785263427e-15
2.866227992125813e-17
1.2142528097783431e-21
4.909452994095738e-16
1.2406886670551357e-16
1.4865213182132623e-14
3.8907799476368505e-16
1.1858284383460315e-17
3.5564530779507545e-17
5.784965112177429e-18
2.068873301943898e-17
6.7454090775064346e-15
7.776385268552972e-17
4.6822595928207406e-17
3.462607591911738e-17
3.620338016604586e-15
5.903513060401457e-16
1.7835603399354147e-17
2.5776108470494134e-16
3.2379953416473277e-16
9.698619540997109e-17
3.198805285288373e-17
7.872628325512574e-17
2.0713976104133987e-16
9.28743460398143e-16
2.0717761890456714e-16
7.6039033788920095e-16
5.89844475218989e-16
5.671019180250154e-15
1.2857010104128355e-15
1.4332225656450787e-17
5.697884246316327e-15
1.0131453844052048e-16
5.713382224132644e-18
9.421517363905488e-16
9.238567865658424e-17
1.7625572447366252e-16
7.035303598927834e-17
1.6274828415337984e-18
1.497078097594085e-15
1.801919265756605e-17
1.2859606117397984e-16
1.6237124641941483e-17
1.187125143389815e-14
9.176652886985848e-18
2.314305209698941e-18
1.2613460882220705e-16
2.7527718579571324e-17
4.0145180658066753e-16
2.035476530693295e-16
2.1491311168108015e-15
1.6320875279269508e-16
8.620498286473504e-16
1.6401885413974157e-17
2.583246830810119e-16
1.9915499409182985e-16
1.1123488432992552e-16
1.5918960721802826e-14
8.027940860274223e-17
1.1486037169470074e-15
3.67537954640682e-17
4.170376660902644e-17
2.254477204772225e-16
7.986638685119139e-17
5.215152574246163e-16
8.171310298619461e-18
8.56844979609086e-18
2.810870831912338e-16
3.7693360992582734e-14
1.0898733563705213e-16
6.065609368868567e-19
2.73160459035142e-15
4.0129402923788466e-16
1.2163370683572414e-15
4.326766940319182e-16
5.929838877720808e-17
4.4844950037450054e-14
1.2037171130652044e-16
3.928951786067526e-18
1.1201134991088636e-14
8.901268490395834e-16
1.466799371540162e-16
6.679883778930783e-18
4.8446459656813126e-17
5.694249657171296e-17
8.840309195571636e-14
1.5489244581387952e-15
5.2336053667129477e-17
1.6553304162555256e-16
3.948956597507796e-15
8.584583300241454e-15
6.024945668781471e-16
8.945562230250932e-16
3.888627747748329e-16
1.67007010167499e-20
7.370580248839532e-21
1.454092070333117e-20
5.832057765600874e-21
3.272216225238734e-21
2.3372651572042404e-20
1.91237008009314e-21
7.330397196698077e-21
8.869775121495214e-21
5.192627342892136e-21
3.803526595801804e-21
2.367435995382227e-20
3.503604957908366e-21
4.037477063987603e-21
3.3715201514801547e-21
1.4925276131784617e-20
3.844784476562172e-21
4.8077952909088476e-21
1.5292406644700432e-21
1.1501623578360974e-21
6.94952871954492e-21
3.2098138168346343e-21
2.4078354241486307e-20
1.3432198430235877e-21
1.0780335468173649e-20
3.934887026803945e-21
1.0702218970463514e-20
2.3823641326393823e-20
7.657336241472347e-21
2.4107786244490243e-21
4.075120561949008e-21
4.1838050399025135e-21
3.265803595513461e-21
9.498592401358225e-21
5.010602238177821e-21
5.653530360669577e-21
1.5247742572557077e-20
5.23904598742426e-21
3.044415037384331e-20
3.902227701649357e-21
1.0262782297430634e-20
7.470371269531913e-21
1.0307675488423059e-20
2.8173373098124835e-21
1.1971428518888862e-20
8.137565515927315e-21
3.2022806849777386e-21
6.996387717482065e-21
1.4456123053495968e-20
1.2337134422814827e-20
2.1753718095005405e-20
2.1800494134128653e-20
2.3061452583498886e-21
3.3493943674178636e-21
4.121316451032388e-21
1.512189941902003e-20
4.77156220589014e-21
5.930590375254178e-21
5.416260450786483e-21
1.976433034357161e-21
8.156715958610282e-21
8.200299454962642e-21
3.379020926300692e-21
1.3063468650155204e-20
9.35455031591031e-21
1.3317480929966954e-20
1.0439191658126939e-20
8.100571444797371e-21
7.927464116024899e-21
1.9166038560478977e-21
4.631541718320278e-21
8.827284303544364e-21
5.273897039647823e-21
1.9501326862515073e-20
7.546577563001324e-21
8.41455097233233e-21
2.4960860530708973e-21
1.612114500528886e-20
