1.0634329674531892e-10
1.0194966115779596e-09
4.492855349131466e-10
1.0206097457110685e-10
2.4333807559363084e-11
2.977767583766583e-10
1.603655874365028e-10
3.7748701428276574e-11
7.481061584446461e-10
6.966058755402547e-11
9.424797521143234e-10
3.251384455960847e-11
1.2998326824036695e-10
1.6180479353293121e-10
3.4811109825229784e-10
2.842231027013388e-10
3.554186193174556e-10
1.394343548275452e-10
5.0653837370132265e-11
1.3157999815146635e-10
8.369030006394453e-11
1.6213338605706374e-10
1.7086167724750283e-10
1.733993326646523e-10
5.012973131693221e-10
4.186717982462081e-10
2.3785596518298523e-10
1.7808156947101385e-10
1.8036159556504558e-10
6.928957354436209e-10
1.0333229187912675e-09
5.410995640665119e-10
1.445169729423535e-10
5.747221276585993e-10
1.814955700994293e-10
3.717197473956262e-10
7.72748424991785e-10
3.2791064292485534e-10
2.8473828514681913e-10
1.5225422068853141e-10
5.855036814133668e-10
2.0161033753126437e-10
2.161783490596153e-10
5.98106597192377e-11
2.0829640021216284e-10
6.569456161956277e-10
6.230663265370351e-10
3.277038920090216e-10
4.239125322990807e-10
2.2211564511046332e-10
2.4055916737871284e-10
1.9708484566280075e-10
3.0301345410810187e-10
3.839307934521118e-10
1.1814064568933482e-09
7.160944915507492e-11
2.374977046420216e-10
3.1420969946240457e-10
3.390052026752222e-10
8.912867311222155e-11
7.23008601542094e-11
5.245559735540619e-10
1.028257324907284e-10
3.5832001678532633e-10
1.6856387777087465e-10
1.325195124718572e-10
7.787328142060423e-10
1.2284566978296029e-09
3.9007112271219836e-10
1.3601783756249424e-10
4.071995769512645e-10
5.887155775058864e-10
2.843692084522399e-10
2.1582274781744123e-10
8.929777274993339e-11
1.0951593124670674e-10
9.54188781964445e-10
6.623232632511352e-11
5.458881137580084e-10
2.640772428413521e-10
1.5436974351522334e-10
5.759385460265535e-11
2.3559090100197007e-10
9.684961224712891e-10
1.0645110988697546e-10
1.265726727419892e-10
1.7152028736245404e-10
3.4633291616375495e-11
1.015976996558438e-10
3.107472824340082e-10
2.889724688857537e-10
8.250886670752215e-10
1.3842781901080963e-09
8.153712163674715e-10
2.31798703326633e-09
2.819660634048403e-11
3.375500614030704e-11
2.527803645359424e-11
3.675052432528617e-13
2.1996201405268836e-11
1.9183371787675944e-09
8.804756873267512e-11
5.3220930932526295e-11
6.568145009084999e-12
4.836244598599008e-07
8.090495756292474e-08
5.290053923062007e-07
8.478195365399445e-06
3.0642748263081877e-10
3.57011134724388e-10
4.771677798583088e-07
8.202404452038839e-07
5.200083626664245e-09
3.471443952856596e-07
5.931239569096455e-14
4.4897630965771756e-13
1.2594038251605068e-07
9.637331682720715e-06
5.003119206202514e-07
4.99519814013203e-09
9.161072902513992e-08
1.202713204479026e-09
1.5230919318478535e-09
6.144163547569948e-05
5.779405125185577e-06
4.078141489951932e-09
3.747378475592646e-08
0.7957162226993961
0.802198718137621
3.117089828827291
3.9990464637195435
4.155295876352777
4.860329753690347
2.048254816036435
2.580167005946946
3.690058394941692
5.774847080470869
6.468065963361634
4.675000534587827
4.364125624544793
5.826867819689734
4.427856739286994
4.114566919446587
3.381190171057777
1.911465672406255
0.27402640859674376
0.22703791278052254
0.005561074708060263
0.02506381452668112
0.00705922340334242
0.3396295582984788
1.745631593280004
0.8089667722612482
2.1010613427333418
2.555985398248085
0.570470112029275
2.1060538644132243
3.398410626027752
3.535742962973744
3.030436192233091
2.7870401459951233
4.87969321391931
5.999438107688268
6.2443127717622025
5.918518058871697
4.739058803322665
5.90316336163676
4.934170188858165
7.542721540434201
8.16467820116507
5.5919223793905894
6.3060647224103406
10.351170671540501
8.377073352540105
7.876079523652427
10.112083892870347
7.01833211426266
7.908564117989109
8.678954427241536
10.435105616811784
8.291144147636992
7.342152005462602
6.684746454084167
6.541455795000357
4.147881385953561
3.3997960286730233
4.3901941456252125
3.847848532882038
1.0322680388588776
0.742248174655633
2.373753536117049
2.1619187049957804
1.8251375947606074
2.3667964429357538
2.071515829727158
1.3133496717581714
2.7481021835636734
1.380409510614419
1.92477815406738
1.6128522924720379
0.5560786012382681
0.18967541422746978
3.1899770547712825
2.455358217880648
3.4069781694871194e-06
1.4705826710131098
1.9016986965020348
1.6142094637363968
0.49786676460244317
0.16089487988872708
2.1467804834967636
4.0356572195056515
3.38432507834256
2.927501496215811
1.3771276120505922
0.37797189666360487
3.237817246108529
1.0580888631254153
0.20562234323884662
0.4973774849099914
3.8964071644275347
2.779362391105151
4.654998015224665
3.4795061654942403
4.465452323598339
3.664573245361083
5.218732928963307
6.752717906839755
3.8852942535383144
4.0432413012392425
6.133407282984429
6.393640051310213
6.880687101669931
9.04729819599251
7.225123084825513
6.623068130444086
6.473445120001197
8.104493318856264
8.197854201228656
7.007531067934828
9.882117314444637
10.762894244285507
9.906052896469363
7.493738726123455
11.599976906193877
13.673827097166756
8.78579351183008
10.589025717500704
12.261124997957012
8.930109114192264
10.001564103453914
9.060410552824154
8.837735555460178
7.379411294660247
9.907629634359969
4.630786550627945
2.511724897107691
3.7139193978385845
3.0951242723645698
2.1349500526895886
1.0601969619441998
2.2953253976153434
1.81374732529982
1.0295430463930206
3.651242248321109
2.437674813828923
2.327444935459349
3.0037833347353735
2.1949557764185155
2.9723578625915117
3.549613897782476
2.303642731959921
0.5761081237970413
1.077942413497025
0.7611987861050565
1.314027274793308
0.5604706041537006
3.0522252964825003
2.6925298955184704
2.7625379231673928
3.475540151840499
5.62116374831662
2.3799959724639255
2.160902516601286
4.2365260524664485
3.9452663944101922
5.730693518557771
6.1149455276712565
8.504641098705525
8.960323859654896
6.19981257362148
6.905826313948413
6.458737313084952
10.62849609677903
9.284487705617266
10.013234233777744
7.783134113530351
8.484869631488465
9.084654289571608
6.2940634502314285
7.391880585843357
9.174686862766421
11.24718059146341
9.663399629529154
7.404215266617049
10.57603345887135
7.594927020857137
7.426369961686841
8.738641718086258
6.478665560166641
7.513152467316255
9.817677615881696
9.780601022809352
10.926661168517576
11.441735435403693
14.031142093007812
14.401959923911335
14.317168926332723
15.251741193484772
16.28293230915003
17.716168818271342
17.711167011045056
18.99175639456705
19.362581075156307
20.6943830821685
20.848863974751175
19.715756621474515
20.57974427944842
12.673524677696356
10.14019176103325
6.673191716493058
9.68767261754932
7.750542794236041
5.700136674538372
0.9449930702436391
3.423930772866764
0.8259847610801557
1.0238566015071773
1.745274977101136
0.04311116563830314
0.8852982359162913
0.032829078760670566
0.2793530378177667
0.5416735505074265
1.9332834249887443
0.43596310277084704
0.9244541638999264
0.6898003459583768
1.547732461431981
0.4147366761807531
1.6505154807140774
0.44409879134376695
0.9290369853361964
2.4630572879637875
0.1820856957334596
0.12411920159487724
1.0974159807459858
0.19925390247051275
0.7855782597308116
1.8058346153885423
0.6508143583214424
0.09968820798879714
0.15647923789965185
0.3552074954793257
1.3626878807253386
0.22195375485866908
1.4317963993647604
2.39194243687252
2.8024440350729565
1.927771084435042
1.1379932213790174
2.5314716724278665
3.2717707723296257
3.8587883917921237
5.171097626711067
6.974256696703972
5.988214468232285
6.582896946921632
7.78910805511789
11.50718557890866
9.011283361989163
10.693963241204653
12.830347775553875
14.286455296741892
17.268776201073912
21.471893257354047
23.550729323277267
26.506367942484466
28.093632612187818
30.346616998941816
35.34213562379144
45.19560995918523
47.99571908149479
53.164851939446784
58.83492035467074
67.64924140608557
71.6993135137967
78.92280037121502
87.80441721454899
88.49693106788372
89.9788731048816
86.17377605832722
78.70210545445596
69.21455169087976
59.740612041400425
50.69330699834836
41.22210782533695
34.75760015768142
30.853608523623734
26.392078313615755
20.479107236354757
15.687469309258892
17.34470034161597
19.380926535686463
15.78936428166093
15.773765775705069
12.954195638691635
13.8558329322834
13.459015029021321
14.482685196367246
12.419871278934115
13.391604426948192
13.348072593638957
14.974842650166762
14.409736490785553
13.28780666716259
13.135597559928879
10.561588033413182
8.737393409928217
10.202587790301411
9.22121856354588
7.645342071702918
7.895673865022484
9.38841022826904
10.33367161392182
12.093776196498808
10.877826963592799
8.54599769742355
10.355573963517248
9.380176037022288
8.329363430917326
7.6040750095809475
9.078024721930483
10.878494856424982
12.336128739848114
12.147799481060751
10.491892041373692
8.979091371993947
10.16586174132688
7.998498028701594
7.7408367155269655
4.774026558641693
6.649319939566625
6.793088597967906
3.9317971353254353
4.996321540081869
3.9573013582928636
3.655832897711106
2.063494801971001
4.2248665880933896
5.8852793482605055
4.65272940061584
2.5652588124420945
4.032663433989569
2.9027794386823387
2.8378860903309566
2.931284770442442
1.758470739554497
1.6728384180762177
3.164694551477209
3.0848393141794035
3.6131258453418837
5.556785046058525
2.1626496015185706
0.7089711683243342
0.30936441077404714
1.103649435514242
0.08960303773807254
2.3143462421002354
0.14711740461064374
1.3437285890632344
1.1412773401384158
1.1806812875276822
0.07220078342344652
2.0204147867150994
2.040341527282425
2.547873940645217
0.6799124733340814
0.9959701048388093
0.7095915542774324
2.5626410797198713
2.5988387372060977
0.9931717737425264
0.3789240558455266
0.7271269448931179
0.02113227902491418
1.854835011290909
0.34754425807481526
0.9571092895811973
0.061860405551997566
0.38114775551910907
1.18311585304299
1.9071864603901396
2.873864362302304
2.913285197574237
1.6511088574367911
3.133927711895334
2.6074038750157817
2.9474072754263907
2.4653800780152864
3.708327227923315
2.5571379780033623
1.9524331866425242
4.386986479445204
4.786464810678559
4.610525157064986
3.4592895472018683
5.953286557839929
4.440419465525101
7.528203990005239
5.901423150655583
5.284611544818701
8.049025231949011
5.487790968130331
5.787320686467573
4.7103060946014415
3.080785719748908
5.057546810681186
8.29682526991217
9.718991961636918
9.199001146423214
8.016021684292905
6.352673433602365
6.261157111678862
7.094455334353943
6.882379092400728
6.278195775493248
2.961113372843348
2.48986401160394
4.368644261730668
7.190174656045597
3.0556859896246173
4.428885851803187
5.5910475931731884
1.403151270521645
2.5963561971687374
2.3291056182820205
0.9160474324896049
2.1977701370501173
3.276246069228117
3.95414636878365
1.9143895918008467
3.8069334461677644
2.4110960140098485
3.7165093118466763
7.039433826859919
6.541664745232408
4.434831887305569
5.439061838830142
5.778715765763065
4.091416638984404
2.8017508778705866
3.6183090704214322
6.1504235763676425
3.7163994933541318
4.393416235212153
4.7317145803527305
5.273330011532145
4.824802601974384
3.7467170345298517
6.199041233649504
5.3225351846372195
6.238433466509341
9.065856836487265
6.491488043101163
7.794294982644383
9.072692359257829
5.060958331876358
3.742693995998716
7.83155180990517
7.071108938399817
3.417215153154316
3.081955673914394
4.1373008904377375
2.7863190771933346
1.9648261957125186
5.0495737374987915
4.692883445250838
3.394461833695633
4.442274388223755
2.695676176334606
2.282634629481625
4.114241660988825
1.7006597693542345
0.649888989860094
0.6565387627553289
0.5279670209778791
1.64908621864583
2.007296900123379
1.2048137794928602
2.4310306563923785
0.3239948600268665
0.6138018369263993
0.6019309747254178
0.9509870083114237
0.046353658219820126
1.0203230862764934
2.067797429536897
0.9481842950019284
0.44556244616102825
0.09587938438070069
0.0007773303104806513
0.06899295978781318
1.5005901180855676
0.6762698913619545
0.9652251487169174
0.47639819416960855
0.20553304254392357
0.34192706284454366
0.5741447132240097
0.09843328043585474
1.078552288369119
0.17035103486889674
0.8638148591910082
2.071129316846146
0.1549608830032633
0.9888284594456053
1.369675461587279
0.9812608947124785
0.544215040868753
0.7561205228836445
1.043929916807014e-06
0.4960906633755845
1.6903482073039864
0.7030208906450462
0.8051143383971829
1.056067421096584
1.0746096143775898
2.0791448997681004
2.675700500056355
1.5634085119287089
1.4787891056161744
1.6427313792902873
0.6818179851331491
1.9007305729371335
2.6027770759675923
1.3932924285039292
3.030035125957566
3.50034882409053
2.4182925337423753
2.774529272205838
1.7805282936779852
2.536819813055651
2.7352878268688516
4.703036918105556
3.5284737116761318
1.7493864825579324
3.6598434460032463
4.265545120920579
4.337727717015494
1.9039889670657595
4.321176684968232
5.42694383139685
9.737768862386014
6.533345817004252
10.401297194518854
8.532522313505053
10.255566265584086
12.298449431974966
16.83006728111614
19.394501164580774
23.059666216242263
27.21670993649558
32.27648800919899
35.68476594633517
41.55406552595022
48.02574378136869
56.799960834518075
63.480640132870825
71.9906357107545
85.3319620478417
99.24895169623261
115.7328505317037
130.66495380791113
143.4403448225386
157.9240301300426
160.730908908066
154.48033054257508
143.8422512711951
123.25063665631096
102.04942906683218
85.77925367955864
68.02296887823293
55.70625253882123
48.941964991778505
38.00021179854263
32.07898860478531
26.440496558660207
21.746002205835644
19.486470553317055
16.69656490149157
12.454010256442094
11.066635594542289
12.587598690190521
7.998550074975259
10.21815363989912
8.246086927292437
8.000191077006896
4.491496650871127
3.060148342565892
4.230971762626073
7.10183830629187
4.359414426549315
2.6085961170501824
3.8772714945469784
1.264075911223374
0.0022092879816541775
1.5597760227364335
2.1433300239850035
2.4706967511668183
3.950404144190825
2.503882884098162
2.2430364498515156
0.3273415241964293
0.16495042766360987
0.18467411876938908
0.5796531046229346
0.10852850323313229
0.01965625057114097
0.7145185874073714
0.042078481254559354
0.9185768973987423
0.006173977064619574
0.10653208581156917
0.3822252034096999
0.6236623620666727
2.198534140735681
0.9463165541560653
0.45626156052589817
0.5019425724674217
0.6261611354899924
0.301361676276595
1.2058444835840698
2.456004382215506
1.01222860415208
2.1638273377905475
1.858258291986118
2.4631082050873836e-07
2.230776126564329
1.0424318504293044
0.8838385388760306
1.312651402045937
3.2745816810984185
3.169151375717516
2.7387464652268103
1.5318290655202575
1.671840228973791
0.11032569805199223
1.4116739022251616
2.479524673517613
0.7997491585715494
0.1586746216094521
0.11520539234945185
1.281701364684602
4.078642059558052
4.263072971270162
2.4646303403460994
0.7698348596373487
0.9403006003130746
1.7891235489176203
2.5434503280133933
1.3941470220692593
2.19986349789908
3.7763513945824676
3.3262493248045737
0.1827981592495842
1.8713422648026246
1.8867089518657543
0.9001566527139097
3.8321937892852054
2.5824270034802312
1.3548009226489746
0.3213892010158552
3.647657425171265
0.920195825485248
0.07964972143064995
0.012701961276366957
2.5063332738531336
1.4327778222673366
1.7659003546840417
1.8498450351231561
1.0509561290690361
3.793762501406151
2.052668629876501
0.6042877342186689
1.8538279573529894
3.3826037372062996
2.449968632215105
1.6647309110890927
1.9603489908136034
2.7741383357684937
1.7512180888410056
2.351928155785514
2.289068029309797
2.6265518500774
2.683034087394394
1.6813798694872
2.9179803694844755
2.0337464082302157
3.2244335500627135
2.2700357024555755
3.2016046558135445
3.6499953220201244
2.124649798448492
3.5176349208517417
2.3221906349993056
1.542752504086801
2.728259676795879
3.4257210859735996
3.080712597682079
3.353571502881263
1.2194292704474758
4.4324428228130595
2.369066654111294
3.8031002590495016
4.3734037974062385
5.511920909763212
5.036774700378988
2.874784152367099
4.230721386593388
3.6025116387271776
3.739227075087958
2.91191744160287
4.743794785566891
4.189162807375208
4.710323605760969
3.3708367333450573
4.650736531887731
6.47978974279709
4.146135199503003
3.5728230583028617
5.68468211910281
6.369208982820823
3.52734224419645
4.2151688714707936
5.694384915784388
4.944374163797971
3.6333195441601203
3.958051357063071
6.325885179020606
5.475914082422698
4.231349103793104
4.89599141196016
5.123088082171016
5.725422562645452
5.637569404750705
3.276450776704293
3.9389054067828693
5.562634445388043
4.093686031767666
3.5150504537122953
3.1016632172677348
2.7085324791319896
4.447588304294019
3.002339584784884
3.2141831732735158
3.664520545163405
4.440059673151126
4.063583128570794
3.9520401368755658
4.448278033933682
3.2572430292216907
4.371243090987807
2.7531761411445426
3.101851711786515
6.626855903254454
3.492910511025489
2.2414894091782402
1.146004925157721
1.1723334940954586
0.35649354709382264
1.9577026491416922
3.6526905884736456
3.0665036555659597
3.9725198878457615
1.8063434910603122
0.004121364174194992
2.1023269595270793
0.6904750131187151
4.0507766061042645
0.1936692847740406
1.7385626634727804
0.07327257436464982
0.28649032842060185
0.32463300863302647
0.2846753404986624
1.465853092362221
2.9486612995535064
0.8646256717847678
1.0171476431852593
3.613880679144658
1.2496399801851057
2.9287073892353566
1.5264831034031798
1.0368502379150648
1.9217077973719705
1.1036763716256899
0.17068591150351559
1.1416621748613553
2.7894179247123883
1.0118119707182471
0.5502622489882482
0.20726244458250706
3.731768512843416
1.7747123238909963
1.8174502033525692
3.4863176653988264
4.287114725758171
1.3597606371960769
0.5139896237805097
1.7102024369242037
0.8959891948502402
2.4804553034904018
0.7288512827212436
1.5017062273540205
2.803875674021785
1.8499913431204034
1.388282963550854
0.6728019517166655
2.147536571957138
1.0108878034303048
2.0491100010224166
3.2822548746957496
1.9028668326400138
2.524340284096201
3.2234358201190085
0.36896095257564043
0.415093018757559
2.3076899169493155
2.039082593489747
1.3041386714221535
1.1682024870861742
2.0963442753370067
1.8565581481911697
1.551196109203147
1.0208296622027968
2.813992065385684
0.20931587349834782
0.10490822177797804
0.7036411726884987
2.5418564769506116
2.627793123586867
2.0385272358062054
1.084308059452405
1.7154398252327767
3.3647438648472967
0.950354917172043
0.4283032893637012
0.6552911380771135
0.7035959071923086
0.3265451311188666
1.1389136543009302
2.48723350038245
0.6278260044849873
0.40964599737664986
0.14445742467258807
0.3630782806745618
0.12323460289636481
3.4820013997854957
1.901848563999797
2.6512726603997345
1.607195651989706
0.38946229673913085
2.2409041931807456
1.1456526083279208
0.2525743530168383
0.15155068236209174
1.296804688754515
0.6926258015753479
0.031701445055025555
0.49130703295118905
1.584482360658536
1.2515080809007206
0.7119904805311401
1.5495072162630013
2.1389829521985315
2.836517717909414
1.299479844456403
3.104158818525475
3.4685422315494425
2.686770076352945
5.633855417243754
6.65057274693516
7.241974000367436
5.28661992198586
6.9354799288157505
8.326475488045249
10.111524883839406
9.317260628591193
9.257962860692423
6.496006583486089
13.395353312230524
13.794188442544337
11.269633461032472
14.617037845878647
15.302914693063832
16.30699781002472
15.237104542502314
15.66724471072694
14.448986061600078
16.19810991618585
13.33009077820349
14.630408635224004
14.15504103994745
13.729336027458144
12.187058060498144
9.658144747689779
9.368549181726664
9.529534748864256
7.201762572078492
6.941937924379408
6.762034662534092
7.9055736634076155
6.570851355317616
3.9464609489360125
3.629792687788616
2.9453039309300744
2.0228663062775802
3.0094190936872893
5.197648341640517
2.634457626957824
0.5220431852495311
0.4338445432245809
0.3977909232254908
1.5416925065178098
1.9959175471965411
1.4721945229709497
0.8956914623602925
0.7231931992043473
3.2792871126502092
1.5427519922005886
0.26704101306441785
1.1065324506509293
2.6777917391718504
2.7805317969379346
3.146801749781807
2.401370867821535
4.537029114444975
5.340608739937504
7.90647917634292
7.279081329647114
5.706614743734295
7.63905677367476
10.315886330139252
7.317161769275114
12.459298179898115
16.38763434462357
16.92686439553496
18.202199222129845
17.9797389582901
20.00368943908841
24.065664093590442
25.318740924679922
26.42316311774938
26.883582099681938
26.707344637595376
29.533830533505736
30.350642637199062
29.417451681536402
29.306230817590222
30.325911904813474
26.875425915862998
23.74745976400517
25.016556168890666
21.205875271181082
22.051481254729023
16.939963271463927
20.040394695896506
17.629816349257347
17.2682194615209
13.927584896994652
12.60883182858681
14.089227757078184
14.525256106058245
12.403199681661208
8.837785464692864
8.007201678802776
6.7842486248194955
4.737051583278224
8.788260799118076
6.015920641173826
6.312388432217103
5.271679471967066
5.228753390544622
6.947003822809432
5.925867991773695
3.6769884487607722
3.6841057191892124
4.844328893454253
1.4707951941548554
4.506416616970491
3.212604548692403
0.0022575097076269015
3.386967171053249
0.6487415374715395
2.5359777341035508
1.2663989873198767
2.121183941517049
2.792829522145963
2.418751716576553
0.38064505230679374
1.3129477096569107
2.5365591538629193
0.20134246874394018
0.36406472115992095
3.4058864595052847
0.5893301391694556
1.946978296278655
2.467193847527203
0.010508926101266589
1.5497011865192376
1.703423668749144
2.7230493306820986
0.16813101661562513
0.3710751213680592
1.2582471851896657
1.3258569102234004
0.7117512795359013
0.8851846979336003
0.6141133117221155
3.437619637690026
3.076139821459847
2.0498670262963157
1.3278024956708205
1.619484143902414
3.434992450508567
1.5262514445900286
1.244571297388003
2.267742889732854
0.690339056576026
1.5573161917767069
3.9657209329734613
1.8211144329112154
0.6363169593649283
3.664221717077775
1.8530048314167578
1.707378054759804
0.1554430696114152
0.6454651413259365
4.730952085306272
3.1589461989290015
2.301282697164648
1.473852000752933
1.514198846489127
2.8082519102162165
2.295972152846766
0.90650079843343
1.1574812241466714
2.8806700580176217
1.738134147731325
0.8733423456637528
0.4930431449769985
2.632478084277252
0.4870709292756339
0.22111019004910965
1.4556971459125614
0.602896207222527
0.5597196194533112
1.3675708521253054
1.6814841088985606
1.83609019693445
3.2102931135679404
1.9001783030297872
1.6015775558867407
0.4338234047779751
0.9616963220891102
0.6631473174924406
0.4586341506389833
0.591419589014657
0.9237663613668092
1.7904307420118146
3.749016276084341
1.427572002077073
3.142946628198096
2.9446737302228856
2.0762647161484074
1.3464514401987095
2.528098739932942
3.565542722368425
2.2225168604089744
1.248596776316055
3.221729308668285
2.8522023403473575
3.752290545996813
2.340444858500171
0.25238202908943164
1.7979225349979453
1.6863501971421626
1.6078362904952497
1.6955298855567373
0.7654402963269824
1.4728569447238287
5.109715551069368
3.1864819642184377
5.3032738983162275
2.841718461961397
3.9996636619122814
4.328854527162288
2.25690032545892
4.301236923945161
2.9776295213815747
3.621078530512122
5.758681555718455
4.373581906715697
4.108889074337943
6.202663647975787
4.920591388804578
5.8484222905465275
4.735710502663255
4.38990733307249
6.563087564300631
5.031983351268267
4.141700367660908
4.748839095391966
6.078363287898456
4.58883784401268
5.210309437573155
3.2549217264560495
4.684425109559395
4.961894663026981
2.6682904039401527
1.7844404476289892
4.466187847767241
4.1728345019831545
2.767144718449429
2.4676061355503194
4.338247514575005
5.340410476110571
3.499859482340793
3.152134979072546
3.387601338420749
5.3174519446477975
4.051520537752282
4.855740776691953
3.6957361409126475
2.315227265093077
3.6523316126356025
2.518791071625583
3.8308658139996865
2.1133647630398853
7.530457464300946
4.047504374723683
0.5606311319554204
3.479037387980328
4.3397368656562305
2.05267102748406
1.5358516692283029
1.9512994949280604
0.9682319295960907
1.103684469724513
2.388914350861721
2.101130477244436
1.1233542841828472
0.7721522403368817
1.5108598377147284
0.8228842966215487
1.392256068568865
1.5354420924650731
2.645707056155168
0.057751177006526905
1.6750051295581323
3.6200446860330544
2.003483749103102
0.04733629414807401
1.51526642765201e-07
1.533001450014203e-06
2.560646996590263e-08
5.358143253682714e-07
6.026331483762707e-07
7.460149247401267e-07
5.6537661520308717e-05
0.0005355529203869266
1.042008282095101e-06
2.5719038633555992e-05
6.724340474910561e-06
1.6801189705167638e-06
0.00046275946462398857
4.913607973508919e-06
9.864454184906316e-07
4.938668173751205e-09
4.074143337758592e-08
2.6994627927237986e-07
2.539463845930671e-07
1.6925480133076803e-09
5.271707640803629e-08
1.4520848333030931e-08
6.46337884723148e-08
2.8169163889249584e-07
5.701424272269753e-07
1.762672425964958e-08
7.968263913010516e-09
1.1773378687319813e-08
4.911294327345155e-10
2.0065374090732742e-09
1.827579686184313e-06
3.019300645099467e-07
3.939454172187102e-07
1.507560074639181e-08
5.169477755171719e-07
4.342874574793314e-08
2.3757192184250228e-07
7.074094792061265e-09
8.955095408441419e-07
9.956833919160898e-08
3.804018692513537e-07
1.811979501719515e-07
1.1865232274510748e-10
2.555023867935328e-09
3.736701400404179e-07
2.1191783637619623e-07
1.5443869824273409e-07
4.732562977886053e-07
1.3548653359085366e-07
6.397089203766915e-08
4.295707286273281e-08
3.574352033858728e-07
1.5997637378316969e-07
1.5883241159365642e-07
4.3512227993459535e-08
2.0791260296223576e-07
2.4938144265185487e-07
7.685359260446109e-08
2.5355838627758146e-07
1.0074551488451885e-09
8.638306205688082e-09
7.009801245935463e-07
7.817096275619863e-08
1.5969225102957554e-07
4.6889954755020324e-08
2.1947982940473068e-07
4.120550291363456e-07
5.136695794289907e-08
9.473004482861892e-08
7.341679796351264e-12
5.4179586328828e-11
1.2102899886044833e-08
5.037278454569761e-10
6.715830244492931e-10
2.9086574227599144e-09
6.640435599860728e-10
1.9421153618828288e-11
9.800340681971329e-10
1.895195405134946e-09
1.1437192118767244e-08
1.2823270211901216e-10
6.329011976202946e-11
4.562744173464268e-10
3.0874059178656123e-10
2.949688918460239e-08
6.8722714598817e-08
4.918854286744399e-10
4.278991861785226e-09
1.3338254421222487e-10
2.0244495033757187e-10
2.025978174531115e-09
1.4599766970691032e-08
3.6463116059171384e-10
7.680015435543243e-09
7.53394093214238e-09
1.894006544374157e-10
4.311516893498982e-09
5.269357610915559e-09
1.1908624318672959e-08
4.0707902532811275e-09
2.1235711584085086e-10
8.77373282371531e-09
3.40370032593757e-10
1.8582722407366257e-11
1.6925095751059552e-10
1.2656956333200177e-09
1.436537964070555e-10
5.090353011071556e-11
9.473283185928239e-09
3.5215353538347175e-09
8.912624280986278e-11
1.389836777613115e-10
4.442992569358627e-11
1.0625088523395835e-09
1.9101009194836782e-09
4.846675017271784e-09
3.192493295261084e-11
1.3519952273918287e-10
1.2194403991378282e-09
1.0128960542362416e-11
7.689330159014938e-11
3.7990669282542603e-11
1.7103937026680418e-09
6.0885705938796455e-09
6.59563200736103e-09
1.5381757019022897e-10
3.6658681310314905e-09
2.8527856244713223e-09
2.4161281554361786e-10
4.695591091922098e-10
1.1439352330953937e-09
1.6612696463122933e-09
9.888793906643129e-11
1.7596731454454664e-09
1.513581412500252e-09
2.944843891978474e-11
3.6110250506788164e-09
2.0248921409664266e-09
5.722013429710216e-10
2.6093182126385214e-10
1.5389823615980176e-09
1.0214407357962228e-09
1.3182860816109143e-09
4.939539233115266e-10
3.7644622992420744e-10
6.581246576161869e-09
2.969317374058477e-09
2.4032126127953624e-09
3.086039175069033e-11
3.995372788688077e-09
5.592953523866334e-10
6.354254064605441e-10
5.163064277231035e-11
2.433212239485193e-09
2.2467625743562753e-10
4.295171336621567e-10
3.4682213590488504e-11
7.717290509045978e-11
2.543785593195696e-10
4.5144481256898436e-10
1.176691596356555e-09
7.264759645475408e-11
6.494182565334847e-10
3.7731947186069844e-10
3.319855154339453e-10
2.0848355349714058e-10
4.528050211923091e-10
3.5765215366713714e-10
1.359236415458298e-10
5.287006736349068e-10
3.077661487543931e-10
1.7528072884466907e-09
5.739448423692555e-10
7.368887355864697e-11
2.9032759486088756e-10
3.046999976977094e-09
7.152395761045912e-10
3.6890594970200206e-10
1.373097715265466e-10
4.765148487428815e-10
1.2933111446112565e-10
4.511331868248756e-10
4.1425801195004655e-11
1.4385412312968963e-09
1.256781969878654e-10
2.656664940320137e-10
3.5155106813062295e-10
1.4289383484791051e-09
3.6761962811393915e-10
4.3339793059931474e-10
4.214304978030439e-11
8.148795075763248e-10
1.5129502681686531e-09
6.472714760798422e-11
4.841578729016449e-10
1.3324186902344675e-10
1.3540198585556449e-09
4.3006649880607234e-10
7.80528243736106e-10
1.0173804528850362e-09
4.5336659611028844e-11
1.3929551926498288e-09
7.890904218410695e-11
1.2336480393589023e-10
2.330915988901802e-10
6.901621379745702e-11
3.5100561514755234e-10
8.3113468719739e-10
4.108374814143787e-10
1.093053786589219e-10
3.725964191116221e-10
6.968784982689463e-11
4.1711450567459555e-10
2.2580329115135683e-11
6.278746505395943e-10
1.4815700946086268e-10
8.848409422861442e-10
3.625505309071861e-10
9.971487795385329e-10
3.8906660746251023e-10
3.064808908000052e-10
3.2686002078441727e-10
1.871239965698984e-10
6.869643646578168e-10
1.8126179977137854e-09
1.5437837671594606e-09
1.1899679054534003e-09
1.7968863867903177e-10
1.99717000851255e-10
4.706931390818321e-10
5.844800157827924e-10
1.7854472008710348e-10
1.3110721889204983e-10
2.154019145772262e-10
3.0490672997256324e-10
3.1598573480814537e-10
5.835942571267126e-10
2.058690694637586e-10
1.1631792927559766e-10
3.77489938518636e-10
6.349628839414129e-11
2.621023430542456e-10
3.23480737815931e-11
2.7905166271808177e-10
3.092752326039011e-10
4.1394417102927017e-11
3.1699368300973917e-10
2.8322665897440437e-10
2.9568702577767853e-10
6.577396971052523e-10
2.2708569494224223e-10
1.9483569480182722e-10
2.2082716362944655e-09
5.34719089614006e-10
6.701303622169092e-11
1.6195232605668736e-10
1.6504889573406988e-10
3.646389804573467e-10
1.0229186985094893e-10
3.3225391981053527e-10
5.520798830254134e-11
2.7820873454214365e-10
2.2306055313313894e-10
9.923955033463925e-10
7.723552501801495e-11
1.1247421186126718e-09
6.601657927130006e-11
4.960890220129542e-10
8.235241463512561e-11
3.7016346356926035e-10
2.04042565145092e-10
7.328804053824988e-10
2.58695026462074e-10
2.396813250821197e-10
1.484731889337183e-10
2.234943184296587e-10
1.3075121287267065e-10
3.7881523297076834e-10
4.6121944486149336e-10
7.294124179648038e-11
7.557453174969812e-10
2.2694997844905027e-10
2.3651403639837574e-10
3.093016509545163e-10
5.962477399550617e-10
6.365862172436132e-10
1.0927258473710353e-09
1.7794179907988067e-10
1.6818721130713e-10
2.0432965761613507e-09
7.5451603573406e-10
2.144759253597533e-10
1.6713278690501788e-10
1.0688787167429824e-09
5.212061550243742e-11
1.559890426914631e-09
1.3462757854597355e-10
6.431630244946845e-10
2.652896255904009e-10
1.733324844646165e-09
7.738157745901805e-11
1.0794158877890103e-10
1.6997077455865618e-10
2.0191547514552014e-10
4.6431728983196005e-10
1.6352336795824478e-10
6.148219146173296e-11
5.748024956343465e-10
1.0948714553381632e-10
1.373685134868022e-09
7.378366372581448e-11
2.2982784505267167e-10
2.0121764069261488e-10
6.722746300480634e-10
2.617111248748182e-10
1.2567292419843352e-10
5.838599195333155e-11
4.1004682653431407e-10
4.192054934845878e-10
6.977873623261258e-11
2.0824989183379834e-10
1.3601265722520905e-10
1.1849273195526148e-09
7.873971259348317e-11
6.445163214879298e-11
8.171140118646532e-10
