1.9113542261326916e-56
1.0334529160371907e-54
5.029316007643836e-56
1.4602488651815003e-57
7.970988075597e-58
7.809151540740855e-56
3.526094347090355e-56
1.642507605808451e-57
4.2992078271300224e-55
1.91424465930673e-55
1.8185553238877423e-56
5.488127119834467e-57
1.107704588652627e-55
3.971762376592113e-56
9.555832772620418e-56
2.6576352391693003e-56
2.9844466028270295e-56
1.1995540623670136e-57
5.642024682020515e-57
3.260208907913411e-57
8.009782977144171e-57
1.9093237886741597e-55
2.5651538499147404e-56
7.624256318597336e-56
1.928639120047289e-56
1.676756877633953e-55
1.2702730475012435e-55
2.841585913524099e-57
9.78089144336855e-57
1.2478583707011788e-54
4.516880962432607e-56
2.3339772080438944e-55
7.90588505500703e-56
1.9051426337787976e-57
2.3917145926852698e-57
1.6808804048946775e-56
2.024305632017772e-54
2.8773158999866547e-55
1.0419013238311255e-55
7.115414284382726e-57
6.321236657583533e-55
4.576452176134241e-56
1.7855879376946162e-58
1.6746735786406821e-56
2.2528928421037167e-57
5.4537127120872564e-55
7.056037076842823e-55
2.041052840778331e-56
1.395976362044432e-55
1.1630679673797943e-56
7.52629978788622e-56
2.1590767840630925e-55
1.4991958321608487e-56
2.107497626373448e-57
1.5434888884050307e-55
1.0209015767779345e-56
1.9507819619167108e-56
2.4733176884310015e-57
3.652839806016833e-55
3.628036700405759e-56
2.798458651822699e-56
2.007540129166399e-56
8.763538445698408e-57
3.547533029916827e-56
4.8662731927401455e-57
4.646145413544101e-56
3.3084818828596666e-55
1.7376511550481424e-54
2.0779541902248242e-56
5.814693664615162e-57
5.838777442844324e-56
2.12300133111532e-55
6.322016725492014e-56
4.0922683538244725e-58
5.272208230308272e-56
1.2863222659611316e-55
1.75511770429478e-55
4.386484951629676e-57
8.131664729973027e-57
2.0261474888292173e-56
1.7474497942042714e-55
5.118355363752174e-57
4.81793927060479e-57
7.672362540242128e-57
1.100699946948e-56
8.613219880889566e-57
5.567903413459985e-57
3.2996074123015184e-57
2.4378266878444644e-55
6.663201974387797e-57
7.142592677174056e-57
6.900367112750877e-57
2.797347472945492e-56
8.475076287119019e-56
1.1107098888987968e-38
2.2471332522204585e-58
7.108089649412865e-58
9.805869266045856e-40
1.0927461681509547e-49
1.3839273387471394e-26
4.581355834736577e-21
7.323487623176783e-31
9.791075683054908e-42
3.6776585086989874e-32
1.0686744980434948e-18
4.979169047654426e-15
1.6998114203859538e-18
5.688254797736041e-20
1.171544502249773e-18
9.815019673991383e-30
8.243531431216389e-27
1.856637772483093e-17
5.976227791778972e-24
1.1355128084016125e-08
2.262383737621682e-68
6.820917633114178e-62
1.447634556045269e-11
1.3452533795303223e-10
1.1824455193612906e-10
5.0958014300351036e-09
2.4716813025115654e-08
2.1555932756567833e-09
1.0371586533796253e-14
7.097159548723825e-12
5.069635002596614e-08
1.30838153170534e-10
2.2505507510823323e-06
4.4689742065162554e-07
1.5363263692848188e-22
0.29616527509497903
3.520297234229427e-06
10.320770435217646
16.406133998869123
10.947648622028165
16.850812875940036
20.527250918378165
21.940695006525225
24.5227056169268
19.20066295146062
23.975735792171687
20.50600258720858
13.77560572381245
13.090911064313044
9.63373887462882
10.800096019352782
6.910831536256688
4.4081704332275455
1.2513992343075735
7.199825869732933
9.68562794596726
7.989795920673675
7.037665771522945
6.79095258285004
6.22274708005223
7.268070229824709
9.208761608130992
6.419616167213546
10.362507714258381
2.32738031900277
9.909398422440649
9.43154197370867
9.095721333708214
6.40863217910548
9.871076424379392
7.2167009455152344
7.634812035939518
6.181471254805745
10.278889318733025
2.721529764467211
15.132576574026269
7.7986070994831085
10.857887082660973
17.67326061710304
20.103125375684183
8.431157385514236
14.141269677174808
16.784610652360378
11.453003399105809
19.6220235783447
14.746377860169376
10.8921226191957
19.82467672845505
14.431180529694727
7.187408839660561
11.474727506341884
7.487421762168869
5.228650230816745
7.101555672209822
8.095207100457662
7.3584667881087125
3.2007980522348065
0.5274927205469986
3.768045724874639
1.63010038675934
0.034028514141031814
0.012682275751663176
0.2231990270942702
0.16282257103555264
0.02740698097169046
0.04223666231516848
0.006471095070430946
0.5482354258928323
0.32374529830873433
1.3762504471702106
0.22307783975274584
1.3432404279684107
0.0005805610459553445
0.0050004884082390545
0.0012241511394140774
0.015425173535072898
0.0004393311475305351
0.0001334883244917649
0.00020273591715242096
0.4012162972808023
0.003689900396481304
0.0006064506772171825
0.9436351483682194
4.695970083822492
2.365090126360101
0.531263546490436
7.344437694331687
1.8544338211522116
7.691952798747641
10.416577128184663
4.982451579474537
8.6549112759764
7.654672717074037
16.745130269349975
4.062655176548748
13.094577073503746
12.587977852077591
13.887987937147042
12.635228958416803
17.221752003025433
18.574277040503436
19.92160022974794
12.179010915544167
13.46474487452363
24.406289656266114
19.10877637942351
26.090197667247068
23.63177002116728
22.576584576604564
27.23164507618728
24.167261754725672
31.251204883344077
30.431051470542027
28.59638377219424
30.453421632264142
35.494324809602105
27.541276425873257
31.21884160337644
27.323813085775186
24.051683616565512
21.705611749808682
11.140159865788084
9.88278564480692
8.495987830919631
7.677193267320331
5.036867797750325
0.5150825769566056
0.4668604568099991
0.1776600657551691
0.009752243296193517
5.695344404791158
0.22043203029907363
0.0013023873439751705
5.831605449987158
0.002929291053991044
0.009581120713089844
0.15260203594200744
2.5715657428218797
0.5388399583203212
1.3010571956532069
2.3205507548106614
0.4154800964290446
3.002136617952289
6.175683537488989
5.400684231266933
4.859416006479421
12.62975076162945
13.63565734616719
3.0748930866268505
8.957009014612334
8.764516002464983
9.721023085443369
8.851875668158652
15.040181180817237
15.41174387504716
20.4566826016119
16.664197596118136
10.911739712455256
15.006571185135932
28.237892801269005
18.37160609294499
29.005022885050693
24.746825662500584
28.275251241720063
30.93956092099357
23.614877428645805
28.1492260782556
23.853313647581825
31.6092956462807
34.32546367219027
32.86391624628134
41.65556500155926
45.9182577229654
41.99965785491569
52.68520393361796
54.35805449030048
63.02451564709697
72.6153872986014
70.65039924569552
78.40106883194919
88.32258683754935
93.8754544424174
108.43927594780097
118.71214671374211
120.70177624150729
143.00588039094677
156.2786303282441
170.43279199082596
181.40727949795104
182.73484019999015
198.32247216339925
187.31162828219013
176.37168523900266
162.5346949663073
134.81533210552206
106.1149253936188
81.8230050726857
62.07944053638339
50.10272615794063
33.62868479782367
23.849462726721953
23.223840591664814
15.725633116325675
14.307797483498353
10.269732398830056
4.074697768442174
1.354231411566781
5.818008707479321
1.6771053160640084
4.270726471724064
0.03366743665926011
0.8291896575239167
4.560027708563139
0.009283123138694572
0.4670066800017395
0.00035570126212559395
0.0069194517590133895
0.0002399432609975692
0.004603040581381454
3.6452309579914783
2.0983003461957925
0.4238220524691255
2.72805750027672
0.013945398437549014
0.03372055414123553
0.00042736488292293703
0.001683215563210396
0.05105904842301558
0.01599053776247105
1.9444294223295476e-05
0.7240453248635708
0.691582913076421
6.967775790545536
2.1563388034550486
4.245921379614547
5.121371135913131
6.728946340567275
5.104579709948631
5.678632066859291
10.758004817024307
13.095904775110599
16.65166770130695
14.063611928473327
20.251585743710102
19.647928754637707
18.646438704970723
37.757401715555105
33.209525599245964
46.23365252724104
41.96983394018964
50.37944835103127
67.13553457256319
73.01626194218436
75.20536685017116
94.72252933530868
93.26550955432357
101.86765232842889
123.57494128285789
138.51319024694683
155.4512520631745
162.6932771091664
190.07175881617778
203.20591514520558
218.56336198500063
239.32687554511614
256.0821739265343
254.26928188718293
253.6861463795434
231.17969365701666
190.82352806151619
173.8409658273469
147.31068704861283
112.54349217488159
93.22900296832843
76.31160521481002
63.655859013198935
59.619908609730096
47.515723508860674
34.14254700506614
28.162929508238193
27.80637250620366
32.32821701450865
25.411616523907604
25.012200171807915
21.584341781899962
19.73775200598386
15.42423654366118
18.820376246670776
14.293603243081707
25.708054013660476
13.362987112832094
10.451327103476842
16.07830396968936
7.864129820861733
12.398517150426938
8.794385019990502
18.684189203672272
9.742052146615292
11.973801404605577
9.197553658952854
10.467381567074966
20.014539920726484
16.273608094170417
20.26276223288505
24.145719262836238
24.914146655610676
25.440413380008977
22.418411526650786
28.933445043597473
26.452365807722696
29.718653992487546
31.958829386339314
24.94723508283935
26.822981759736894
28.595085061683157
12.172951904958326
23.718268770002297
11.152606574775412
18.975702396172146
14.465652419719953
10.882535501165997
18.881898435366782
7.731913644267991
15.402935049627008
12.122481843839454
7.878991852824802
8.801728100819535
6.639475109807177
10.476759859271786
5.898244806649753
0.662726637329571
1.8933378787295916
7.24994526943377
0.33016876974316817
1.6526443897500673
5.293723626648999e-06
0.0794944223350893
0.17073931481985144
0.13353259072138696
0.34589624277955344
1.3300390851059993
0.006809917674896524
0.12264949687521094
0.3190834514783699
6.2400732479472
0.0013848289768935015
0.02989371916483016
0.12293673152840068
0.008607930474953175
0.4101684768413706
0.002642110755657212
0.05288888176383518
11.87313317343908
3.670128139456575
1.4474773049185898
2.1673359987660903
7.89133167531243
0.314981145911293
2.627083143725462
3.294133506130119
3.0599902792069007
0.12541019084114083
5.901256671176327
2.5638498545465427
10.273757451609498
5.050727927602889
3.119164377768752
1.7080792321817577
2.9394328649472
6.041941352542419
10.153480499802354
7.121445060358217
6.187764637187231
5.873265915045147
2.53009004642185
9.801812490045032
14.972647466274587
13.442135317227443
4.673789782213203
11.731273366111397
8.867668510919508
20.458294399028542
20.56659056342806
21.093971129230532
10.406515320391883
19.540006747171184
15.6542071408536
28.1463729740968
23.710292964073172
22.844021073941928
22.549504794733473
23.143722739306877
29.314443641120178
19.6035240521024
26.29819375560554
27.97224869159014
25.956527492233928
24.385664383381613
24.845395912611917
16.817333690439824
27.075830282044564
24.246199448278446
19.22374917210379
20.448769855113383
21.008620551550642
20.271061347261735
16.156262143720838
17.059941683768834
14.133195788709584
15.321059524639649
11.143417961237574
13.710539353547063
13.665106778501887
11.297971175540887
2.2905880050377836
0.7125046822611638
5.299958917541918
4.766702433701105
3.7961742212320853
0.17549156085810563
0.8101179518016421
2.862506158202421
1.922585596124179
3.032222327013326
2.874777426480689
2.4772504236290973
2.69694402491086
1.4323896519868908
0.036185531533166226
0.5956995348874317
0.4002033119321612
0.7791557334109062
2.1585172399587655
3.03903800444676
10.70762101076433
2.9575379675563154
2.4610694481795243
8.577714009566943
6.641505740867375
4.955797455696852
4.269994600902677
11.812220002846175
10.548313037251551
3.9618684825799444
3.8080412003664583
7.1184757382577954
0.42365264321494633
8.081103468907227
3.0224723528946282
0.7067062119610199
3.810688779891279
7.2312626255443995
3.9045309738239267
1.586641862099061
4.173316958119531
4.377656452098111
0.05439406325338819
0.0063665543163625325
0.07270294922480697
0.01313736551464195
0.008041233938795385
0.05480093544712032
0.14163555942553405
0.22990366737235202
0.0528131573283027
0.01929932419194486
0.01585344250256684
0.00111165651073766
0.006781636417511474
5.299361509731975
0.04902264796195008
2.166380764245669e-05
0.022966820095463393
0.002172361265401448
0.011821608750645514
0.034389195425922725
0.12370862788595856
0.5677240972001488
6.414250744326959
8.717999439632994
7.642521085228968
9.29901200615764
4.907553071668864
10.7867893155136
6.586508499025509
11.283357826790303
8.542396829021822
6.108003513423825
0.43720011378901175
0.06326643192167301
4.598065496037881
1.1156246363450872
0.6374784912603445
0.01225104055292943
0.027155335162450604
0.24779151448024503
3.263679072915917e-09
2.967339417616391e-06
1.2591520404601024
0.04275927007348542
0.07058991916176696
0.03268240486454837
1.0397123504501835
2.7122948469748653
0.20331196934643392
7.50440085669451
7.007615841210268
1.9877184991730361
4.400516371331137
11.97629800369322
9.24292809764881
8.465932167757138
10.188005831740519
7.622471222486942
8.28958347336693
8.857231173571876
6.32743735967866
7.243501036818439
13.699587661197953
12.40277368306045
19.776185814682567
19.408921977431653
19.042350948582474
24.09491893423851
25.00079059872849
25.6301965973799
25.304723383596517
30.539584333721564
38.523285027747306
38.14283730246715
47.6199252745188
49.544551363390426
52.426806705793275
72.51093241418498
86.26810367783918
98.15406349743176
115.79819039627395
152.04126582018085
174.75903924391733
202.0116557609664
252.09982853413038
281.96718849779506
316.25919803047657
367.15288501489687
422.3189905993081
473.57259242844793
553.3980291711144
618.927353782716
697.1563249436581
765.4428033735417
827.5146071869545
889.2483802305237
897.5628748850559
875.6222605724882
817.8999408705591
715.5673484237711
603.3892923455021
493.850385586573
408.1888853533882
325.46425662422115
272.88594550626107
218.58500019654727
181.61172772145716
151.1846228234874
132.80843162077997
110.36768437585428
98.30396482574538
79.03229771986584
70.24839971077971
64.00643853195945
54.56614795334212
56.29001367777492
40.309538548351945
39.84107905908202
33.778540176178105
34.01632954245122
28.814711738270766
27.217062687366123
20.784600267817613
20.536499650305835
20.167282647004367
14.166144567795648
19.01821461430371
11.975257828345722
2.999080085955108
11.558733201205474
9.797741175428058
5.690359990637103
12.104111990764062
6.558334078298112
5.34121965410905
6.824330199430754
2.8254530073159883
3.986703839376458
4.356545946907932
0.5073824092930304
0.3412407962196844
0.3303644768966024
0.0009035689544806654
0.19287638953590025
0.20508897171891446
0.22907019388048155
0.0047335445974404445
0.00033564489297337993
4.1130848026069495
0.12694025686378896
1.2675759025208674e-06
0.14229633607812744
0.14207995561003445
9.692858765936503e-08
0.472086303308199
0.07954656742749586
1.5593250525114315
2.0559436613054746e-07
0.0011648256346631339
4.299100267757418
0.026383154225155404
0.015931747770538945
0.0047061297315833615
0.015189120733587585
5.4892985380254595
0.044740913541165564
0.10461840149069027
5.033932437285194
1.0461249986378083
0.009343287937558183
0.02479484769594358
8.097154746863133
0.017841382960883757
0.0013297846058861937
0.35821404023007664
1.2708848421158565
0.2727666065267983
0.03523245164464008
0.02362428234742234
0.2903053609349172
2.0582176980471094
1.0978485671249139
0.010751655607253406
0.00011882938374570752
1.671676703333515
11.185840127942344
0.34179470153898944
0.02365754169442143
1.0547136269440947
5.43946030919798
3.425807534401091e-05
1.3228200866770072
3.8322031198467923
0.1310110549560327
0.16658341921737238
0.1586590217589537
0.005731278826112328
0.01554987746165456
0.5492401911392677
1.426448875855515
0.46788673102196887
0.015214522402635221
0.20675372887521326
0.11836801567158557
2.4219848546015723
0.6608115566273864
9.299326830857308e-07
1.274573218104721
0.004013637131576112
0.014298108546770312
1.9241311117502707e-06
0.000367625638067736
0.023271913927774633
0.06459885733124006
0.01842171775660799
0.3124926717141804
0.0028885173690430654
0.24884306115906654
0.35684217218223324
4.355778163574525e-05
0.000263166087835513
0.055957432802792736
0.02688822012120395
0.0008454610898999675
0.03919985999681886
0.09377674607255812
0.1870508942982613
2.5312602832644713e-11
0.0008708638639981317
0.010235339409836137
2.4282863758916338
0.04915045427807888
0.0032614277421703078
3.4279825121546446
0.0718997074701622
0.06112296875400885
0.007278930851156164
1.4776482446794028
0.008173861785216185
0.0002112671272979903
0.08982830549664285
0.8873553199922751
0.429345424186092
0.37486538263693997
0.07479607412660211
6.878812579516709
0.8362061145712987
4.066100719325269
0.007835967206248863
3.037966609340615
1.469017156211448
3.141592344031675
0.8069547486712418
2.138224984601592
1.343612490034611
1.670162363845297
5.0848895530168425
1.7771272250417947
3.28431179408079
6.268751186215122
0.12417382466076063
0.012237081484834225
6.200275068935321
2.5628692509916826
1.614400941195629
1.9011939842070593
6.889888843333609
0.4515084759197444
2.3266528747824107
1.4236344248646586
5.580338778047088
1.4662078482389092
0.11922424457655462
1.2994329309824386
2.732690855363178
1.0775186768607024
4.250668066588435
0.09071737174613242
1.153620205874233
4.9890718074120795
2.452750500271396
2.306888574864691
1.4187049403230723
1.6656400557736801
3.389970065903384
5.613931112878239
5.182858493833636
5.074467377993731
5.682032233241076
1.4582134486092415
4.689061808770667
4.2227372608924805
5.238868846127117
7.476496895374955
4.212014780427368
2.9646427740513803
12.571755213955655
7.61652835617779
6.522737318726376
5.893505151536004
3.47810818742036
9.49731077234261
2.0336753671599115
1.9271750188701264
4.035434175838995
5.551857410676236
10.199789175112548
8.73290123552584
7.435945409881849
5.185160099462742
4.620246257151115
12.582329745351092
4.605367290823023
7.480080274977927
12.959493554730898
11.339332056725825
8.40638943093795
13.516438444513485
9.002899586400474
13.984075339543221
8.485989050256263
12.083415986900421
16.157646580476378
16.026170691861477
14.722020909069009
9.870793155354985
14.00749123932754
13.188094339799703
13.361873545866855
17.115028189943306
19.554573238657603
16.9477350692994
24.07215861367868
15.357673969581478
16.909265709813987
23.192929976343116
20.74528814299189
18.983898890725296
9.599800502911776
20.08447959630489
15.689277792244232
16.155742807569933
15.186396094323227
13.127092985647113
14.053052312050859
8.208505104177503
9.424071005973484
11.188741817914005
9.253166667242981
8.377547430458712
7.374460894965733
11.888897101267762
8.99281725084396
6.004828390395751
10.046425939494453
0.27169617085377273
4.137370233253765
5.459178682437575
7.9179832510873505
2.2301584668812238
1.5990211252783098
5.097578377331699
8.645425601385668
5.687554457898503
3.3446311551182943
5.90170630838935
2.608202210017065
0.5412928586593667
1.198619597894681
4.719378076233668
1.310902354785591
0.171630833350435
0.01680517378792223
2.4146769244555704
0.07846137519087518
0.5143466947940807
0.22139993861324225
0.05245856936793346
2.350081544405344
0.19807218125858245
0.006697516632796451
0.18386854271752107
3.274039499275699
5.793621620826797
1.7083515293712634
3.8754626722595535
0.23142513630087136
0.3251890571525051
3.9224048134990053
1.8755050891297735
0.16291227752923082
1.8190861020423257
2.0771844698535884
6.287443116948064
5.280211034565193
2.596042411322336
0.4027631285340343
5.3373195552606205
0.4175599427953422
0.03180308308760152
0.42094090988901145
1.0428602838804595
2.0543022161961453
10.636822130205028
10.74400750290661
12.639546641285147
13.04986000039859
15.0543443211601
15.185227307704873
29.281575059856348
36.278194279308074
31.988724127313382
36.73897537126655
42.22780285096938
43.69447404637189
44.16794582773629
48.95536044748446
45.847221067387196
52.31104993969591
56.2723738964734
55.771517389701316
45.28333021763104
48.296001240359814
41.874337329637775
48.32227249896887
41.96654677627766
37.2578884968702
43.645333634023324
30.098448567713046
20.164133353212367
24.442048190682453
18.639137825473117
16.686101814913634
23.259083683248697
19.824636977994434
14.846720960249389
12.187437895306314
11.227490201092028
9.99790778869469
13.033972763872297
3.4783989730947433
6.5524056910807
4.916525123339692
8.610183811236446
10.946358630236302
14.737860955884697
18.699377140954063
16.738001825679675
17.532746024690187
23.485541551960008
33.16637748240381
34.754645810302684
39.37793174548769
38.412770564589444
51.13662953622404
66.06496551620769
72.29587562784235
89.45790721269442
94.68365813548482
111.76513153349524
130.50347929490027
147.05010659023924
159.38470144665746
186.2724052699054
200.59992191411612
233.28362700434727
260.6195057255966
291.0748348682047
316.9585183675248
350.82053455213185
379.21993833038783
406.32869177736404
431.2970724673991
451.6779427743876
482.95549704422564
496.7510556695111
503.5287237135889
515.8335336286996
512.5222950400291
505.7452373232915
491.50451314581136
465.0330804789774
455.6358731458624
437.8102101190755
409.7968389794905
392.40816283313256
359.5122302524706
338.6066307095676
309.4846323289747
276.74897549858224
250.66054143219915
237.39013875695966
211.65962708844913
190.7473845829243
176.31260574604894
157.7778247260476
141.0501517706715
130.18942486751695
110.60253015521202
108.92437427629609
91.49442541375821
86.03741722223788
86.29957290779569
74.15493630605343
74.78314016816809
62.18687735543582
55.289783429111345
50.99909138091066
48.6899677053417
41.41117744652044
40.317926574249455
44.88954259368891
42.02057793239908
45.20266552479994
33.91523124458707
35.23501670384858
36.33793627596072
28.571640972932148
36.95273218001668
27.340460353557123
30.183660210164486
32.04487269232127
28.625653635509106
30.955885492023942
23.392711527447787
23.18086265755768
27.20985935936902
19.532889016019723
26.653344023849396
28.379561504342135
19.26823516432427
25.28086043507433
27.217111950613713
20.782510298975712
22.738275199417014
28.293596328276593
23.03519179964834
23.608536310384824
28.472499172962024
20.442222735486517
35.370359514974815
32.740901006825034
26.724844979071616
22.9762458343878
24.532382444246053
32.316417775836484
30.356601269120887
35.62946606205814
32.66779582219266
33.563388108000694
37.83893050812309
38.63303971985604
35.644994828864284
29.610087686523883
35.37741155156721
34.31323255589776
29.723420949572084
29.543791824237143
29.399347689933197
25.32093272093681
20.972843268982764
22.943601877706705
24.07134608457707
16.279233241866518
14.857718762921609
16.56271396361178
15.627126056411306
7.798229650282739
9.990132750074098
10.089095754758421
3.3616274895661205
1.5207961341302845
0.09399841197239354
0.0977232247167998
6.141334252299596
0.03263994196401393
1.4086478878133721
2.947238404712597
4.443591813787769
7.669073272668949
4.088240715355177
5.418859151486602
4.042975155852296
0.34296090649057287
5.313354951416672
1.3229684730461284
1.24117326010623
1.74195172023946
0.11328130873348304
0.6743484314072891
0.7402627290461018
1.4757464086162626e-05
0.0002482130115887549
1.934868167856661e-05
0.8900421091396867
0.033652643484786755
1.0179173309488216
0.3975037279380169
0.12819042038020478
0.00603175898937834
1.5222348863057007
1.4506627534611076
6.616924117011476
7.0664706295337165
9.5220398223677
0.8890050940536696
1.245626409583289
5.336369224787482
4.571022275197513
1.0226211270570462
5.025406423816743
0.46344059926586045
2.4887803874103005
5.729205023722807
6.062338166073714
11.222957455801438
3.0275968378684306
8.045097525566216
6.429319771724289
6.052943037126375
11.318093755156072
3.4391553883353523
6.863090499250655
10.49169577126122
12.158591687531493
8.778413742204245
13.81303415311803
6.905091077591604
9.739169092686007
14.647159551567947
10.281914299418894
13.393098881741697
7.84839751641528
3.3685385943658543
8.07883309828635
7.870906445773849
1.0679987332062415
10.85801625809485
9.611876748069287
2.2312944363779175
6.133815751628188
6.158370655651359
0.35635574718471474
3.6611422170630203
8.485032340442142
8.122450511830015
5.586191333377176
3.1652126819402824
1.446446219635419
3.4824142935453706
5.07788000645198
1.6144547169566055
8.93311383509997
9.110952308063066
4.273072962824784
1.4570035289547776
6.328261098045723
3.890015677816201
6.165548367611253
4.178523457508378
0.11161364952518488
0.91370225384415
4.470779561654543
1.263962589356849
0.027078255819009647
1.2595082670381126
6.6357090242542185
3.1036755062700925
3.14469704775
2.8532536652357123
7.544803824728811
0.41690365251415223
2.8964876938768986
0.11894751826897114
0.04530170302543984
0.31778054450952353
0.6082818496324621
1.2907642490882258
1.6931083588502331
0.0008635018718582936
0.005469478108347414
0.022134663717837542
0.3138755780115404
0.06038382419309514
3.1628982431282195e-07
1.858957883310006e-07
4.063001246606192e-11
6.484770079406656e-08
2.830350770344918e-13
7.997815774734048e-15
2.276914679103068e-23
7.614015166955457e-10
2.3189629903710137e-07
0.0005254723405980497
2.6418895239517965e-05
1.9998548665352336e-07
4.8737869761576e-09
1.0413381043747046e-09
9.023718984349988e-13
3.990375030654114e-21
7.3888081551285166e-09
8.465823069009595e-09
1.4136110822416317e-08
6.443496347502745e-07
7.89435433194078e-11
1.3555893011122366e-06
2.639288970511234e-13
5.6027382833734535e-08
1.2208920882507344e-13
8.185866807956394e-09
9.293425997256956e-15
2.00628633040863e-11
2.1606937822430776e-21
1.4244289472187248e-25
5.072593966035583e-44
1.600106482819846e-26
1.384831645243516e-35
7.592038441040916e-28
2.4346495419898567e-30
4.5894388461035334e-30
3.5427790888167334e-27
4.870776744166785e-22
2.921999707966412e-34
1.5464562997912306e-29
1.2459606370706278e-38
9.626513592488192e-37
6.835645657685711e-29
6.716228748610413e-26
1.7307221300237428e-37
1.0239694897549217e-36
3.638596117761364e-29
9.76845539999588e-40
6.246263745066145e-33
1.0014653739833136e-38
4.672240442112736e-29
5.469210501127731e-40
1.88186351869445e-24
1.037412525131244e-30
1.445730459200503e-28
1.288608519762544e-28
3.214404662886887e-30
2.023979308883495e-30
8.02255005678354e-24
7.008507285283126e-30
3.9812546949551095e-24
3.0140211733285702e-33
2.225321166159448e-27
5.112175685276267e-28
1.1684366683269386e-26
2.8236040245851057e-33
5.500989484781168e-29
8.210443733526326e-32
1.3121713617180855e-23
2.0074477714503813e-36
1.8919751192601452e-33
5.241415208166842e-39
3.9603438630563595e-30
1.059182696865576e-35
1.2401269548203244e-39
4.326710213363979e-31
5.514858922987106e-33
2.6987178868370572e-33
7.259786676290475e-35
9.907325662867465e-29
1.2441024150914909e-23
8.696757929741148e-30
6.549023649974002e-35
6.61987451117745e-31
4.435305197629047e-31
2.2882608597077194e-28
6.774795857978839e-29
8.470687896589724e-39
4.2418397132568136e-32
5.4948329451314985e-34
5.435886430299068e-27
2.923481313862924e-35
1.63547575017195e-30
7.504136838524248e-38
6.90625742791647e-37
3.3236845228563214e-36
1.658566276285293e-32
4.2738856136885444e-41
1.5572013455170945e-36
1.0918146278139381e-30
5.084216240636499e-31
3.120537168171899e-35
1.9643168424888365e-35
7.426967623006081e-35
2.8512845226281714e-34
8.027637903587325e-33
9.56748157874105e-33
1.49106326855477e-32
2.064342380098186e-34
8.248769935943282e-33
7.16505981089187e-23
6.455317115708106e-32
2.2705625402164275e-36
4.0432189443960664e-33
6.364823419665444e-43
5.672306611235447e-31
1.460623627797124e-35
1.531878475142804e-34
2.3042758457369036e-37
3.6462886999933445e-32
3.6871697746990065e-32
7.058384404279426e-36
2.333852034509357e-40
1.0521546597890748e-42
3.53222096705371e-33
6.094130992474637e-29
2.24042617824323e-36
7.085613489230541e-41
1.0855013694487666e-33
2.97799916925791e-40
1.3924711679427817e-38
5.413086851811419e-42
1.7808664341877806e-31
9.824363169753885e-42
4.3681117710770104e-41
5.655805872772987e-35
3.4616945213272353e-40
9.578325607767576e-40
2.4869730133593075e-37
3.4815779328396434e-32
2.996658733178861e-36
2.1503899907055394e-40
2.710183274328773e-32
7.983755337342063e-36
3.7783307559081787e-34
3.810050975131923e-40
1.036201661299181e-42
3.414462833248863e-40
3.943805032774801e-32
2.8378005601610645e-35
5.691763424262913e-38
7.815965077469331e-42
6.952598381459045e-35
5.574902214840017e-48
4.3138823638345e-41
4.586230847761299e-44
4.440238553957793e-57
2.4266786301989805e-48
2.0142407249417574e-50
7.143953911700169e-44
3.03968773549272e-48
3.286856427783295e-46
2.631353179130456e-50
1.6288953835648432e-53
4.168212912196275e-49
1.033766961598184e-43
1.314479659110925e-48
1.5707326826344888e-50
3.335731450863646e-49
1.8196471429792026e-39
1.3766916874629517e-48
1.0136423768054153e-52
2.2005335657643282e-48
2.1107673546595078e-44
1.73665565054561e-47
3.976378587610909e-50
2.436636165258765e-50
3.394367668161513e-48
2.3213211692922036e-42
2.400684515454437e-42
1.33214845001564e-47
1.0771754752969725e-48
1.7522448143378984e-42
1.0201066352615271e-45
5.689845494791514e-51
2.940121971440501e-43
1.984435152288655e-46
2.6802754873922378e-48
1.08191164956286e-46
6.577654519882481e-49
6.451552293792016e-48
1.987583696987534e-45
5.849990484717933e-50
2.611410473989932e-44
1.7393803530029469e-50
2.415410032896005e-44
3.967153846275687e-52
1.1500749348369458e-43
2.922195552764272e-52
1.4236077694116304e-49
2.2567875201048747e-45
1.6395632316306766e-49
1.578965026530401e-46
2.382178490023942e-49
2.777297680257168e-44
4.72344021920342e-44
9.659896423248266e-48
2.262794629890866e-53
7.979225910443291e-50
2.690355894314191e-48
4.232748779923526e-49
9.657037155167978e-43
8.605988681833244e-51
9.087258656610796e-46
1.6855028506747851e-49
2.865253385601165e-49
1.2860887784922663e-43
1.2929133097095617e-48
5.308685508079025e-48
7.681338603728481e-51
4.250432970956448e-53
2.4716152473695773e-45
2.105176563547342e-38
3.545458538737973e-49
3.1731884839674264e-52
1.0806723389362928e-45
2.9913424679649667e-44
4.001354062311071e-46
1.7485456501438683e-48
9.094652992533538e-48
4.841404235091958e-42
9.944524451084667e-47
2.1807596492158606e-55
5.517595896220415e-44
6.013755118531733e-48
9.89428039821419e-48
4.470164241106016e-50
3.0179464270799085e-46
1.1218000060837971e-46
6.656891818057008e-40
7.671589043398146e-43
1.6956491680926633e-51
3.0046566389921007e-50
1.0227493688839355e-42
1.9834709976197685e-43
5.7666249454786145e-46
1.9949765416047356e-44
1.2691045043693926e-47
1.6397062649162212e-55
2.0131150227420494e-55
2.0141162098615168e-55
5.792497235472621e-56
7.125830791199493e-56
2.6636358026187056e-55
1.579111806434982e-57
4.386050590554888e-56
1.4468996651583938e-56
3.744402695023728e-56
3.481123583529153e-56
3.8903654220125454e-55
3.9052955831954237e-57
9.936081237263865e-57
1.0311475356665211e-56
1.3554240659652641e-55
6.544286785642487e-57
3.261548482106541e-56
1.640241483378588e-57
1.975461377039408e-58
4.512148303453682e-56
4.0606408527845428e-56
1.1472856235929822e-55
1.366240511127105e-57
2.702380546471457e-55
8.914850893449799e-57
2.442333955255307e-55
1.397042144487808e-54
1.305801921377661e-55
8.081609085133304e-58
2.6808463174993514e-56
7.176803228440284e-57
1.0442120943426747e-55
2.686594869602712e-55
2.62983321679977e-56
1.0460925271669276e-55
3.423392361834673e-55
3.960451692060572e-56
2.5376374362153717e-54
7.223920830169414e-57
4.752774619356747e-56
1.2076034602607598e-55
4.33646432537801e-56
9.27986201122282e-57
4.49902620752448e-56
2.2047586738705235e-56
2.200485948069261e-56
8.773116552482834e-56
7.30257393283118e-56
8.827797878274435e-56
6.414964497597399e-55
2.337938314042911e-55
1.6583709514614747e-57
1.6797044012932252e-56
2.3544093730487767e-56
2.420241531031557e-56
2.3489742014513904e-56
1.903281331893078e-56
2.3573729503529473e-56
1.059870183952601e-56
1.3192685388933593e-55
1.4159843761288047e-56
3.440525177391404e-56
5.3392545119511695e-56
2.9603755887157403e-56
3.765178487346724e-55
6.794521681243927e-56
1.0725150074483544e-56
8.518855216942151e-57
5.170361230315834e-57
5.361532784377676e-56
2.403839848924357e-56
2.0177101437742379e-56
4.3380936283799795e-55
1.6251271386224643e-56
1.1180757203197685e-56
3.956533365777031e-57
3.179377513693918e-55
