9.713399548572479e-11
9.056679097934706e-10
4.024488262457493e-10
9.945739429212358e-11
2.162045927182262e-11
2.663417189089072e-10
1.4014277229629968e-10
3.293117875218551e-11
6.78699577798123e-10
6.526219912713638e-11
8.10534895405911e-10
2.926487981002478e-11
1.1797951959275218e-10
1.4184709223287916e-10
3.06470205610318e-10
2.5819310332639596e-10
3.1462462948565376e-10
1.2429505820262847e-10
4.512997578552487e-11
1.1834352391109007e-10
7.410919012460366e-11
1.3644879653980538e-10
1.4803993067858698e-10
1.4489027864422532e-10
4.3569901657687483e-10
3.5753632556878397e-10
2.0163337632343567e-10
1.6284209865239718e-10
1.6213735392693636e-10
6.222422736858053e-10
9.526953226602594e-10
4.700339663911616e-10
1.2694228256702005e-10
5.118121116073754e-10
1.5486896323731342e-10
3.2618107952060443e-10
6.983109311087429e-10
2.880423048453811e-10
2.6081451844371507e-10
1.2624089441294012e-10
5.272697661555761e-10
1.8745691381505959e-10
1.884775276755007e-10
5.539181702923407e-11
1.8465761980608845e-10
6.169564080885168e-10
5.493284693003527e-10
2.901683661759867e-10
3.899538595383171e-10
1.9585659779440451e-10
2.1296816747732656e-10
1.7198602405697922e-10
2.750387095774965e-10
3.551541789321261e-10
1.0802793932364387e-09
6.731206586129474e-11
2.179633667970245e-10
2.841872172581133e-10
2.926353308390666e-10
7.846677300131064e-11
6.734018508349771e-11
4.742477321449274e-10
9.077194704566836e-11
3.2211567456845655e-10
1.4538191949617433e-10
1.1582662554909354e-10
7.111399124118548e-10
1.0860142890384705e-09
3.4271617816630873e-10
1.245996581833036e-10
3.541150053630128e-10
5.197720958498874e-10
2.5120117511559403e-10
1.9002897577968692e-10
8.321755754032672e-11
9.411975576223238e-11
8.405476570179042e-10
5.640712512802732e-11
4.858446876674555e-10
2.348904576925056e-10
1.31179121141304e-10
5.09099143496552e-11
2.1366417624646818e-10
8.205831561280333e-10
9.429762889867682e-11
1.1777947903360894e-10
1.439461736614034e-10
3.0060477344190345e-11
9.03256401190678e-11
2.7201798974894867e-10
2.3765059299837606e-10
7.188517764503175e-10
1.2656995407009937e-09
7.330909799385538e-10
2.3479957206164317e-09
2.5165363108517945e-11
2.964059084760755e-11
2.4597499740204334e-11
2.985827577482044e-13
1.463832200341581e-11
1.3486075331426466e-09
5.184485357157122e-11
3.5028168041091305e-11
5.228821171916689e-12
4.224394924887391e-07
6.819914933420627e-08
4.263833838065329e-07
6.9711570383146165e-06
2.347633637763177e-10
2.684103303945176e-10
3.852886792815511e-07
5.904519517991975e-07
3.794222615054421e-09
2.840948135981401e-07
4.92784579768076e-14
3.8173358671369953e-13
1.2530596431523228e-07
6.996614220071931e-06
3.954455653595717e-07
3.540189098457527e-09
7.480432591862278e-08
9.744395629391763e-10
1.2096326535481996e-09
5.433630728348198e-05
4.9330220389387985e-06
2.9866616020853296e-09
2.882396501135478e-08
0.8144181816511574
0.9320881442318051
3.069536432963011
4.021422352487944
4.251694355896002
4.824134820389287
1.9235518948807462
2.5367863030402495
3.7301600880977044
5.988659885528132
6.5930651747497855
4.696424165318289
4.333677124278121
5.923360138434046
4.4608123186450515
4.24554140202914
3.4745318858371377
1.9947364433744221
0.2379328088549621
0.2102745711621095
0.005240460635599991
0.02054731247497924
0.006141611300618055
0.30995819253838097
1.7764371645884518
0.7901619334731987
2.1768109833035028
2.5440480132132146
0.6125796559728054
2.2129757296827592
3.57189059437574
3.7066811075014536
3.1265382258158403
2.892142913970097
5.003233138436213
6.09609419738574
6.28392921677045
5.967377971154971
4.82781629923488
6.118044862350368
4.934594040435789
7.558617653389575
8.3093097464598
5.591927159403869
6.440332483747035
10.457084016610983
8.60933431820934
7.996160130032105
10.324342063880346
7.08142293278211
8.034973412492485
8.621038181152171
10.517471357253122
8.29269310171923
7.35977282989119
6.803118766823255
6.592820216989037
4.157464602859792
3.5538127866573643
4.467849105705542
3.9611585055881395
1.1110348930905818
0.6814600268652696
2.305294087616682
2.036886165208706
1.8026213866834098
2.3876346476400547
2.2316803425431413
1.3080445327291026
2.8316408980062797
1.3852293147323202
2.0182220929679042
1.611274605805643
0.5331292424452434
0.16777884092319506
3.2502764529174244
2.4565338888349317
2.2235316263089817e-06
1.4011508032785132
2.0260033318438984
1.6195799344434574
0.5019102298533512
0.14508445837878095
2.284148749599802
4.0679885116561865
3.387970376595291
2.9325119877821355
1.337697588873404
0.3633497050758234
3.2154018809526455
1.0412444079562104
0.1903612722801272
0.4770861041350769
4.088436964079697
2.8174111562225894
4.6777706174470515
3.447742484289376
4.389654319898596
3.675452939693351
5.316811801128983
6.824058954968661
4.023951714494303
4.1144699453110585
6.077762692150375
6.401435168945805
6.973595318230482
9.09355421062852
7.183565314859038
6.704658690583939
6.573970374314371
8.24635866966897
8.30484596391571
7.09516350506626
10.090474954432135
11.033776111267699
10.004360884895462
7.642661844728459
11.589306162967148
13.877451074375582
9.013754370174796
10.742746395419163
12.507752519498872
8.949317164452411
9.99504043653738
9.198377987359557
8.965900138353769
7.472104977112763
10.097290744623407
4.712116759263816
2.48960132753851
3.802771287754836
3.1286037746478694
2.148990244224103
1.107192921223977
2.387480022872777
1.8614012110080407
1.0341843115220632
3.7054804543685234
2.488047355505877
2.3847959659523137
3.054700304402196
2.2658536745494997
3.0752697841823933
3.666585595921315
2.359713131645655
0.5996767236966225
1.06103912158638
0.8017057044939875
1.2760187300997348
0.5816201104682912
3.075053454182675
2.763379830644505
2.7831293540372695
3.54931132932265
5.682807404850839
2.373112121821978
2.1036340869089636
4.307565941182887
3.966955880006688
5.775288673225802
6.182028953434381
8.516448883005966
9.058791109475763
6.22128263859538
6.964657472730313
6.412391654296829
10.778569312564061
9.448340665541723
10.123264445268239
7.714371812068509
8.555146320827545
9.228070291983322
6.420336340860775
7.398184975114841
9.423519923478223
11.39783038413916
9.605259845417073
7.3436010593379075
10.621692247236577
7.654304266394958
7.593595390048926
8.74222021309145
6.4768065706024105
7.610767124731428
9.971764998242211
9.813379586979543
10.9973396337899
11.52280300962891
14.025550323342559
14.432349254437392
14.25349690266219
15.164748937627978
16.08283572855887
17.549123267207534
17.621292178122047
19.066118080306406
19.219016748249295
20.792732600281667
20.889516549453287
19.707530996094206
20.728536575941742
12.67006107653389
10.184661531231301
6.596568384707832
9.735432285014797
7.80237822675658
5.7889745238923815
0.8644356641651815
3.5711369571561407
0.8049246885294653
1.045201284770073
1.763586499729926
0.04134777300858489
0.9142879228655414
0.03129655769329475
0.2739720395946925
0.5756782037409827
1.932030412723103
0.46411499345693613
0.8916761590043282
0.7034261582934509
1.5791360822955374
0.4342544994633122
1.764145140411397
0.43104841480645834
0.9292458381541945
2.527580953522228
0.18235197917738355
0.12320920105385076
1.1124244399958931
0.1894601831998805
0.8566094515569647
1.8871005082767407
0.6767694542760555
0.10089957695328691
0.15714943397497605
0.3538348029636569
1.360016107583502
0.22058350369277752
1.3350163945859985
2.428509992154708
2.7730582129485146
2.023283582796834
1.052888739392706
2.505501412926667
3.2742731943812755
3.827489071941453
5.179673299872168
7.0204216836955915
6.026610410983109
6.692363167184611
7.75326822079057
11.723879254471894
9.075041812640654
10.860819837777937
12.957007787264518
14.539362753825142
17.409018704652222
21.802634203964253
23.853326151680154
26.86457696143628
28.476784906271856
30.763181922462792
35.82382892652323
45.775598520342065
48.43964962167877
53.891089029312226
59.449725872050585
68.38797592627223
72.61838296481372
80.17094035200958
89.0626194723704
89.48071050714204
91.0938766587075
87.41918445741231
79.69830352878
70.31869064525654
60.677267146991205
51.62102019303782
41.639584150558676
35.149127942090296
31.302422838085743
26.735455495346322
20.86333672795445
16.020483999578296
17.52738668751846
19.618581905282284
15.87676614676323
15.852140343343567
13.174665222115392
14.06596027807539
13.877084361859394
14.685938604931007
12.740486503776603
13.691413037959473
13.558295694792477
15.131759510554845
14.616950568170248
13.53466101134469
13.374500353243093
10.750989302105662
8.783604263531062
10.318149141066108
9.363479456431067
7.684549260354881
8.039796521364282
9.508776584072939
10.527954293550934
12.168618517586456
11.051182548951868
8.544899764378362
10.573397153561377
9.380735670138183
8.476982716678016
7.556337190292917
9.133695909356048
10.972374231747084
12.362990097742601
12.21694255880466
10.641818719678975
9.015804314943834
10.30979113334941
8.005341612299437
7.963955784428272
4.94286656938522
6.764531385551169
6.9493058256742515
3.943423983096064
4.972330349706854
4.053891198957864
3.5425457629094277
2.0603592794147176
4.148056369243831
6.00253472941885
4.811975282836142
2.5613147481031
4.134392472807917
3.1026354514965444
2.8275498160471138
2.925021307638745
1.7652698029422866
1.7154154735334386
3.2065625495872516
3.1165968701065134
3.7157851165573983
5.602924334005355
2.263822707694088
0.6962607060524205
0.3244065482672229
1.1683707322681762
0.0887965644882546
2.281270595176756
0.13619740300566652
1.438110175048503
1.2047369257051217
1.194152432369795
0.0681854362861556
2.035866864018644
1.9893901637147793
2.4701258367972496
0.7031932931035078
0.997388867623041
0.662575046904406
2.687634187834492
2.776710020113206
1.0737917448819514
0.41547741427661206
0.7296637795613
0.021050856780047277
1.8081585410669885
0.3534364388980277
0.9827332870977944
0.05296181581423237
0.3766362738258194
1.1813081281904687
1.9390388889446872
2.7973990150293817
2.7751834439240577
1.7279540206342607
3.1989433920083443
2.6711847986915003
2.941471816418132
2.587670378742206
3.777047826273152
2.5963501938511837
1.9882401703285728
4.381237246511532
4.815660007060118
4.729311272411098
3.4277910765011637
6.025673957573266
4.497890097753959
7.66722194426438
5.9215733859838515
5.339132477074427
8.208108653985098
5.5287223930651015
5.7794785428393585
4.779752323411717
2.9961500313780656
5.013786967786422
8.269425336114448
9.752827959275784
9.288755677439381
8.105009172597267
6.382400395079837
6.313968089231279
7.2184467281037845
7.025369912792166
6.396770257603228
2.891731720216494
2.5181477856580634
4.514369725108546
7.195364015508042
3.0435441568973483
4.334972663715212
5.730407767304197
1.3966075796619504
2.5497689472172165
2.304370717507886
0.8966502152092318
2.269081264789666
3.2451423201852942
4.017430630572493
1.8269337288996013
3.9552823184313004
2.4947809496694227
3.7718207853380834
7.248527969131628
6.68784393504588
4.436606518707197
5.511428821109527
5.890908816048938
4.281937214017984
2.73949156363089
3.8571567044573913
6.212629509518182
3.788415825868884
4.444985367815152
4.801912201514355
5.298122592959534
4.848393041362013
3.754346881713279
6.275704521307806
5.301240686070149
6.2495801393327275
9.286738092879318
6.65206925460842
7.939157859264298
9.271529853838713
5.133802862335819
3.8342544506323355
7.910789457762831
7.09592771783461
3.4783593244386126
3.0866949445086695
4.185380109623045
2.741339696094911
2.0603865334153233
5.300204324927961
4.784716826423401
3.3485659497713183
4.557880206555679
2.6819730013392276
2.2684320291434665
4.1266131129493635
1.790864074891346
0.7329021141859008
0.6380767312847906
0.5248814569195289
1.693822339438166
1.9597369341578286
1.1321740334460535
2.419000468077871
0.3580159617847873
0.6219198732690274
0.5901989861067561
1.0213335780471342
0.04163450229125423
1.054183356442886
2.1680928669800252
0.962285725197405
0.44905263957954933
0.10175035860818167
0.0007866626175197277
0.0645918848144017
1.6086049195503866
0.6661104961016018
1.035791462604722
0.4447297446681785
0.20914713073694682
0.29317428315269983
0.6295075351235488
0.08637581164815542
1.124164405398967
0.1682213576677163
0.8231948743136179
2.0696759107098877
0.14320333932870533
0.9152516397665587
1.4529989298679804
0.9863218585118357
0.48674243784931287
0.704256337960184
8.401569139683341e-07
0.539708767030704
1.7514206770270757
0.7081680286352925
0.8357009601985962
1.1204290501815002
1.0603216467760526
2.2202257071588636
2.635243266503113
1.6556420924051776
1.4917404244664612
1.623106842687572
0.6543371807851776
1.9255624916300476
2.5562973692027753
1.3824271703900184
3.023152877356167
3.6798119171672314
2.2965946947902447
2.782163825196591
1.8351131323219754
2.577034002944188
2.7533710111727765
4.724036175829883
3.508822647443465
1.716329087307272
3.6426702302469156
4.229748954935577
4.291989878513296
1.8540680704369872
4.364550967586026
5.517233296021011
9.624399319341045
6.366824323446365
10.644535167357983
8.484206446704382
10.283303254032777
12.344950046360172
16.90126063909929
19.286484399179194
23.235423090744433
27.29188648290828
32.36134525996226
35.78161714325912
41.82389633058653
48.45204252014396
57.241627231495926
63.81376420191605
72.46417723114376
85.89624936453161
99.79555817450309
116.59876733396196
131.85532147930346
144.31828933121344
159.05694364082467
162.21359243157738
155.9763498478182
145.24045902571035
124.43939685675959
103.15636944932479
86.39568330351729
68.64983366900519
56.144771448831825
49.50872746263385
38.66508125151549
32.3144158210151
26.630750193713578
22.059383980704016
19.867674282282252
16.853007515849725
12.479649317709093
11.109354713098096
12.58663315092369
8.102244050135678
10.402425368155251
8.227687501150399
8.217767183011654
4.394629776862811
2.919392738529045
4.174466240833795
7.29737221116794
4.532997691263967
2.586183944267143
3.9417605525237707
1.153204676024817
0.0020907937985870494
1.6149816056950885
2.151640313685361
2.67948785199773
3.88911490365458
2.5606019419488932
2.306943585126593
0.3295632627343644
0.16767297793425426
0.17314465351184313
0.5032709967034186
0.11287995339745155
0.017652897814548117
0.7548987216404313
0.049006903373906854
0.8807212495874792
0.006000131786512388
0.12127176548435008
0.39848289270276704
0.6334638700897502
2.291237711235758
0.9653052571240562
0.4223347024613788
0.4860955711684901
0.6609590863641032
0.297539300021907
1.207653832350313
2.5155745186100056
0.9364404843638623
2.1634424975667192
1.9103567195906523
1.7254035917955387e-07
2.29173681215429
1.0143282867734995
0.9233316109523163
1.2834762122063494
3.352287212521952
3.2103898866439224
2.862403558311297
1.5561597139526366
1.7883651966353444
0.09182176210911477
1.3524224682685995
2.4733235932135997
0.8009775550333834
0.17061101728573397
0.11150914118480924
1.265471870036692
4.009945377031069
4.207438719798789
2.568430404298638
0.7192020416017796
0.9320358030941427
1.811793121609988
2.529693733105533
1.385352199791352
2.240358599052511
3.8097438452761185
3.4144593760818944
0.18246806172033703
1.812840765968922
1.959734336111356
0.9434881203440711
3.9071001591568306
2.549132519983788
1.274985301759272
0.28968474132311306
3.6619288590250654
0.9302053925419305
0.06929483458938007
0.014848720815131323
2.5800879976567908
1.3379549161236823
1.79984050835263
1.7841953031941011
1.0251783219073587
3.8638263834201605
2.155459128473507
0.5847010489072985
1.8170349217080686
3.3802726750412537
2.5474470905184314
1.6759674800248163
2.021025606308841
2.8142920073177584
1.7817015199975494
2.334233020872021
2.3389357653595697
2.661236067074452
2.7860659459456385
1.632784608479775
2.9466938876355258
2.014776540152235
3.3931956277843263
2.2256262342250057
3.233045784729073
3.611707234754294
2.1998036711611784
3.5722908555238435
2.368390707400644
1.6403810599765853
2.8596104510443703
3.4624383386111153
3.06723386807687
3.407877180109354
1.209237866350046
4.431328237047313
2.335431323535029
3.812145395043311
4.457500703208716
5.6469351562794206
5.07584609221301
3.0076827797967165
4.262860815509329
3.662652961393805
3.8620646133454057
2.9008898043337195
4.846501345798549
4.2905890866325604
4.796234792930665
3.4600353788609586
4.652058165772049
6.610888513177836
4.252773969302674
3.6445410862304377
5.753095118003768
6.604849209570133
3.6056384495408333
4.259270835381511
5.85606537060086
4.978570479707511
3.669199842414457
4.128922181183783
6.37463124856353
5.576453867859236
4.312593369499164
4.971680039998158
5.290856326027619
5.817766976541943
5.780938221634561
3.2469807255367886
3.9226859717214553
5.6382553919638845
4.062743138463105
3.5730473437468286
3.1603591423791886
2.776454760786633
4.577631676410972
3.1132850518354216
3.326782107245295
3.8095910884334643
4.632396622597087
4.196543315263825
4.084276024594532
4.430113512857743
3.318612428789052
4.383415368956473
2.881336725687233
3.123217495825677
6.70743169655985
3.5690774274289407
2.316640388923611
1.173401072255251
1.2644303148956728
0.35428597076196944
2.098972431259405
3.8563043017564356
3.2218245930512324
4.016361247386123
1.7027607402126486
0.0035888772942696276
2.187775746152267
0.6719050977233043
4.009517233665049
0.1905384041059331
1.8558161052402056
0.07430852954216272
0.3023193435635642
0.29520828222056783
0.2692498745849523
1.431052995828594
3.023988153611851
0.9112462416547776
0.9385889892094869
3.631740984469482
1.2569976345587355
2.881866216862873
1.5663194164076202
1.1033292624225355
1.9873267454268897
1.082120070239454
0.15252785708246697
1.233066119777269
2.8640891499080414
1.0068968051103628
0.6223748509433675
0.1664806466769313
3.6800582824660415
1.69143524288155
1.8181577693392221
3.6044297691318707
4.34851973246263
1.3612524212344137
0.47471865195815816
1.7051474823396124
0.8771440702850029
2.3702556443533562
0.6844263949017941
1.4539798746433696
2.8051820657034314
1.8732146657506548
1.4282607825828917
0.6705501774253415
2.1349905117620427
0.9941251260373962
2.0431495119090797
3.3681155149348716
1.8731036728343007
2.4565415673040847
3.327539026768961
0.31356566691915927
0.40326198699658666
2.3615972791534077
2.1805384445530573
1.269277893455648
1.1306105547434437
2.176583051455585
1.8919910838667673
1.443618017771722
0.9595328687724941
2.853481920514447
0.22960682962634665
0.09821832952127557
0.7621045222845824
2.5816100761070913
2.6656119249278394
2.172758759941492
1.136603800165082
1.801911952969626
3.3469271981627657
0.9659290501494084
0.43314760969319754
0.7143681230588061
0.7138445854498983
0.33414242184626175
1.2047552907859866
2.5624677724378877
0.6212184431036751
0.41790825605480514
0.1459241767165679
0.3397004990815168
0.1047721272986549
3.5745223304313005
1.9868055334215373
2.5918750033703297
1.6121695451043563
0.38467432441424415
2.2863612004731344
1.1322000512703858
0.2531513917523416
0.15617629214833
1.2772257268803882
0.6810242758422294
0.028616538095161934
0.49751515675160674
1.6706618341629864
1.2739309804216044
0.7157334219155463
1.5924456645227336
2.199990203211902
2.9097547797672894
1.3330540715147097
3.162503268974611
3.474163360017968
2.758930330948197
5.650680074507874
6.763539938670629
7.215910168299609
5.335669232888239
7.052368355854332
8.43988718094253
10.320076254088711
9.696779896247536
9.460792471939067
6.44201777354482
13.619457019514831
13.969041721194998
11.392188839792587
14.730307030593808
15.63343424642189
16.46096877106453
15.370710019599322
15.631817724759667
14.44468427930198
16.26138741555633
13.446914969449097
14.928455888196424
14.318471512455702
13.581793142334329
12.265762945609826
9.835021128579816
9.495468193055638
9.579011864150571
7.0796027782271205
6.7769129363355045
6.802702804902922
7.842401704893871
6.681756437647517
4.009537638378496
3.621217874157518
3.0100155747439232
2.052198043261331
3.038199651587889
5.280197238514367
2.6454478975051274
0.45436597674534124
0.42858005394584336
0.4201644294697441
1.5892855643774169
2.0939882381324884
1.3561581538154333
0.9343246793792573
0.6789857158691232
3.2029259312130103
1.434786654845565
0.23132496369702021
1.088203352410659
2.605048620396429
2.4911749412863746
3.212530382210148
2.237528605140187
4.296316295305153
5.156854080003716
7.8131358598412906
7.2034555410530485
5.440308515108476
7.481868847039601
10.087862844891214
7.164244072694581
12.368861727632904
16.306142635621274
16.576999867122122
18.028604161954178
17.767176279569195
19.819737169512454
23.90557841403148
25.00460454180624
26.075706675370252
26.48366040803973
26.489050683999
29.00509535199113
30.206742587136358
29.25866995370237
28.988279689566976
30.221603426566446
26.49497444186835
23.550317848517935
24.90056171705965
20.90894481023581
21.90388172198446
16.643683251315327
19.9044451270025
17.35767728307575
17.2125768031724
13.83520602770622
12.518471274493399
14.079635702256363
14.49346028278852
12.536857442135963
8.73466142984829
7.997291346441
6.8371562004757225
4.906959744856977
8.70280143004612
5.992364717191337
6.136001296473849
5.287841954077921
4.951631517186329
6.99052454634941
5.785963319645158
3.6580448694674916
3.5915959211863497
4.997790590584105
1.4003241733163585
4.488241035967762
3.1530301262397047
0.0020861255639264007
3.4090630719117962
0.617636811609063
2.5973233449619615
1.2553481435540328
2.1830552267213617
2.743327531169665
2.52790492525115
0.39883819491163974
1.3435348221602472
2.404000357309617
0.1981941360051021
0.34312200849943186
3.472870586547913
0.544929195916915
1.9220783803258987
2.5134095065499062
0.010121326588635564
1.520702249930084
1.7162528402700368
2.6584591293394846
0.18018283379811478
0.35416872888358486
1.2242760649649713
1.369672102142306
0.6823399340645541
0.748893434262746
0.6081162404819603
3.3546140511586473
3.2172920607929503
2.075132847241543
1.2233153183567809
1.6091327878909683
3.6108837613955327
1.5200907411740046
1.2614897644855414
2.392999135907379
0.6904081491872138
1.5991379659153462
4.073702463472783
1.6064771717391335
0.6140890263963075
3.7987388352273603
1.8954422277584237
1.68388073676179
0.1525463243401451
0.7090105164642699
4.836072696936726
3.038080657952675
2.4607866935881844
1.429994442732151
1.4727486650591277
2.8867718160311284
2.4273686780410406
0.887019216856241
1.1052737694090526
2.9547096653489935
1.6803439958527489
0.9401906466490545
0.5187158195333541
2.723853141881462
0.5114079537810576
0.20811692136645185
1.5184717114062405
0.6452032707623991
0.6032025630471692
1.3935619705231364
1.7148092423453913
1.943972162811859
3.0721254048568625
1.9462863553286516
1.5744981658583372
0.41934848219911997
1.0380952768290785
0.7529329731852408
0.4973420675740635
0.613428506241223
1.0308667723520129
1.8821846425182729
3.799182233321792
1.582989775485212
3.1617808837775025
2.969868309032797
2.157145725931893
1.4034179039069206
2.5038571862556873
3.558293082435982
2.2875123244266717
1.1990005896680962
3.2845843151115117
2.930830314285955
3.6364294272825504
2.3465785972682673
0.30220724727435744
1.7300420580752403
1.7237008159631586
1.6498589894264355
1.698223592063507
0.7480780414346598
1.4638768370198019
5.055641406547161
3.323403640969258
5.4521655931515625
2.873133769689101
4.09003031670197
4.3877474897742825
2.3343538184281343
4.4658899196723585
3.1408393556860448
3.700361527085851
5.868560432550433
4.528471360047085
4.20511475824617
6.432104837653086
5.015689534932469
5.898122267501153
4.752057657138402
4.462742708376596
6.707103700157994
5.24579590678871
4.154758786903857
4.87471899233556
6.085691477509484
4.870026765375399
5.234656092299425
3.464896311421978
4.810265588348601
5.143095587793554
2.7430808627477354
1.713117679356109
4.67017221856037
4.164448532824808
2.8000240078091805
2.5347455777789096
4.221530111544434
5.316541567380044
3.5259322810174756
3.3946111094218114
3.444549704379305
5.37035257466003
4.059075535335456
4.836040897831553
3.5808890175576398
2.2843752577441254
3.5829973337746144
2.592766579941738
3.83793680914059
2.1015823227937953
7.538616833234815
4.1011931539161335
0.617275096698408
3.6352025676743893
4.440087841963735
2.0811752503535383
1.4957868714485698
1.9774592527680952
0.944708270287574
1.0943001972147965
2.404098794578534
2.133519342806683
1.1683531160620155
0.823259029141498
1.545343408313019
0.8694972820855772
1.3910838784351915
1.5670253230984628
2.640198232747696
0.060391566806267206
1.6801030941814923
3.6546128702532648
2.0290847489287023
0.05003992437302403
1.184007042851239e-07
1.3119544077214012e-06
1.9081598106520414e-08
3.9399540895542217e-07
4.0721699529561685e-07
5.20533192978243e-07
6.203179737354988e-05
0.0005212445887901025
9.205230118409308e-07
2.1875362032827917e-05
6.877660325368217e-06
1.2934770758076086e-06
0.0004665090068821061
4.4408808937801616e-06
5.987235573689429e-07
3.851312409584574e-09
3.552637071505384e-08
1.9885229228318928e-07
1.9225380448213446e-07
1.185307794551661e-09
3.2746357427422486e-08
9.923940027460974e-09
4.5575737308976976e-08
1.9048555186415195e-07
3.7270691935383626e-07
1.517536312528268e-08
5.3526919448323325e-09
8.734341598668938e-09
3.6649050859196276e-10
1.9629804660784856e-09
2.0348639487030584e-06
2.6659178371133474e-07
3.379074849896216e-07
1.3872376454340354e-08
5.348995026451484e-07
4.438893777163661e-08
2.210599705944923e-07
6.754357861156699e-09
8.0112615382423e-07
1.133242838114791e-07
3.85028157016929e-07
1.7794678113463514e-07
9.824930168808038e-11
2.3640037613045936e-09
4.3319637578523297e-07
1.8963908461464947e-07
1.4351850943670215e-07
4.6967250037489267e-07
1.2318763091477508e-07
7.30895744771075e-08
4.1701830410020834e-08
4.0739094519457865e-07
1.4549143498873608e-07
1.6949804611403923e-07
3.853610514560081e-08
2.1120790126349864e-07
2.82155656815473e-07
8.145657960858288e-08
2.5988805782850974e-07
7.365596785057694e-10
8.540915857417887e-09
6.901374395398354e-07
8.477264033702507e-08
1.7138210533480846e-07
4.4246941313392506e-08
2.080828898663913e-07
4.468952070826201e-07
4.6916593846408117e-08
8.53546984090839e-08
6.902627383033485e-12
4.845712324176995e-11
1.085227892809088e-08
4.878971152240699e-10
6.761856772383507e-10
2.91425229911907e-09
6.697037536622667e-10
1.7787698143938144e-11
8.867852487568647e-10
1.6222760002843682e-09
9.874603456730328e-09
1.1232521294449552e-10
5.975661008512791e-11
4.031321033004228e-10
3.4870947861804066e-10
2.773483954152261e-08
7.047763648370025e-08
4.544227079504038e-10
4.467289420828488e-09
1.266249088693338e-10
1.9090968913656042e-10
2.158326239763386e-09
1.559803952186748e-08
3.1981620625479286e-10
6.911919239015378e-09
7.948501011550924e-09
1.623480673958288e-10
4.661712882782324e-09
4.6413755878263885e-09
1.1919136693255027e-08
4.100626284296556e-09
1.9114390540133885e-10
9.163319487166306e-09
3.194289659354088e-10
1.479401224237619e-11
1.4993642828337957e-10
1.1385222208371902e-09
1.359556076928792e-10
4.874184507229562e-11
8.811024504053332e-09
3.4968585771246e-09
9.528714600223129e-11
1.2923459215020182e-10
3.574112011846288e-11
9.638651284207852e-10
1.9834965309367213e-09
4.9547301410487415e-09
2.657645846514534e-11
1.1961684943268461e-10
1.1818058906152474e-09
7.902600660279152e-12
7.702007772347192e-11
3.216634531879212e-11
1.82241885350951e-09
6.835275267700347e-09
6.767531131283894e-09
1.6430201146920173e-10
3.6211548383612883e-09
2.669015540247358e-09
2.1105348612636677e-10
4.1866222752466593e-10
1.0916699932209776e-09
1.7085320229464424e-09
9.251304118670012e-11
1.7695177423887404e-09
1.3700272763677357e-09
2.932692364766181e-11
3.2672793364855865e-09
1.9931579874794662e-09
5.298325817065608e-10
2.5385777988551016e-10
1.5628171011342e-09
9.65517591176268e-10
1.065385418723876e-09
4.136080018385458e-10
3.406566518627931e-10
7.076957356557411e-09
3.3555978583191457e-09
2.5703372543589643e-09
2.818399616152586e-11
4.387496281057817e-09
4.937493974963261e-10
6.122496189571205e-10
4.900761400839249e-11
2.224057615128902e-09
2.049881156648824e-10
3.8133833242161116e-10
3.2081416707069545e-11
7.118852255210394e-11
2.414484008803405e-10
4.0246880719669067e-10
1.1803496267350188e-09
5.6225137743169636e-11
6.17911012604652e-10
3.6997805718322863e-10
3.257214348584782e-10
1.481061305312007e-10
4.471296144236505e-10
3.3516300021293907e-10
1.3086070515501053e-10
4.5480484196350553e-10
2.688137488299444e-10
1.80933953355992e-09
5.272579781887077e-10
6.419976131630927e-11
2.7242819477748685e-10
2.9984695279697915e-09
5.840674415621059e-10
3.303644974764568e-10
1.2444198304955758e-10
3.901725786876784e-10
1.2836227012334252e-10
4.2404765089186497e-10
3.0315538235949174e-11
1.3561004851953533e-09
1.2460446820224528e-10
1.9613652192900288e-10
3.270329084156122e-10
1.3252628687631644e-09
3.023580253097345e-10
3.4800993275976313e-10
3.416233512929898e-11
6.564380808335313e-10
1.5331327242437482e-09
5.730764964719205e-11
4.981555909933357e-10
1.0056105186605568e-10
1.2238504251641637e-09
4.0770127164933633e-10
8.219411176523344e-10
9.467842715969436e-10
4.0193644349622306e-11
1.2742235686333915e-09
7.791948533537471e-11
1.031647897167947e-10
2.0369403850666784e-10
6.014616065080534e-11
3.466768710389229e-10
8.333721401703451e-10
3.819759118740845e-10
9.791234552365826e-11
3.1241811348166053e-10
5.465747295279582e-11
3.910397859760752e-10
1.7014747791131547e-11
6.077378373247219e-10
1.4001267115732873e-10
6.785840116689274e-10
3.665949967975385e-10
8.697797571115152e-10
3.3994617342582403e-10
2.971254730552094e-10
3.163253193686813e-10
1.4246347384237675e-10
7.032408138141701e-10
1.8040685348381478e-09
1.3401023498533862e-09
1.03792176954951e-09
1.6398893041251762e-10
1.7965027190879325e-10
4.854499159390642e-10
4.760576662615741e-10
1.4077012793617114e-10
1.319483935090618e-10
1.809183018921514e-10
2.7162878837840284e-10
2.95027116621753e-10
5.617274068932238e-10
1.8035947139830238e-10
9.555191728260024e-11
3.4243840905042484e-10
5.3817796810975274e-11
2.6518327732051704e-10
2.566659879825437e-11
2.357298266455653e-10
2.6890388108569176e-10
3.625271063704279e-11
2.9051619535741616e-10
2.5718018668347926e-10
2.6290472109683046e-10
5.751218335376934e-10
2.0333942808343817e-10
1.7588602091305623e-10
2.0153015297901594e-09
4.735006988464026e-10
5.94140241985178e-11
1.4682626207853353e-10
1.4823816367684312e-10
3.112422840154302e-10
9.275680078054063e-11
2.8655296677234384e-10
5.0673944978040384e-11
2.387390486790602e-10
2.0543695625930028e-10
8.99845673077719e-10
6.795005371211429e-11
1.0361967037807212e-09
5.707137254476468e-11
4.720993524460812e-10
7.434304546034825e-11
3.3662331566927354e-10
1.8569461699683462e-10
6.588390751203137e-10
2.4211526290330905e-10
2.1256371955225744e-10
1.3311428959845564e-10
1.8574653127593815e-10
1.1396211196375494e-10
3.5134136708725067e-10
4.5315394034603385e-10
6.76032783737421e-11
6.725957758868176e-10
1.9591982744770927e-10
2.104208774586581e-10
2.7084902586468214e-10
5.238587305167197e-10
5.548425519786321e-10
9.754406703121202e-10
1.593356045698342e-10
1.5005612483864247e-10
1.7898027906304282e-09
6.949153800281301e-10
1.7990697065176859e-10
1.519808847638512e-10
9.60255683888876e-10
4.636247080906264e-11
1.3697101792271716e-09
1.2220976374980199e-10
5.716404435006278e-10
2.347399543456935e-10
1.5870358377753383e-09
7.002870860561214e-11
9.541992083450328e-11
1.489418605518739e-10
1.7761953864042425e-10
4.12295805842292e-10
1.42006868776317e-10
5.416904012325318e-11
5.197064222410847e-10
9.292553845571265e-11
1.1569667103613882e-09
6.783513010646045e-11
2.004788241563002e-10
1.7432167326256507e-10
6.173746792037165e-10
2.3012466695348372e-10
1.1179927983356284e-10
5.199409800057985e-11
3.644060868686701e-10
3.661594730324787e-10
6.530030009577318e-11
1.9655413786906934e-10
1.2686767207825656e-10
1.0938315483537725e-09
7.312270688094136e-11
5.5992066233464156e-11
7.481593500550335e-10
