7.758931939333127e-25
2.669070088020724e-24
4.002394204078141e-25
1.9379317831096976e-25
6.092682689765928e-26
1.6024338158973205e-24
3.120777632045472e-25
1.9186733064128581e-25
1.2440451935395432e-24
1.0744521624589751e-24
3.169045306006751e-25
1.1851883811808376e-24
7.979838481416844e-25
6.770880683613529e-25
1.4322971306046951e-24
1.0906795536003671e-24
4.73905786869267e-25
1.252901219546442e-25
1.5992638761689284e-25
5.253352510411094e-25
3.897582632680508e-25
1.3228545288566948e-24
4.816403352522816e-25
9.01558681585374e-25
8.765000156769736e-25
4.426712549593271e-24
8.855056000817372e-25
1.6236152977411635e-25
7.345012563401351e-25
5.749479328863689e-24
4.473180839881905e-25
3.0945622668591695e-24
1.2651780608722345e-24
4.8750307065265335e-25
3.6948950898711014e-25
5.130864793307701e-25
2.9863462400316455e-24
2.7111528347406513e-24
8.313061163420426e-25
2.0573413014119641e-25
1.395189046103555e-24
1.1330079207896456e-24
5.762783810371596e-26
6.653977664185143e-25
3.7761688921015976e-25
2.442213978696789e-24
6.02839296151795e-24
1.2242789961080001e-24
1.3877880663432052e-24
2.736079144449302e-25
1.712385307053442e-24
2.112403462627238e-24
6.883140387362638e-25
4.448928486146343e-25
4.3272147272348335e-24
4.542856517409795e-25
1.0429947348027393e-24
2.5882901646030215e-25
1.681183160775441e-24
1.1742783340853313e-24
5.565612127218412e-25
9.084638290251028e-25
3.6319350796548615e-25
2.8784559627299135e-25
3.543455888870321e-25
3.4221740006455387e-25
1.3780434326006297e-24
1.4021343934303299e-24
4.1174841567211154e-25
1.8377401517777779e-25
3.826680756830283e-25
1.272869263664335e-24
1.0900353164520788e-24
3.2158587331644417e-25
2.937720611738948e-25
4.519688162928101e-25
1.9822713808543815e-24
3.015327278616882e-25
2.8694100368142716e-25
3.9879484411481225e-25
8.575485633764935e-25
1.5839997881352575e-25
2.4309377196087224e-25
5.578779516049811e-25
5.404980638384141e-25
3.3094628444436126e-25
4.208563366249412e-25
8.519676043568457e-26
2.6937665736511623e-24
8.81476741284551e-25
2.4939717628352724e-25
9.921769601711548e-25
9.802821814829416e-25
2.3654125686279923e-24
3.524099492517407e-19
7.813839954819528e-26
3.252888251459908e-26
1.0045914888219184e-19
4.106315071406038e-21
1.3341780639656057e-07
1.1711194104104914e-05
1.135390159972716e-11
1.3500487141235218e-09
2.215443389437589e-16
1.6181654685221227e-08
9.490249941552082e-06
1.7198271375046555e-10
1.3653016694062985e-10
1.342829291129597e-08
9.991317915655532e-13
1.1105264344747103e-13
2.511167492656813e-06
3.2071420390664784e-06
1.7760034569272433e-07
1.6955185046576054e-33
1.4446593264095497e-31
1.245339308273049e-05
4.384353000217446e-06
4.439861330619835e-05
2.1653513171443166e-05
3.6437600083490415e-06
3.0348435480645574e-05
0.0004483777341450278
6.991228356923889e-09
1.8487660572195492e-06
5.353781824184136e-05
0.006775618223840356
1.1016262413320723
1.4987117326051753e-07
1.3308260247537234
4.167142797036201
4.566223860508209
5.873834479790232
6.850900077600732
9.402200524897884
9.832112070853118
14.604362992127427
17.052159441741544
17.263250484740862
20.478417289541607
20.76886567903678
17.88757274154053
19.091922985565752
19.23792560932725
18.708769345448808
21.447000347660545
18.919643104953035
17.453275948877508
14.803384445070781
14.210523644302356
9.092024490394856
5.97174998724808
6.110806880368934
1.6655213995892921
0.841078461541158
0.642802161340463
0.007726248282531885
0.018134197279147685
0.009316188199037333
0.6558828442133665
0.3390870715607048
0.6727808981333339
0.10026751716463969
0.17748858477002058
0.27269055879758364
0.03424766711708533
0.04871901181094882
0.6734336008147004
0.062483023492732916
1.2268068861330483
0.004884783385517216
0.5582803207762385
2.2282150458041547
5.538214018842948
1.8614528912926338
4.9985876689185895
5.816342477545602
5.8797778878554565
7.060813825686751
3.0842026998296292
3.5397793123258072
9.276450037619686
5.546627007650796
3.711884153077527
5.774352093669124
4.027166688908589
7.4926885460249215
9.344781800757398
7.183277794168327
9.90557205911675
7.4753442748736605
6.9261995466984745
11.679432997372936
7.75315122798698
3.4863088802673823
5.692095739929683
5.6581093752506835
2.425763299598463
3.2397080420898585
2.310311316386152
4.029947605324836
5.812660161920027
5.730662108893233
5.848383822745062
4.007258144623558
4.814957496634753
3.7873181213094873
6.0535826545206195
6.039802926998182
10.24586258444742
5.22283887123766
5.252627977025218
5.987541401822044
5.598499811002157
5.594858346481703
4.028620173287013
5.863852852418792
5.912466567802043
6.238827492431797
3.3376966993792507
3.699052323878307
6.7071962644253755
5.423740440699937
7.566184184621279
5.28460705331602
4.681568185010298
6.973319902234491
6.170167549834901
4.559999413874017
8.5606112877189
7.934904014369392
8.896266337768516
7.634895495187672
9.25202028031774
10.821899497834181
9.07898333152156
9.640470328136429
8.465365320762837
11.550895858121152
12.859823426784727
12.599521564371047
14.570595649496054
11.175992413701062
12.8110627446885
16.127101354419136
12.990636036281677
12.965547838857052
11.862053540373354
16.132147245522205
17.403762090648033
16.64196427472328
18.44776085075973
18.2125075898034
14.713971101669536
14.979541237411562
10.909259494325967
6.779548432115007
4.860045921225168
2.295130466883412
0.6977065489218491
0.002099020700457039
0.08102463051689701
0.023194266557680743
1.0478299389323305
0.7009203683192881
0.04383138421846343
0.14675482917658333
0.5730738442836917
0.14489300239350555
0.03771718739399928
0.5359117433033854
1.0757882849648084
0.4339859821790062
1.7012741512717415
4.597154797982023
4.993611140324407
6.524767237406285
7.470057980971775
6.797609658886856
4.76540707631782
7.95010974684039
8.912706812411693
8.407822467620832
10.53339868143253
10.249056264566264
13.64913395701565
12.316114429568907
17.22985588903094
16.75483792584059
17.329858968953946
24.132865036876108
21.509716864796903
24.2940940099067
26.310056543098806
23.152556033581877
25.41296425715813
21.82117444084524
21.80311632653838
23.154679242801937
20.54370209776003
24.952960299153034
19.26858665028253
23.77037384834313
23.57143185077531
22.491038136086004
27.594505551064024
27.730818040089428
26.563025729170477
36.829742245462704
34.02456203779851
39.27715347189765
38.347885741980676
36.06140274329594
38.95822578752563
47.42084367265222
53.345431484395
52.99588811844334
56.047353309369285
60.504885157213785
66.83429498361212
68.53081694620079
76.28808730973971
78.39659282390362
86.15206832948874
85.07025778089745
81.63939564195832
68.31348155139732
51.92135623453488
40.10270329944134
29.02807337593406
18.544824884479137
13.327658372999016
11.644722512252002
6.364578702436409
4.780279058315449
3.599959801426237
2.277748901347349
3.494815994734488
1.2202923613300862
0.42945948976632486
0.09298842522494155
0.02038422251573462
0.12693332574972782
0.10094823157946173
0.11640902129591268
0.007465743705731691
0.10318820588539261
0.021498353980290687
0.685597242497208
0.13240127389003287
1.5228138602950818e-05
0.04301647376127841
0.014630485486351994
0.18287044793315718
0.07689054930223031
0.08296427351506801
0.6784163335796698
0.28797204465314846
0.23583970949471475
0.0009090954134016965
0.6263595845113902
2.09956304705129
2.4241945783043115
0.5412152555218185
2.9810029983928965
3.47255663394339
3.779216731235861
2.147726475081874
5.236214584094232
4.767943634825126
5.004080000993837
8.54102208255295
7.548264032242925
9.144573400208857
10.54044423449985
13.822506526515694
13.488762668973115
19.177645941773843
21.386697141669178
22.81078079212754
30.141327597320213
31.67822595191077
39.18900861314287
41.65754046316049
41.80448031244371
47.53401734842754
52.43741378622833
55.01491452186638
61.448639019210184
64.73645327298945
72.86601852478
80.09241016485589
93.02304068639204
102.92805234114887
112.48907417089102
120.36521636603507
124.9262675238352
127.59069294748898
127.27220561341241
127.73790650109027
119.99491672778802
102.49118560427274
89.25467177147387
70.5246282605908
60.439235680176814
51.957230804018565
43.52652086326107
32.07155544952783
25.40384280600793
21.7635389842088
19.87113970186433
25.117642486805273
19.92939638169391
17.20865298858454
14.590720054638776
21.116425808892462
20.276432313268526
20.383556920517258
20.172889713216755
19.972282888824697
18.290878165885935
24.21540420262551
20.895783085392104
24.201643120201847
19.083973078401634
15.73816273289034
13.926234751047197
11.848737622452823
16.36496074506365
12.564845395849144
13.171850725208031
12.501075595234168
12.762364255053827
14.02155474868285
12.094846606744811
14.969480183219302
16.23478924314795
14.713559991257831
20.86343179904252
16.77155699840024
19.360296602627642
21.788781870141577
22.944790435145023
23.37697414771417
25.924016761457565
31.453467769908297
27.618190029540482
28.163431304480568
30.0545084644473
26.950576574483062
25.040455971681222
18.904574185933388
17.03734328680319
15.502015966785562
12.781010802470448
12.453958448572275
8.834125173903454
10.226565681546651
7.428648126120011
5.060185414275713
4.119723853710888
4.539313567738582
4.1509026950237535
1.1428746267975554
0.7956265766557178
0.48305341795039414
0.7985684929152694
0.024237510684014717
0.13653229194194846
0.001684868242777473
0.03697854037439612
0.11934109004773102
0.15294193728260616
0.07319552362864921
0.04003530405867908
1.3648469143911248
0.48676063482953114
0.007094567405003645
1.8838766386899823
0.12373942499561745
0.5597676338359594
0.39754013052194803
0.23307939861806007
0.8170415692940689
0.33816645108261817
0.6821833636158936
0.7195553331446284
2.5232313561273174
1.3285656216763992
1.6211742371507822
0.20735733326594596
0.31760733461282126
0.7490884339614595
0.10413409429874604
5.229944009594603
0.3828297650070456
2.3733858110959347
0.6029526899999472
2.803278385690575
2.868465037518276
2.4015762763767943
2.7408040596101033
2.4873720789315037
3.6309137308959945
4.98178608959571
5.740675926870891
9.480691935471539
7.816722897454925
6.540682258127267
9.843140993008095
13.968780589610951
11.585044058069101
9.456861096402001
12.085151193581117
15.282157340092933
20.248731418392108
21.67701843039202
21.349809668369286
23.999578724177425
23.2160108207036
24.06584906664892
28.795731481516054
28.477866640910825
28.850657880068507
29.74865648304544
30.557717589067362
36.35480509949823
32.14113348703371
35.22898279302374
31.61194932511741
34.407579764560275
31.765032615398418
28.147277571511886
25.34253337468204
26.55800862521924
18.885897848963996
21.45034241331893
20.1315237194033
18.811697861038933
14.097354887643245
15.385043424502896
14.33656103259071
8.869178196849266
8.950663627582042
9.187377849483513
10.118438180089653
9.208188237997708
7.3783730077163945
2.7157548029481218
3.6312760636583374
4.455540318488618
3.44232620259468
3.1698980747739074
0.9368334397952536
2.6422948344659867
2.792595021807744
5.371365511343133
5.269810203581438
2.4171834212759484
4.427969318891168
4.24334384017832
4.198119812150963
1.1710554558050132
2.3882020481836834
7.141105119693843
5.702483945859319
7.214161108332203
5.487364038729647
7.833963852367779
4.651803559811058
7.893506181515971
5.72264395044941
4.413369508777749
8.375236956563539
8.026489650583681
7.334874747052401
7.932600970256286
6.171661400564817
7.8170253260482845
8.61049756567722
6.351368366526927
8.781141367740549
5.2709598531522355
5.920747286469229
6.048203779698191
5.858350872991431
4.758436662832474
2.5495997451917956
3.7181621556359308
5.48002211511626
2.430135175775751
1.4804795879616637
0.40525694358078446
0.08790151007960524
0.3617045550541559
0.02315802410144865
0.02709912727926637
0.004871671214576901
0.24407275449528448
0.024613499561410873
0.002964639484629626
0.8037649030277724
1.897980728285252
2.1550726893408374
0.4395836967787825
0.26304254668108146
0.5834563194943924
9.837534701835318e-06
0.002165042301454942
0.07713876465539234
1.9252644121535514
0.8153832349992347
8.02559663624677
4.2955034642816114
6.284187349593678
3.1965620081925663
2.7382064227225307
8.027713224956397
4.160310119479997
8.500871100987807
9.25969631957884
5.447386254568774
7.702627731224239
5.554028459453402
7.759167118755605
6.481119080924593
3.057498503632581
1.9224688995374737
1.6020914341278156
3.112890053647646
0.08767900549647775
0.009690185806762203
0.7871614761676606
1.4397136166712377
2.883257870280658
0.14918249492789723
0.04824429943969834
1.2153380557283142
0.3302807892715237
2.1099934360492707
1.2320439151939664
0.6225812633971273
0.44152287116540345
3.8078226808841906
2.4577043421515534
1.6088350441833166
3.46866905319464
1.9486721551947588
4.602346542091295
4.027945311456246
4.354882231466554
3.5223940105748928
7.9972446143434714
3.3238541611692636
4.8355538297652885
7.153472701585887
9.461867595636676
7.8571823724918275
7.955716876940037
12.612367324169961
12.493402951894803
14.525269459119755
17.97936057047156
21.541826527258866
19.66319101065864
24.235375065477132
25.95638767769016
36.71846165720509
44.117038098907784
58.91824355347817
66.18064034932442
82.41271473813771
90.08707235479602
105.71944465466666
120.03364679272204
125.688146314344
145.44415333535878
166.8925431717158
182.68602891285352
210.18432826665762
234.8459342987487
271.6457505582672
296.03137068785105
333.0020573060192
373.1332780322604
394.9804125199603
392.825881749787
369.9643780187699
329.3778840075413
271.21731714525595
220.88650053361428
179.594360850173
144.76829490999995
115.99792996896764
87.02125572366627
70.41842740521521
63.340582282722615
49.84163799814908
38.49775990219294
40.94821155489032
30.401730491400432
29.838404734188202
27.797192179682074
23.515524149455594
18.125493144623704
15.75629463768028
14.478062239651159
19.38223562955384
14.033963563115353
14.167986894876273
10.41287812610081
6.261645367587114
6.999086450218069
9.22189671998291
7.051251998645514
4.31333777181937
5.549002317192821
5.507504276262836
2.2526350795963106
0.879517446229177
4.144412285351787
2.7765037784698716
0.6878689114970897
3.45986598336283
0.5704325640042658
2.1310419006727996
0.9418556658527687
0.1702125143858996
1.2123869189660903
0.011619902710331495
0.14185676148167262
0.011362443892069467
0.06819898834505084
0.06731176515922054
0.15260534289850108
1.004084810628288
0.11368113831644208
0.27859900518947267
0.24971648072965213
0.45923444168665184
0.20593045583463124
0.1722321774340128
0.040496801038953846
0.13170881548440186
1.2650346004591981
1.1590458999696542
1.0907331607255262
0.23466198384362516
1.4078189292879262
3.5176129029515946
0.8711311217678811
1.5402217149464246
1.4370129252515553
2.1701382402069647
3.236290222111855
4.428636663615852
2.396579247824027
4.0566171517105865
4.115012996493459
3.5763679868579277
2.1760155832994905
7.149501353545055
7.336005611124657
5.961559508219229
8.620640762733299
6.850627137299779
5.226481519201642
5.184682790256293
4.899103977180938
6.733860415367468
5.196294415981603
8.083275998498232
6.125551278380004
3.492913755904128
5.357720772995659
5.44869122396826
4.4018974774805315
3.1322851934309712
2.0056012320387957
2.339997591047508
3.2111177269655857
2.518560570333638
2.8864486866053376
2.852885899938289
0.014621760201827658
1.1573812337916158
0.765956856953981
1.0225392290073119
0.021727879290208953
0.017397770045657557
1.373696923780106
1.1982150958710602
0.40052358231681573
0.6041575792940548
0.10375694144832245
0.001775291251513378
0.2567678152367882
1.088617530299142
0.008009143880645995
0.0005800061646117652
0.018774200973640666
0.01790551885027528
0.890788462450994
0.012713135993821883
0.05236709624351416
0.6085905734412386
0.3068858931941758
0.03305634961590662
0.010428690229895982
0.035585030238120485
0.5487180715824564
0.5701382846442788
2.1805823149382797
0.145810203586987
3.853593329994185
1.4916105007774902
0.0067003510326270705
0.005780114340046671
0.13115852083944127
0.01118265547339392
0.001483029840255074
0.009518251669952564
0.20027657461950024
4.373476802577965
1.4155692333525824
1.1671567888925383
0.059733820321734826
1.3254297047695671
0.7427537289534291
0.8427482377680597
0.4633589986562034
1.1031853014941007
3.0066595313684155
0.9330271092648301
0.13765902788255233
3.2799977892739505
1.6059618120019359
2.6345191002171786
1.0673477653885897
0.3288321515024955
2.9725723042441388
2.9012056014944085
2.987500088119152
3.145417965462999
0.415249166093302
1.2485230024435379
5.223446133189803
1.1601623620667092
2.472328721061714
3.676050792658173
0.8672330560032614
0.8556270493511885
2.2605029527106626
3.80518695850119
2.607152818547959
1.3036036005328218
1.2768002279535167
2.400132312749134
2.3835882669512385
2.482489663894804
3.392763468103073
2.95323395440545
1.6160058134733484
0.5138656880661369
0.3316850187764973
0.7024885143783419
0.5795844178235812
0.2586153355215601
3.005752018740898
2.7686578527127006
1.1036171926527378
0.8363444681221911
2.5790379950701037
1.2851753469991676
2.4260953113980377
1.5551602986628317
0.8833729060361168
2.661174205749713
1.0912072124402097
1.3537079200928033
2.0893534336456363
1.049280571861681
1.125748498340002
3.0648072420928205
0.683422920942701
0.6934422193124615
4.036113315536173
3.5313543096793842
3.1439691784426675
3.281909685509435
2.053940845749928
3.07562631334862
0.8336740755303947
1.6298186098780039
3.765568142249242
1.906712114798984
2.9508443852107757
1.9678411724839642
2.8860213210106562
1.8518596396953453
4.306319286516507
5.710555486813492
1.3949160391900042
2.9740952701967296
5.608498702951839
2.3049831021551443
4.641734478623414
6.4864005698340845
4.616591567803623
6.7918336921566995
4.02334742434744
8.287618608763673
6.366221930724562
8.292247875165558
5.269477049518438
5.6449706999196145
6.714255557922028
7.5172675516969925
5.867989306728884
8.941957295168823
6.48070533092983
2.631782283556072
5.1364610555220525
8.429770445856983
5.347086413903499
5.413790873943803
5.886495767391246
5.328305414756211
3.868938063593758
1.5199991703812665
2.020290111762387
3.241752305640656
2.4992256125181433
1.970789398317243
0.8639485314665838
1.1471742034516017
0.8068308251941058
1.1205650453117069
0.07750401910335279
0.3094015346459564
1.5367733829765278
0.8936895606158053
0.1942809783888693
0.053551610106942864
1.3702414140369317
0.6615219780610241
0.520416320612775
1.095032944712012
0.1322628107308581
0.29576682014175343
0.03973923682125337
0.29093488704953185
0.2646785518600464
0.4118338548468192
0.17576892839924044
0.9716704406456755
0.18350812574035608
0.02231422869394739
0.23312883758636474
1.126143555570158
0.4237706617224878
0.0075398124971960846
0.09779471397380235
0.20603890507322736
0.29435113849817823
0.18142981818418363
1.817081840703815
1.1972929502302847
0.3517875574574709
0.07417119522913804
2.217204623006622
0.4726695782897584
3.3571028688914883
2.1814246453552553
0.3069566498654255
0.26667159192463874
0.08337518031608851
0.017559607875295535
0.4346374973052239
3.5740114744843328
1.5375636028595572
1.3493124397605791
2.167840668807393
6.436108174779121
2.0164852920599974
3.2600015738279255
4.328135886148881
7.311050893851823
4.825936113229309
3.852101309996909
6.285573207737899
6.0383089939447805
10.624819535980205
10.504001728553778
12.39986259011769
11.43958068662752
17.614177157019796
18.417567909707266
18.810322345215475
26.108506624298542
30.47495715521926
29.93218332345348
33.22824296479199
36.2672831250301
42.669746570773086
43.21495967527164
41.161915241806554
50.10412710459403
53.24691864282539
57.99224128124165
58.75844038658059
54.92314994103633
52.75907175731631
50.034863114033726
50.328272501100265
43.721410283074995
39.51189909858759
38.000841818108505
33.28084963944327
28.911966277432825
25.634658516811506
20.041561528065017
16.138699145693746
18.179831390169145
17.18444781986534
16.235403037874143
11.237400072997652
8.580402088358166
9.200325724156665
8.821607765424213
6.314630413735625
8.074120721077625
5.989344700376089
4.520290571236547
6.371204245611736
6.47270030139318
7.6347873394334895
11.711395826542136
11.179368908693085
10.504051134182122
13.338703689152076
12.65957809065438
15.355171086629262
12.756363830827468
19.95253163211169
23.995768748962696
25.7723904173161
29.245939454863745
36.0979049750417
39.817494789315234
48.787960377152835
52.4041399943475
60.35108636504768
69.31675668929319
80.13591232124966
85.58923957419061
104.68284173761518
114.50664483470945
125.7293767659243
139.14434331020243
158.8511179401498
168.03440574156508
183.04665553480692
201.4982852689117
211.80823715241004
211.807770888221
221.8085779844693
222.45086536512738
215.2640015283687
211.4938243222403
202.94987403466433
190.7611223570585
177.25907060363068
161.95230755586104
152.46020016954105
136.5213506912341
126.19055771275376
111.11218667507852
101.7266287309083
88.06071882397549
74.60883984099519
75.85974439728616
62.70035551003251
57.785134179736104
52.222652434906934
44.81073218264785
42.898294085748574
37.03772769886743
28.97425674172447
27.038525459306523
24.438455631510976
21.691759205020944
19.8008208991533
14.825737092231687
18.043750696079716
15.102221425485316
6.924885156059775
8.773183299511762
3.133001392750752
4.138438681267827
4.380812604335383
6.790208203182114
0.2632653687488191
2.4936012444404514
4.082763610671479
1.5858746557834502
3.3109464682415055
2.3426306317737597
4.4168860505858705
0.32369608681510903
0.5125926974283554
0.10842363347784197
0.01330675991015844
0.012499492252719792
0.13460446377737478
0.07222802653184802
0.003519179811875242
0.0013391465137975267
0.012328616417099932
0.6803807758251458
0.011955707912197197
0.11907942475685027
0.07267373125028952
0.0033000291186285873
0.007242220643389421
2.0027874510336865
0.0671559820358179
0.010808203991461589
0.8913152077392843
1.215834767470705
1.9296580466602533
3.1724412634610584
4.813577544055401
3.237857605684718
4.261520826948962
5.610764526708508
3.084873959674844
6.062642942424495
7.26327997837638
7.955404617920265
7.09911431712045
6.652533315490371
8.282844875603368
5.846339095436306
7.538799855901477
8.624353506929047
4.438403145749142
4.128138674096857
9.039569995158304
5.576454959132027
4.87146369645452
4.031605071948057
3.2516044788485936
0.8695645474489261
2.8123513798718673
3.641531995014756
0.9861487235430539
0.3072511410384285
0.1935108626548841
0.2580450195959474
0.037106065493043766
0.0684086392838231
0.013462548916596264
0.062417365769992614
0.9347284098203441
0.059474354281335774
0.23951853128882228
0.9900694630968735
0.1026918062516467
0.01396420002936685
1.0703226707848668
1.4868619027338352
0.03512979949167954
0.02018776472024686
0.11641685951491397
0.029006076770197925
0.0001523429036304122
0.9205813544585455
1.6413804838407264
0.003417029625860132
1.7896929047727994
0.018074514994743093
0.1346017484934413
1.102355662163526
2.5612787585925023
2.439826563862446
2.6101935146511783
0.5779670305648235
0.24251554169663875
0.43166786653448685
3.266307622530674
2.0190309787551572
3.4675783632915005
1.748869917368528
4.59828999222855
2.465142543766133
1.0862556116215956
2.7954194075825582
2.7466597057413695
1.2523000669534516
3.2951406486354387
2.1963107527300254
2.5559245976881964
3.2426933891309933
2.8617434878867214
3.1163985870096678
4.849829611007437
0.9515094323977061
2.1477474584924368
1.3592411432955922
4.268049568028209
5.571602299037627
4.885202675249844
3.2601140255970904
3.8467820332476816
1.5512136406063548
4.934258256649839
4.629394151157851
7.016200533001746
8.777521581646344
5.827315135934022
3.902993049319202
3.3236223193262524
3.924760359545105
3.19222960108436
3.724560812340579
3.6925672415099244
4.650239443330735
5.907828133758449
0.8066111889378781
5.704266123946267
8.536423052690573
2.143899882521472
2.76376912878536
6.44926199819073
6.532233446517401
6.364837522088524
4.391124177577457
4.608903955810367
2.9736345432316327
5.351396171116881
3.2042491677789036
8.770307598761589
6.0971338212700426
2.995094908695809
3.940074766159015
3.696890453167773
1.682768016941595
2.3353773961844957
1.6509977009943222
2.2805918182254503
0.11932209109209549
0.7047712717533221
1.1329708717114417
0.47421964797095123
0.9917420382081965
0.7206467477699487
1.499562841875491
1.6027153540498082
1.9835132129364943
1.1154311395270915
0.0986887170854976
2.3098440879357414
0.21712881413027652
0.28484414921317464
0.9514145170906121
1.9654164284658668
0.012395920620034402
2.202541847987367
2.3436164522236904
0.9315856240040472
0.0006778589644253706
0.670964529964396
0.12843627781975742
0.12113071152077287
2.9182617797268504
0.0018634407629687802
0.809349546910357
4.916468017622971e-07
2.4452123814600943e-07
5.110013840135151e-13
6.667796492407189e-07
4.67697635175517e-07
4.8076074161830734e-05
3.349066864120425e-08
1.7024465381144586e-05
1.174748646490865e-08
2.7547504998097243e-05
1.3771228062775298e-06
3.6810793604401195e-08
2.0664077803910176e-05
3.344533754632247e-05
0.00021840444428012563
5.004103352318012e-05
0.000811851788027744
2.0579612008875433e-05
4.637582280026753e-05
0.00017953665779390897
4.882790293736345e-06
1.3785248220762474e-06
8.924583400993688e-05
0.00036769038551233836
1.0197369938073951e-05
2.4074651819217617e-11
2.1140125138297875e-24
3.6857893537687574e-16
6.006364578975825e-16
3.8537278246819656e-13
4.338148840155418e-15
8.577907678340629e-16
1.421518392996583e-16
7.694134235223947e-12
7.637947285831081e-18
3.1523210345758104e-18
1.3019748846456157e-18
3.131733741588826e-21
3.7204758412193672e-09
1.5974342286443487e-10
5.0307498383124263e-20
1.3529934315378377e-18
2.8793239022987613e-16
1.0436976758118583e-23
3.2785936476568066e-15
6.635555077453973e-20
5.4223376714008904e-14
5.2729573986881545e-23
2.7790119334945044e-14
1.4537111137250789e-16
4.8738476315024003e-14
2.4910009349233343e-17
8.94798318338175e-16
2.678952434878759e-17
3.9603048183437514e-13
8.256161657063244e-11
2.9015978493243036e-15
3.3182858507641175e-19
2.907622021237913e-18
3.14646784246584e-17
1.6827625333164273e-15
9.076694754409686e-19
6.675940837822946e-14
4.139056525509478e-19
6.429887364365753e-10
1.226050251408706e-20
8.703093887943745e-18
2.889573596380749e-18
8.994409016318157e-18
1.1693902602737738e-17
1.2430814458181764e-18
1.6719239842192154e-14
8.614614795192536e-19
2.6165629912113773e-16
2.5647291795773903e-16
2.891323874792561e-16
4.172402417162405e-14
5.586023507153721e-19
1.449616767015691e-17
5.574814503579841e-19
2.623881078602051e-18
4.449351748516161e-15
3.4986648268249784e-16
3.1688275541952023e-19
2.806758156500123e-17
1.4367674606159034e-18
2.0753842012798416e-16
8.288756202941068e-17
8.124835986054463e-17
7.880029016440672e-20
4.3234659528098775e-15
3.291320108547638e-18
6.407295440026843e-18
6.009122298402144e-19
4.808556620907757e-20
8.323835750182666e-19
4.420736318248086e-17
8.929880765628603e-20
2.1260651225446747e-18
5.6276017550546545e-19
9.79911859841175e-18
2.401420484591345e-16
3.9160343080923486e-17
1.0915870349603393e-18
1.84526387326347e-18
5.7300578334126386e-18
1.4551921198139193e-13
2.3518854269555535e-18
6.076580241114e-18
1.4060652936162338e-17
3.2125741839738995e-21
1.3550336636280406e-19
4.262775092268437e-20
1.1741791665904772e-18
1.6806560078523945e-19
2.614804913038099e-13
2.883650542934617e-20
8.359660866648513e-19
5.8278579971560904e-21
4.89522981680562e-19
6.14651142254438e-19
2.441798739946431e-19
1.135482660950767e-19
8.329863512226446e-20
4.724174726065082e-19
5.574634329262442e-19
8.02819557298073e-19
2.5209757977094334e-18
2.2786460596431675e-18
1.6480427401743003e-19
4.3110962229748616e-15
8.75639348273209e-19
1.7795865769626628e-19
1.3012577157131243e-19
2.680930563287514e-19
1.1118880145570128e-17
5.874160692854606e-20
9.76445616038803e-21
1.0237358331592459e-16
9.257165687612303e-19
1.5815668566012497e-18
2.0515358502367497e-18
4.225483455801245e-19
4.478681706462085e-20
5.260888982229409e-16
6.557436464092847e-18
1.153685884654909e-18
1.3165392483177555e-19
3.2324202230261524e-18
6.209082954690328e-24
8.054286721881617e-18
2.087374602757307e-21
5.564683535984262e-26
2.829709152959047e-19
5.21285821420973e-20
2.0398057104410228e-17
1.838402207158141e-19
2.3946900689111835e-21
1.4666854320661627e-20
1.5200123080045679e-21
3.133399409708033e-21
1.0417882306631092e-17
2.0866288760570285e-20
2.3210942489118658e-20
2.4630063814502595e-20
6.510532956997669e-19
3.6449329738301476e-19
5.727104729076613e-21
9.851477447438341e-20
5.300610736217631e-20
2.586753725621556e-20
8.034679135334768e-21
2.984965232255289e-20
5.79767488229826e-20
1.0821292164039237e-19
4.76389082975634e-20
4.631500787333665e-19
2.751101419803042e-19
6.690734226473825e-18
4.443901207072476e-19
4.5300241110401645e-21
4.007981335746334e-18
3.622749917283826e-20
5.63811238587178e-22
8.536376476319896e-19
4.164191225239333e-20
1.5897474833092414e-19
1.7932743104319834e-20
1.598667335783767e-22
1.2791194934175953e-18
2.167718276530278e-21
3.081572800336966e-20
7.303059381171141e-21
1.0502115145371281e-17
1.0111033922350677e-21
1.9389580454408666e-22
6.103056635635219e-20
8.764466551393127e-21
3.2045963538655716e-19
1.197937148476537e-19
4.2642943750302956e-19
6.231709325368893e-20
3.434978124366293e-19
7.006728059405442e-21
1.6102634444994254e-19
9.113470887787972e-20
5.318592483763083e-20
1.9968164458432837e-17
4.012257641751397e-20
8.1553005429537875e-19
1.058830835757018e-20
1.3049793261343451e-20
5.61801223305539e-20
2.0179008556744867e-20
3.4191066978605766e-19
2.0685838183117925e-21
3.8030868134684244e-21
7.263322705231944e-20
1.6859351919356278e-17
3.7678755997126734e-20
4.2482491631441917e-23
2.589136030313241e-18
1.751398327685285e-19
7.54201642037127e-19
4.12653614690948e-19
6.2338653792331985e-21
5.784607640454575e-17
2.491678526876012e-20
1.2924969698051216e-21
2.848184634409475e-17
5.449351651960583e-19
5.086941418677028e-20
1.7538031884422465e-21
2.507404237970617e-21
1.3126399544080856e-20
4.509991257567705e-17
9.311674752124521e-19
2.7630980304369335e-20
9.045161307708373e-20
2.4721039249841937e-18
1.5944736532330693e-17
4.595600199044952e-19
3.6199487410179556e-19
2.953940017309421e-19
2.6942259172742843e-24
7.16281251396234e-25
1.2494902539492744e-24
6.012856851916532e-25
2.7633256771887298e-25
4.599677793332388e-24
8.605824492710771e-26
6.157042665667188e-25
1.1907265166466534e-24
3.323448632092027e-25
2.672571639754319e-25
3.4058070469023226e-24
3.0818326997993163e-25
5.48387465943949e-25
2.2208117977708463e-25
2.05082416782687e-24
4.710507335576705e-25
5.725288863994632e-25
1.1570372251894629e-25
8.008634086567924e-26
7.185440335985772e-25
2.8340612418199683e-25
3.777174083400731e-24
1.2527800817301684e-25
8.829880000659164e-25
4.159575176542593e-25
1.1054298332303387e-24
3.815053204710968e-24
9.080684068305908e-25
2.0490191648763574e-25
3.2979751845747234e-25
5.113963853505899e-25
2.703903783637572e-25
1.037101167270691e-24
4.7321228736873715e-25
5.521156270936728e-25
1.8965969561288067e-24
6.006338214139829e-25
3.839489096843734e-24
3.0564232530004313e-25
1.0165885357216816e-24
9.877554515903961e-25
1.5863609663107702e-24
2.106972794947614e-25
1.908477329271795e-24
8.707453156783138e-25
1.5601981966660813e-25
8.470382380111361e-25
1.6090668254760097e-24
2.5280408434175592e-24
2.2995596512930674e-24
3.736053378102161e-24
1.9455585126629368e-25
2.3480335977545164e-25
3.96356563026798e-25
1.6245129083617861e-24
4.0640123564796957e-25
7.305518162430024e-25
5.950697219712097e-25
2.355480482973006e-25
5.559638662403671e-25
1.1543370904031883e-24
2.307616424298657e-25
1.3365772745123403e-24
1.022644899158213e-24
1.5366267222730952e-24
9.664524957193834e-25
7.379785247626403e-25
7.653621716913119e-25
1.9282225627960154e-25
4.0876239290460224e-25
1.0900394660547987e-24
4.779917039156576e-25
2.4052161116763573e-24
1.6332616569535408e-24
1.2075549080274439e-24
2.6299121354064683e-25
2.221578090739191e-24
