7.429426595252574e-09
1.9362334037518893e-08
9.476222710508125e-09
3.801822713103191e-09
2.8065924081367923e-09
9.856091141348011e-09
5.790373649674707e-09
5.2757682641907244e-09
1.2865580078586568e-08
7.635664826748924e-09
1.4224940083878922e-08
7.3720232022755115e-09
7.118493082842247e-09
8.939615597686253e-09
1.1871401602220014e-08
1.1255762239503364e-08
1.2968618381739862e-08
6.01442881578748e-09
5.555651360979486e-09
7.284158670564993e-09
8.28392530949931e-09
1.3211120463819387e-08
7.808045386975524e-09
1.1276040261339197e-08
1.5121331055534133e-08
1.7566632336385056e-08
9.090345685334458e-09
6.052406513266859e-09
7.957517912790875e-09
2.0171377012522906e-08
1.2495532902277987e-08
2.42141918840983e-08
1.0673904952721779e-08
1.538506621860411e-08
9.111521988188806e-09
9.916523607880756e-09
2.5638977449363775e-08
1.4314962614325857e-08
1.2418746883656773e-08
8.548056000703143e-09
1.4862290541052106e-08
8.702159737103514e-09
5.013148252722078e-09
6.277226667212592e-09
7.903108616538634e-09
1.3203076171294284e-08
2.1735002043697123e-08
1.1686265599146604e-08
1.0972672341974696e-08
7.686933566602376e-09
1.303725917556732e-08
1.609219895966759e-08
8.343709873704896e-09
8.858888016556542e-09
2.7772153945770696e-08
5.069093314068274e-09
9.2498497444133e-09
8.585522238295243e-09
1.4087208921578816e-08
8.050036236868688e-09
5.27281844052252e-09
9.987819675653052e-09
7.843974769993252e-09
1.2067416559943174e-08
7.929044623351625e-09
6.6617782971330135e-09
1.715274922645478e-08
1.4972117434209802e-08
1.0959172105322308e-08
6.1830180074864955e-09
9.831299676858211e-09
1.4555198445267061e-08
1.185853099830911e-08
9.807597210197337e-09
5.071565255696133e-09
7.326775672625536e-09
2.537563951948809e-08
6.382561405948141e-09
1.0952701808282951e-08
9.558362369497856e-09
9.36651961927796e-09
5.113476282576335e-09
7.836243705218475e-09
1.7566109588064603e-08
9.031031284479129e-09
7.1655815887562705e-09
1.0951101787470165e-08
4.1414178664606e-09
8.190070075814787e-09
1.1704179796845576e-08
1.1514126443357815e-08
1.578445554805303e-08
1.503895291377275e-08
2.243386869284783e-08
2.466132552091972e-07
3.203019023574575e-09
2.935000190571922e-09
7.530324182259325e-08
2.2716955550101474e-08
0.0002913392700497005
0.002338331573176732
0.00010002601349558445
2.1368710779281226e-05
1.0477064341599098e-07
0.0020610195091148725
0.001271418523878298
0.00044776438661390296
0.0005176212519328641
0.0013039838589612629
1.9116791066281563e-06
1.0594778667844161e-05
0.0022184618722217195
0.0009885575755665
0.002038130861747693
2.0026376130648098e-11
9.338178398098415e-11
0.005859911416168754
0.016553970622659744
0.007906187494368356
0.012881035795004114
0.003266262477921562
0.009333602505530041
0.0064197508268837335
0.006693376324823357
0.015397333860052922
0.016924100294281836
0.130984519421287
0.4598422080712127
0.000304563081057241
0.9228755157602827
1.9626564519448748
1.4637788063983057
2.392658237029794
2.911115402384265
1.8955793326860642
3.737523394763206
4.319421163222834
6.451281706373634
4.976325761205209
6.142323914515337
6.5711517758831315
6.529020738703759
4.546476135852981
5.139145190093317
3.9726111235330666
6.023966982251819
3.5945416836362005
5.494250516505595
4.396028971167973
2.31587149504518
2.3021519935842654
1.4654014194458842
2.047017794042732
0.48303208128693703
0.4525730402171724
0.12111931222858775
0.1163438804427286
0.1205356374025493
0.05517613959811676
0.5032186456685863
0.9720191677247492
0.3676572567808769
0.160688450272069
0.30765393970013677
0.55968657336337
0.38733516210323754
0.38053635882384396
0.8755251871924542
0.637197408618636
0.6852045055955481
0.39486482052727145
0.7777961432177788
1.2395402969797709
1.2928546810444779
1.2726008364835937
1.6336367164596344
1.7317928654573878
1.6917422763099352
2.718688302068616
2.24212388072453
2.290110414400892
2.762028357991692
1.7194257712393197
2.4784469742173463
2.220191333666237
1.564158375065709
2.1949968573152794
2.4770442532202877
1.9274651566259287
2.1175211307275412
2.8911511065157347
2.512417956766398
2.5623817633032235
2.328279395531952
0.7478587680960643
1.4152145142796064
1.4472733369685156
1.3885234943897657
0.6425711847579865
0.6871907421962127
1.2073850598960434
1.7493942559356812
2.3832690242916925
1.6819947871850514
1.2357700454226803
1.8161606307226286
1.4084369707363853
2.5206430893675016
1.6853743141251465
3.513120044336794
1.237346439586196
2.096280032956546
2.007451298157919
1.874056870970683
2.097146890857074
1.1416831288249836
1.4879151644701942
0.824215929998856
1.2588084128835135
0.9069908894480926
0.5672096962275641
1.989122909499122
1.875515077694807
2.325808898543716
2.3792870847956995
1.3420327098441727
2.7758115015111486
1.3450203923699946
0.6425781081808397
2.2861604235548714
2.866326237861874
1.993791142781303
2.470032740944681
2.112819534171502
5.271758268617013
3.4177195998383816
3.300418432911106
3.96549254569938
2.6004694771748746
3.6772701471641627
3.204335857795087
3.392273440892433
2.7531004359884608
2.693028949067318
6.491357228328297
4.416216412943931
2.3429986521876236
4.138934581605418
4.075196602500614
6.125527199419395
6.010166586750331
4.454242211080445
5.16344364693568
3.0378219852205044
4.042315768756776
3.005709764665927
2.5369421220626873
1.8019967976797908
0.775365158775191
0.5691656984744705
0.09677868221530837
0.24505380769897914
0.09579461991520298
0.3997339537801872
0.567089848505591
0.124253488579629
0.2370884195121068
0.3159439622538713
0.1825747603725421
0.15996055201113082
0.23166325624824585
0.8085349911283136
0.4673604012619711
0.5069181345919834
0.9854282893057912
1.611301044891703
0.7372447754188383
1.8931028134532681
1.902264200383852
1.5533922697861244
1.8363529296505308
2.916336516254037
1.7950019464009759
2.739189687804855
3.43835704975703
3.9994999661476105
3.675865125982021
4.304297438532503
5.498883286063704
6.602939744905724
7.561679289127439
6.4149346253387565
7.570959598800095
7.053080743875204
5.1156057421082775
6.997968726451913
7.484034435638278
6.730502323394612
7.7797203309154
5.031461963560026
6.9898379662596355
4.934881141011397
5.619560611148972
6.482875437726306
7.36692239082097
6.85478453975134
6.949001288028283
6.774469930369285
11.29057448738813
9.560678079447573
9.496488473675234
10.110064815448617
11.245678109662542
11.968508284941654
12.784714811217363
14.010050161516943
13.918790089363828
15.774122396107513
18.76720909614818
21.6872629089276
21.48983121348963
22.267099333254365
24.790118724022832
27.529362260128202
23.438898366968875
22.45736592802477
21.54040530404566
15.998685128513639
12.879026223223514
8.978555205511176
6.327551945194092
2.8245809710804606
4.496010754710419
0.8479207810987411
1.4744394576915092
0.7803629217258506
0.6386524459122279
0.5249088923106223
0.5136358277582161
0.12774967581769633
0.18993605109459427
0.0415698980550114
0.10042764217792702
0.26718752860905753
0.17690168774614912
0.06646803347292692
0.2546187554959261
0.14345324370742404
0.40858323171615485
0.06498103502181905
0.007586993961480081
0.05722988827528392
0.10548577899468853
0.17661318003505141
0.1183462649894165
0.07884111672860318
0.2311752658982097
0.12955848308505796
0.10841773280378436
0.11637926019344869
0.29259015744834904
0.3978461751064164
0.3027318707172688
0.19498841923001065
1.2618882449901472
0.6715983609277194
1.6427966880721132
0.8341697327210041
1.2476935478276268
1.051035795910075
1.8664506884295318
2.2590754456221402
2.0993770456683993
3.179388250643951
3.375542654462978
5.068826417868005
4.760407929517662
5.498479308588964
7.104668101477467
6.623363834215267
7.786610777085518
8.291508094017184
11.088703213063019
10.788561809357226
13.648945769596367
14.002809883189391
14.978267612794674
15.538810759497949
16.847128735957217
17.97808720016879
20.55744095633832
24.18903175659287
29.659106199180535
27.478230933469064
33.52264295077011
37.87246854723549
39.28570390059088
35.474737344149176
38.74868808878212
40.638747373287686
36.46028129002005
31.787593785949767
27.907644974134985
20.911672015652957
18.401816463912954
14.496882882266224
15.265403223693225
12.176308088176125
7.440431582277375
6.814875846346993
4.493695697294881
5.310598837755917
7.804675757597292
6.816003912983431
3.96832910754745
7.164454056484587
6.052348812255631
6.335433277867357
4.66048070171365
5.9760411785200445
4.654934805416801
8.415167052032048
5.645163548960942
8.055902231175441
5.270007876231564
4.589930090383564
3.5292777805984477
3.9552521571029366
5.46001677340149
3.531306985213684
4.094685300317695
4.9285401563788245
3.227951965272355
4.39878185260151
3.0244168149351514
4.325158776180327
4.091978631496836
4.79341705719187
6.5199144845173445
5.510084644361597
5.4060094716997416
6.679875213225264
6.742012346322676
8.008604139442173
9.152759866870952
10.555564696852791
7.468877495831033
8.353569611555136
8.277221899930405
8.278414448908947
6.8049981184405395
4.489906989069136
4.756141183688038
4.024585022959211
3.1041778348791227
3.968116919024976
2.5019469035295114
2.9397742002449085
2.3467703266384063
1.5003797064007705
1.635074245136837
1.6776902761393286
1.2397689427031489
0.42214828511841757
0.21485052155980425
0.5004788870234497
0.5483159860290017
0.2452584372817743
0.24370905541825325
0.0667114150999082
0.26893701059279407
0.15891528516061929
0.3515245185443552
0.1575298805409324
0.21742933750219098
0.2644934481124207
0.2175661121688411
0.03409207866166229
1.0347200413749298
0.14739073585972487
0.4181875705368127
0.2576055399163637
0.17515669515313842
0.11096149728188341
0.20187686225517626
0.7627311160100124
1.0583906094950712
0.4329878948132976
0.5233360803285345
0.5172200783772567
0.23943438607092762
0.2546754742201621
0.34897974728997705
0.07112846284942374
0.9026254338062071
0.16966544146265253
0.893398260505224
0.40299926023574073
0.42714579517451934
0.5788278945627534
0.49128956419449854
0.8414058206236432
1.0902772721097904
2.314038109798607
2.3858465592761458
1.3660006595070975
2.1845396474175724
2.8944045859281466
2.102660144475405
2.4217750629112933
2.7110082578767756
3.1374132115921975
3.2078526338546984
3.7087969620973915
4.371054881553932
6.131661270678707
6.147138079962257
6.454520548044978
7.051138953483936
7.560249715544397
7.414288601888346
8.394407088499388
8.503515683705245
7.97542631587643
9.684421029701276
9.06151760781021
10.385677960854343
8.194856595165122
11.48493076662529
7.3421688107805885
9.265224043717579
9.424520341428753
7.481370482854334
6.092602749558543
7.295371109345653
4.766879370660267
4.812842351183246
5.53941491265931
3.9090325481680543
4.144238761729755
4.541495796111529
3.4830219663099298
3.042366045386065
2.079721604829748
2.131566033381503
2.5880208729809207
2.431270700567926
1.1507543739246469
1.071465690373784
1.0471669815132763
1.0876373367324657
1.488590754682304
1.2209815091969178
0.5501322385343327
1.1772458769162133
1.0937101346498483
1.4490789018100623
1.4308290162853845
0.8634758479929747
1.550677490510338
0.9604736935361908
1.9163139764263069
0.4065121423571716
0.798380369145239
2.5699482723790132
1.2306972180612576
2.3303560231137546
1.9577424126909944
2.4825634402225982
1.165024050210081
2.6417821323242285
2.2803205279573238
2.197652513354822
2.2622427328740966
0.950374226982858
2.0596183270015263
2.316679275700478
1.7831260793483381
1.8179925864660467
3.446654405148703
3.1483803585421586
2.443060880355236
1.863294654145226
1.753359885249827
2.6745864138123423
1.1159612671417272
1.4110962608930866
0.8089234842428022
2.11123303724991
1.2949318352779693
1.9226859733185941
0.8087241106378078
0.5646151213736598
0.11688036612117021
0.05551211982124518
0.1736118514321027
0.08453105578486018
0.24125409113102775
0.6243963725112485
0.26798995755899124
0.15746154444267849
0.3488521603991875
0.3115711804169668
0.41599322149024215
0.2028539609575039
0.0756674485411561
0.4080046843395064
0.03026396224064093
0.11623252941770987
0.18022078508259182
0.29845626751277543
0.21604241048319214
1.1980701843994768
0.6358963110806372
0.860644255441329
0.5073822377602276
1.524114838520827
2.343843402781924
1.7953858212638145
1.7247186943660366
1.6281799645603967
1.8722849802916746
0.965272581099114
1.6344570827654359
2.150348182232172
1.7569897048945036
1.5145167094835827
0.757433497581063
0.611757572061602
0.7036784152695166
0.061474438218503805
0.15968691416163527
0.22609888368628916
0.4770491260949308
0.4711953230999507
0.47363401172884323
0.0948822439209909
0.872301889073755
0.5146540295284212
0.8459063804944332
0.3911730921814698
0.6784838465026582
0.320456028886134
1.0086426983096597
1.160147353816856
0.8876084196766459
0.9392807616094142
0.7124264639311284
0.656111571819925
2.3940881692068565
1.4440883646239147
0.8169238984385749
2.2708110544092546
0.7665486029389895
1.4509599760780167
2.8193280692947593
2.6410297116691206
2.460922140635775
1.9618425489304663
4.182121310184814
4.2316306682199665
4.212247654972321
4.458155948436856
8.04979756918286
4.87694132178321
6.271434584223914
7.603992603655047
10.399193252000561
12.063379958306623
16.69418721688704
19.69731205793635
24.219131072823924
27.310617211235627
31.663492925025672
36.6372101743379
36.59587683464073
43.45190414557433
51.700889480907655
57.31017607498856
65.78264226300867
72.86432564163913
83.53588481551122
90.30145827147913
103.62769457707346
117.22474552662506
122.3927471513765
123.41663983521983
115.10589455263614
103.56424031494006
85.23506347739549
66.80096922135634
57.42034818887208
43.55894529522143
39.269036394285095
27.169767928357402
20.68952330554966
20.93754061945146
17.12512756247478
10.986452206265676
12.29848289763264
8.951007839313815
7.693187115359771
8.910807041898169
8.570785439955117
6.694250062634575
4.574178758630103
6.121391547082658
6.044771694323556
5.53141937632786
5.536264397113491
5.144170849693201
1.220684580570083
2.7320975234253564
2.4102888255870107
1.92194369732711
1.7806598662712578
2.497684294263063
1.0303252696188945
1.0863837296057435
0.4050526537670367
1.3756534035530061
0.5935913281098956
0.4100977982492601
0.6425802133543862
0.1793930559237909
0.5433345938787694
0.6937860660300808
0.46633004204770795
0.4514197983706746
0.04584921927226036
0.3249689263035565
0.273127895042772
0.6875565727783038
0.13684060849297558
0.13986695953404127
0.3866570458870439
0.21418084520340974
0.4569356617958894
0.48613546178552075
0.33002639798616995
0.17631292044136967
0.15658070670167948
0.3775007573992036
0.38853195104453053
0.6548147326459844
0.38528517030489506
0.639004725701212
0.2331122699537095
0.7089479039183139
0.8539863203970816
0.2503107419211813
0.8265394415331581
0.9106921440656365
0.6240725357323762
1.049389069757494
0.8911653666685136
0.5135670395937963
1.2898343141441333
1.4988052602018207
1.6472163131969983
1.1401454603682992
1.1104935323578522
2.72413183431229
1.3711516025363266
3.3059862187800437
2.802486056699887
1.31705819918581
1.9346034095011961
1.33234615871215
1.9096709835192427
1.7027003862281223
2.2908501878320595
1.9615699803639575
1.5248769438291714
1.8531411845407848
1.007107774291662
1.690901457148209
1.6291781670494705
0.6518802417299793
1.4607844491495061
1.0789384726699758
0.928722966718473
0.9073919840280974
1.5280902862369445
0.24141913175758736
0.27274802685915095
0.18332957934338995
0.371264430565936
0.4988633756320814
0.162282527285561
0.6515502400975252
0.9104897293029529
0.46009489980077467
0.23798901583420695
0.2904940774613437
0.09023668607397085
0.342135798149903
0.45103119645918693
0.12813993382087405
0.0605474958226372
0.15022741042738924
0.15778634326385027
0.9971282345368712
0.2529383434146628
0.38778215338619093
0.2283357406887605
0.3834742480724175
0.17694551131531178
0.15671440937322012
0.18605849506389777
0.3970860927683391
0.3932685571189195
1.0447997333019248
0.12870924452309956
0.5239501659816584
0.4248450972466591
0.06190148447423412
0.12561358672898665
0.45211329571809866
0.3487486381336612
0.0938692675759054
0.1404135800624267
0.7034805943120372
1.2575357232795918
0.6359106160477463
0.6232552180489508
0.3687762701753375
0.5201504301572601
0.3903178981700487
0.6552351069047397
0.30075971799516665
0.5818376218083512
0.7965741196023384
0.6930807211389765
0.33757169053461344
0.7290315498749182
0.3310182764492787
0.6493471959625078
0.36421076173567934
0.37030850326726866
0.5405864964181438
0.880464568926348
0.6438229582687406
0.8048692614671088
0.3745501363800291
0.396590288805584
1.6057521341027898
0.6275645239370732
0.9548731684362652
0.7594653853641805
0.4693232585267948
0.5015414428049139
1.021258139985892
1.0394769622767523
0.9734499509233292
0.6339927992969112
1.1989367470113639
0.5678537228930491
1.0951691341782652
1.15825280123038
0.5577695025419763
0.7346669638388612
0.5795207557183574
0.25604670478216823
0.6635064491004831
0.24880756539500537
0.33105485210965424
0.17143790563228262
0.7406614547948568
0.7257681783077627
0.6521053468537947
0.4501233777129175
1.0981281155989653
0.40589622757478505
0.7389375722386701
1.2825717642677648
0.6420750587644618
0.6241643596969548
0.2656170521874376
0.4203789542997447
0.39670573556001454
0.29230861817863885
0.7240628130522411
0.6113336656396209
0.33707336286292194
0.5399840486455688
0.5242561457208638
0.7866668386685547
0.9601028079250373
1.7527273824870375
0.45635547402469717
0.7802465515887419
0.21736407161008173
0.8469281188502918
1.3749796704214083
0.719673879620818
0.9182872793502148
1.2739843946607055
0.7622235360482686
1.432706323663703
1.7909021422525522
2.0988396545646726
1.5159472444508613
0.7108207205114275
0.4333670452972747
1.1301917539243282
1.4111887235171334
2.469390002972544
0.9208163337980726
2.33088641982441
0.9281407395184075
1.0055834272361408
2.2641373959905184
2.2630783381099766
1.8136160841391908
1.952381248403041
1.7366952427499693
3.4188201402303635
1.8831972969125834
1.7735415609055198
1.137152000242156
1.993006306180718
1.8167730917464333
2.1932154488318587
1.0874327065713594
2.241074818701998
1.3804113601564187
1.1782828651516166
1.115462582952012
0.4351845974307776
0.8607768515578026
1.6031288558450447
0.8198259086932593
1.3470460583346346
0.8700688144904674
0.8918368163444703
1.149211018093603
0.3463877336408143
0.39750571940333246
0.5573112186595254
0.6195644154833765
0.6690244930936877
0.3816074599006736
0.6193742096421085
1.5017578598413943
0.7060092885317305
0.2919638849516192
0.24149819893502528
0.15709974126361265
0.25478941560794516
0.18296274639791435
0.2996409221039483
0.23719861495683836
0.168617377365725
0.16040777539631149
0.6724752594604693
0.3737914748503604
0.14825385816717032
0.22740955675129354
0.18831820409160394
0.20658797510536137
0.03888370754400303
0.28502174410378556
0.2717816760894395
0.19552827995356709
0.11609913595677299
0.2685185748191082
0.4022869826311051
0.6664844161859007
0.20561143047053074
0.9535813051223717
0.37124840918005086
0.33934300488439095
0.7504915483329762
0.3257648111110669
0.1771327097034067
0.10789150934717771
0.17949439181133744
0.1860769999001465
0.5286003592019263
0.47078591382813606
0.2853028086329148
0.6504907180525984
1.2901011333760941
0.6094129326023592
0.9376201824139245
1.8170757270953937
1.5834136668051841
1.351439918382989
1.0332839005286294
1.9737714584353512
2.98813122987294
3.3265409481524446
3.2809801809919357
4.632756865838459
4.2350178866958865
5.761019863198623
5.188842039494414
4.489091876156572
8.412307455981646
9.145376402277071
9.413081648749532
10.758223078358187
11.237110957239013
12.276448951099189
11.924384581518954
13.527404334576039
15.219962060859364
17.98720659746303
16.673363797280537
17.809039813142967
14.925193186175653
14.539480527378487
13.784192747309438
15.310842194250345
13.536512145543359
11.040306445087964
11.180397017423996
9.839625938732645
8.936370734803877
8.490918290938309
6.098979188140113
4.650390480169616
4.771358702805712
4.083487573797888
4.404583288644387
3.854960147362217
2.627107785095507
1.8733632966507987
2.6511894199402644
1.5678858738553918
2.9184067002092866
1.663361907998346
1.1895867123736563
2.3027571232789064
2.0320221150372015
2.7050048255847905
3.5569083414744034
3.6349598947038024
4.0840165127594625
4.227650764069479
3.186861965493512
3.0048551581025102
3.755185513901796
8.947449102386663
5.194838573751502
7.723320255275389
9.542004828030365
14.16046462586051
11.795829763804996
13.47454421748682
17.8607039689859
18.848382394649366
20.943366579327524
21.04183950529521
26.737317755676226
30.475223259866798
33.73232925899728
38.23421812492271
42.87039675179301
46.47172542513149
51.53542456622901
54.889986352888386
60.288078295135406
62.43546113468828
64.11685151850534
66.22383094098853
65.28260364017679
61.937180336267446
64.1902005964579
59.53210122242148
56.46084970855411
52.5992424020581
48.64091845112972
46.25912371260212
41.93171600535761
38.996156293432335
36.52686983313203
31.22180168404786
27.120988451586257
22.276317293946196
21.881770612528815
17.3484937268317
17.0972534049984
14.8791364750817
14.807367175936392
11.89207258159825
10.438825130294678
8.781793148433334
9.689707338308954
10.207369902044922
7.950946233303011
7.270176691565985
6.258880672897456
6.358731090243125
5.816428034756135
4.085791166896584
3.7331553097905212
0.7218820650761116
3.281361060568075
1.462329617671617
2.523365906557892
1.0910557969573993
1.1668222820665988
1.8663991341871649
1.545362669140052
3.1796492386960082
1.7540505585979667
1.5977910088208869
0.3245615658544923
0.2535181324626122
0.2072732343064861
0.4409458414234907
0.23806919167862073
0.21815426594290735
0.6034661707000903
0.32789688962984836
0.1846102763670656
0.17256420683850748
0.4810871809246322
0.37402729433081394
0.32169788114002573
0.6847793748444014
0.033820216559923885
0.2169110356933741
0.6534113879647833
0.2530716830942328
0.3806781700354509
2.529532964454681
0.9456230597789769
1.7272098003150953
0.9679267121680842
1.8309422524380292
2.707016961439252
2.1639600152089122
1.4531295252153007
2.231582498010706
1.7806709942129793
1.4058579360494323
2.161799187955895
3.806803063854721
2.9029086728340165
4.605295012904773
2.0747593294741282
1.578771595720695
2.6567308937934992
1.469399658034323
1.2094396793016533
2.0556467499072197
3.334765713917953
1.996039421488814
0.7244107588359805
1.7630409823887827
0.6277895463425996
0.9313090994639659
0.7112175569705507
0.6163007108125641
0.5592952910719503
0.3661572437902996
0.39812655510390704
0.08019150647481983
0.09520407757678803
0.17105978553082007
0.1647541499133644
0.37944202802990845
0.4364882674749197
0.11471867285396628
0.26355974797637344
0.22177481206272354
0.13113040769764098
0.36110976863825767
1.0528736616391376
0.20190743682211376
0.2159362091800812
0.22336979229612486
0.10114038667643785
0.034940027655550224
0.17872887165922402
0.37257577215332605
0.07372451451670686
0.5149232982367028
0.1858586973786982
0.17227890450556346
0.45617425718086774
0.712453999367483
0.7549332852682237
0.619450224144107
0.4900588894766862
0.6664712551850142
0.653068097003491
1.208041346377271
1.2350684336356543
1.5333601534401686
1.9300562159937131
2.0170861781451515
0.17488405554869335
0.7460026161985609
0.5918436016301536
1.0400445838216605
1.3823343585571444
0.8740848225993448
1.0708002410542523
0.6776503597616359
0.8714331358666868
1.0324202663680662
0.6127656090870706
0.6791191055821505
0.7398550489861502
0.8086520526866101
0.45161260509014794
0.8612122714697046
1.427744482728593
1.4280007477324042
0.7457733319547583
1.163345797915621
0.9196140697756005
1.717618336474291
2.2048842570954257
2.5118278358546258
1.979661663514186
2.510639313141694
0.7413841798106945
1.1920785243129188
1.2100772575469183
1.9724915473596676
1.3586532755513043
1.8650980973466338
1.960691825939676
1.3212280379082044
0.6197738896064219
1.8736394908765026
3.4832098305239523
1.144365761862488
2.0296977802853196
1.435919725693255
1.2913340899483836
3.3629887783510153
2.4589550837462637
1.2544772874402017
0.8932283377186364
1.8510818621140148
3.2961590372710403
2.942626162841448
2.5862586463343784
1.8217256844857266
1.2883850125668281
1.776976649044355
0.4212048036046887
1.5506579100706288
1.0888468372623208
1.7546236714302517
0.31553079016996444
0.14429123705670788
0.2144229561854127
0.44315257195026847
0.5466145470073714
0.659358833329946
0.6606984585333019
0.9055736554954412
0.9818253029158921
0.8484467080888626
0.10581475311948525
0.5073545506000248
0.23247886189920403
0.21195632088196018
0.30782283738181526
0.9062466686461449
0.11354161731409769
0.6365405558885052
0.8514249891193424
0.4112420049939639
0.10697831922865725
0.4653044357582923
0.0655089998541367
0.035800828958263586
0.5297374033391774
0.02092442001078875
0.5096841692213041
0.1588325625979105
0.2695418970449682
3.091916632367481e-05
0.00541877427743606
0.006424486653211799
0.037499746380231395
0.0008665891464713721
0.005888754556608569
0.0014798010608449788
0.011599326491157408
0.17777100075117508
0.0002326101111386939
0.008965733474431798
0.007317311989358114
0.006191131404215447
0.007927836406581037
0.00832787539955156
0.011056517010725903
0.002422527857661696
0.015404152912350802
0.018955397136455047
0.002507320828012025
0.010985214679134537
0.009610411658469115
0.0006179093435773712
1.0340912783025013e-05
9.148573692585328e-08
1.9145477656859443e-05
3.2418382682544745e-06
2.2942210954726084e-05
2.2351197236533028e-05
5.512562142878369e-06
3.010686298103235e-06
2.5292819561284958e-05
4.5136010729572895e-06
1.3936241247346725e-06
6.183821051563062e-07
2.598004417195615e-07
3.0148554222803552e-05
1.5238309165766622e-05
3.649909480497801e-07
7.05645825866704e-07
3.9834581958879405e-06
1.5801800856522427e-07
1.6984462162609421e-06
2.215273421399866e-07
6.026910226223225e-06
8.191915394271204e-08
7.388929739640972e-06
8.203331450851536e-06
4.4454074446961875e-06
2.324418033672135e-06
4.192202675580042e-06
1.4102590733101023e-06
1.2420984323567633e-05
2.1983820662516685e-05
2.042614252082855e-06
8.590758531200313e-07
1.071114776832316e-06
1.0850683223328154e-06
2.4527483568351147e-06
5.017021796542018e-07
1.338802489350668e-05
4.6169027558094945e-07
2.0518310459251886e-05
2.2467489308706335e-08
1.3592611725221449e-07
8.503679637777715e-08
7.255119796823267e-08
5.0652521314994255e-08
4.9772999600148256e-08
2.3314241868255265e-06
4.203069188282993e-08
4.0813973697612383e-07
1.1312092224040767e-06
2.609880555486616e-07
1.450778410033444e-06
1.5832142129621232e-07
2.52577396159797e-07
1.586373014238337e-07
1.1151504791423858e-07
2.3129198386943826e-07
7.814093710896258e-07
2.1192960663431016e-08
1.578340071743847e-07
4.2492364841254374e-08
2.0830843792950408e-07
1.6364727451243953e-07
1.8819454473827923e-06
3.3149032056357124e-08
9.056461336859928e-08
1.33760688945307e-07
7.629813013707595e-08
6.26509462363384e-08
3.8952480050174676e-08
9.421711982536035e-08
2.213622058415574e-07
4.8752524507207015e-08
4.303427664494378e-07
3.601381809335998e-08
4.7348102263208336e-08
1.5295752660100324e-07
2.9680993077048894e-07
6.617954447590272e-08
6.028725780156765e-08
1.803252150749217e-07
2.2331673995608528e-06
7.378004192024556e-08
3.2706052548731507e-08
4.223153360328098e-07
1.1901785819145571e-08
7.470224436784695e-08
3.3475229326375596e-08
3.882690539625981e-08
1.2012214607404987e-07
9.449762882229367e-06
6.975883007555369e-08
3.3319665165265186e-08
2.9442767900788477e-08
1.2320388343628391e-08
1.9505638326305101e-07
8.988293777955218e-08
2.4607908512485282e-08
3.393291264771115e-08
4.846810761150309e-08
1.2662440212785524e-07
5.694080386500236e-08
3.597286163112735e-08
4.144647694933161e-08
8.060791591549371e-08
1.8644576028669278e-07
3.389102684458508e-08
4.592713019702282e-08
3.7817546344027304e-08
9.726978897949563e-08
2.0602113944729305e-07
1.5829063723961371e-07
3.70685808494441e-08
1.2476617146285915e-07
5.60514294204916e-08
4.276750368986128e-08
2.4705775559226386e-08
2.7696124374350673e-08
1.2275010213325091e-08
1.6135253662526507e-07
6.645443511836277e-08
1.6080247298859124e-07
1.699778703587083e-07
9.688926186085288e-08
3.6599056892501823e-09
4.286621716131197e-07
2.7544563611404438e-08
2.831886788690932e-09
6.447026975830804e-08
5.5505852311932165e-08
5.746486879898688e-07
5.5687522180636925e-08
2.523672767518909e-07
3.863074975239728e-08
2.1872083885802167e-08
2.2957537707470714e-08
1.201756495159323e-06
2.4395390551134997e-08
8.6759761436103e-08
3.748085369358438e-08
3.5616337600022346e-07
2.2258637609707426e-07
1.8852964068894188e-08
6.480865775190782e-08
9.336351427059803e-08
4.437287114234536e-08
4.359104551198917e-08
1.9975822697672217e-07
7.909576283653857e-08
2.6192985672365486e-08
2.532714855039865e-07
1.5194150683222518e-07
6.838280808019932e-08
6.875073531339911e-07
1.0103218394065733e-07
1.934729599163285e-08
6.518106091853947e-07
5.0546487481359104e-08
2.3519634782021144e-08
3.210068500208964e-07
1.82589761192825e-07
1.7522066794474557e-07
4.8766641496098545e-08
2.291039645446294e-09
1.5578909353662974e-07
1.0813274126023296e-08
3.374189234835173e-07
1.1050494247559231e-07
2.516537116916147e-07
8.087305016281242e-09
8.282627553046523e-09
2.3471573987357732e-07
5.932394723078231e-08
6.103123660852544e-08
1.0673905713775063e-07
1.3167791361772617e-07
6.986370889517452e-08
1.2687298781036143e-07
2.784163766734676e-08
7.563847294164626e-08
6.958410652868599e-08
1.5178805928365462e-07
6.697952498425727e-07
6.250280010578781e-08
4.1085549087195436e-07
3.7946136311745816e-08
3.854452101411247e-08
9.936742114643634e-07
3.2886262773348656e-08
2.2757885485465595e-07
6.345149265167602e-08
2.299191804170507e-08
1.4827804738846364e-07
6.79292745879016e-07
2.44365551347654e-08
7.1862995905942485e-09
1.0301354212594413e-07
1.535295975966973e-07
1.2833656813086833e-07
2.2139510064846582e-07
1.1280214766862633e-08
2.277940540181397e-06
7.392154009275207e-08
1.0733306916574561e-08
7.657416692330434e-07
1.5821781340260736e-07
7.64178311358897e-08
1.0417834998657059e-08
1.0767845486027926e-08
7.783502460837971e-08
1.7359766728595425e-07
3.931533521345078e-07
3.2210062027353455e-08
8.379950526642036e-08
1.2575894718545008e-07
5.689119460457323e-07
2.2738576578707314e-07
7.775979035170517e-08
1.5686758553046164e-07
1.838953608613153e-08
1.257163990581966e-08
9.894587776650931e-09
8.329470769718666e-09
1.1487830278796665e-08
1.5686241815479666e-08
4.464680292601245e-09
9.449125085348324e-09
1.2074177922950677e-08
1.4086934993299312e-08
5.9106049394190395e-09
1.6476141220213816e-08
6.153080001549883e-09
1.0961691451818104e-08
7.979328105332837e-09
2.0009916522666658e-08
8.062422054689192e-09
1.3384757560807216e-08
4.134339252430766e-09
6.286826984155885e-09
6.541459443045383e-09
9.452748747074527e-09
1.1159303870211565e-08
1.0710168970939127e-08
7.187774855720162e-09
9.50155264763481e-09
9.799930809240677e-09
1.597317414265835e-08
9.832725247556724e-09
6.860835979153345e-09
8.287715218935251e-09
4.601941689104953e-09
8.074601437155426e-09
1.0457175574088622e-08
6.724606116378523e-09
1.1739820714024914e-08
2.3926749950017273e-08
1.2520900046115686e-08
1.8059836681616305e-08
5.669822093339519e-09
9.015952771301698e-09
2.128746122098317e-08
1.8042126229163044e-08
9.156714686069996e-09
9.881369652097936e-09
1.4155099921845488e-08
5.114816549874437e-09
2.054509553895823e-08
8.493773585799212e-09
1.7386219846046155e-08
1.58202996146039e-08
2.8016023005733766e-08
3.972932704087543e-09
6.509259508211217e-09
7.475040841700857e-09
1.3983909750723972e-08
1.1623660181608588e-08
1.253888566629483e-08
6.8141618590443094e-09
7.483736030353243e-09
9.58716037574709e-09
2.724436599594285e-08
4.593551159602815e-09
1.1485863510868264e-08
1.1923743760066601e-08
1.3396708424507537e-08
1.016960248163519e-08
1.0624442990852466e-08
5.701744125281365e-09
9.367133953604101e-09
1.2482046639632892e-08
6.4880260070084465e-09
7.233235241915533e-09
8.881334723012564e-09
1.7334265265198942e-08
7.660825612600635e-09
7.116630680756979e-09
1.6087590046193875e-08
