8.960351266257844e-10
2.2921139222269666e-09
1.092616995215366e-09
4.281893982626813e-10
2.938285813287726e-10
1.179958039366094e-09
6.193557146988326e-10
5.911996621093077e-10
1.5413595064966383e-09
9.077482222579576e-10
1.5637288766157104e-09
9.216488558821618e-10
8.175479877782745e-10
1.0064031238981397e-09
1.4075210798677605e-09
1.3432510978905207e-09
1.4004461831213853e-09
6.351894799294544e-10
6.189197355039864e-10
8.521218176905906e-10
9.153738474228217e-10
1.5356177653240993e-09
8.868872647368491e-10
1.2998713646509372e-09
1.7372467512887606e-09
2.122851272146624e-09
1.0428017209271532e-09
6.397532023765991e-10
9.279301565178718e-10
2.548214767591628e-09
1.4124202411312576e-09
2.9490174231844165e-09
1.2902392524368433e-09
1.841121794479885e-09
1.0093423928691281e-09
1.1458770707639507e-09
3.1924523466053968e-09
1.7879704504535743e-09
1.4733184101597176e-09
9.355161073523296e-10
1.7474904755225243e-09
9.910757522847812e-10
5.45478887394655e-10
7.310730184657715e-10
9.19131378497339e-10
1.5703973451920922e-09
2.676786817074034e-09
1.4021610861492475e-09
1.2945273015482975e-09
8.688852914234099e-10
1.5990626789522841e-09
1.927178988480392e-09
9.506600684028596e-10
1.0093549817330349e-09
3.451999520246571e-09
5.659021441940009e-10
1.1127645720853042e-09
9.480786374818751e-10
1.649421559103389e-09
9.799901393237867e-10
6.013600908167387e-10
1.1690146071010404e-09
9.224720927227327e-10
1.3160552025386335e-09
9.155996503420381e-10
7.503776756571726e-10
2.0772368611495364e-09
1.7354389729403648e-09
1.2415686373050036e-09
6.708522360380442e-10
1.101138760656377e-09
1.6634463293111811e-09
1.4044743657588093e-09
1.1458203661646924e-09
5.643908354425098e-10
8.112086605979841e-10
3.0948081164075164e-09
6.969317756901732e-10
1.200801079424374e-09
1.0876479014253433e-09
1.0548118439394432e-09
5.472966586418228e-10
8.638928395147484e-10
1.9909688957489533e-09
1.0498906146951996e-09
8.318183076834439e-10
1.268972160721569e-09
4.267283609481612e-10
1.008061747567671e-09
1.4207312332953778e-09
1.2300177078065255e-09
1.907873893659779e-09
1.7718142583521727e-09
2.779191918904327e-09
4.2451901956546684e-08
3.4677267021339216e-10
2.965025751019509e-10
1.473044780134366e-08
3.787687213539013e-09
0.0002003981215342752
0.0016894043307250414
4.488695845586143e-05
1.2068451387419703e-05
2.8827702787126115e-08
0.001310578936177341
0.0008994057248609714
0.00017384983855951193
0.0002164618544048892
0.0008589333785592028
7.011098302505118e-07
3.427897413664329e-06
0.001617619901126618
0.0008208452214037532
0.0010393313917522425
9.595217437019415e-13
5.41865641187804e-12
0.0033452969534916283
0.011308489765278696
0.006479314083725288
0.009246992161349363
0.0020969966261490643
0.0074619500463930025
0.006975552029644235
0.0031944133068779025
0.009378661568136127
0.013768828763780319
0.13715798076555402
0.516582568311562
0.00019480597096162232
0.9679423391337886
2.1570813871586956
1.6183820573693877
2.705431936920216
3.2400885869307117
2.3492538254991793
4.251200550436247
5.0436429485982295
7.348242553334489
5.82124882265978
7.0902366288504455
7.60648653201272
7.548249627515948
5.560715749514627
6.151476897581414
4.918699253950074
7.195523403253826
4.570759910413983
6.328092810670287
5.3026573554843
2.926618506262112
2.66207723925504
1.7249260836495408
2.2768162543833808
0.5083427693940576
0.4206870880690658
0.10579283673496617
0.07572338260743355
0.08087867735660177
0.037688705952095176
0.46747722911659284
0.8970399916313099
0.32846717696643124
0.12476721058267566
0.25719787625894064
0.46961159416396436
0.2779149374351509
0.3108976605276186
0.7534302925307592
0.5177176811403446
0.6441379848602002
0.24741036780283193
0.6433379299438364
1.118805508110356
1.3119918380122797
1.2348201820812015
1.633141857318059
1.8848264936908699
1.8228397201701607
2.8459126039693508
2.1323703861484624
2.198771907675901
3.0647230028160553
1.9175620264362416
2.6102125608809965
2.381613082370553
1.6698920245610362
2.541839712380403
2.954333546921316
2.2194837333433304
2.577495363141852
3.234255238845722
2.750474581531661
3.0424597754016296
2.6208693892783126
0.8093047608518757
1.6687878534906528
1.6935907364069753
1.5219098407197627
0.7325642140767764
0.7284664050657327
1.4630198049396017
1.9672431102941574
2.6064617277381794
1.850917539434063
1.5197294676417052
2.003335476356348
1.4718401180601512
2.719634627117004
1.8947176313536216
3.9699918093502067
1.4204781823395054
2.2238306073362613
2.1729854809148654
2.0698293334237987
2.3492598589062936
1.3198759179072341
1.7167150359388779
1.0021202602004537
1.5885548403735388
1.0124107261601074
0.6329099657684812
2.2640978053381047
2.1523090568915926
2.6681699571711746
2.5686544912085236
1.5720783967552663
3.0581176218657213
1.4643088750193607
0.723788990858585
2.575562122464922
3.062863371124411
2.3483636980742024
2.773990152702289
2.4737750209815434
5.674593790497183
3.7937686428420463
3.75080741031466
4.191972476956346
2.903969029532749
4.241970110563348
3.602193804729009
3.9300654021894696
3.1779176354747087
3.027524629086022
7.245160416517718
4.864719016729195
2.724577997087217
4.408627642677553
4.602821024994434
6.7324287234320455
6.582467642541394
5.130515916826934
5.831004969439061
3.6203172789548383
4.55505549998008
3.5243987550180593
2.8635082977188744
2.0495530692438755
0.8409674457117593
0.5225173540212694
0.06856038471493504
0.226175399683066
0.08526539791245163
0.43436835712079297
0.5542238056779454
0.10647395066851192
0.22895866696552547
0.3012403531629786
0.1824070563895191
0.13181581209308726
0.2198155934869886
0.7725160613219278
0.48551046475917226
0.535582519214754
1.1328177089500393
1.7842348747054093
0.9096492212971602
2.26633535142717
2.1895711214955815
1.7047753264109258
2.0537067222835974
3.2091955542304276
2.1439621439088645
3.1694126405937615
3.950234077989
4.63823802803303
4.133592605726339
5.047560687912588
6.139805826259052
7.4283470960502145
8.694032795867965
7.4958047504089
8.887474447035856
8.20476232653122
6.045020610168905
7.961645508865203
8.517134916281101
7.689106246565482
8.773821845613764
5.986852882543433
8.069693955146455
5.885512748040885
6.600278603019608
7.505438163335968
8.209256570282603
8.018403163267374
8.266656864196555
7.7503577762386655
12.884186826801054
11.006474237868723
11.177122435023529
11.73520516522954
12.72760360468743
13.58343821645192
14.802608200222346
16.308344284387108
15.944079174984976
18.06449207527283
21.214343527371387
24.383782095337835
24.214558509443133
25.41282963357177
27.940219489963575
30.972166750166586
26.95027008481585
25.720055947246543
24.162543418235597
17.784724720590816
14.393630781811085
10.02744871154375
7.016428057522066
3.2584053893300458
4.924910353199736
0.951499960942168
1.626898624877577
0.8639987537905365
0.675358808083678
0.5828820595382792
0.49971172579366196
0.1338319189849704
0.17675273886574788
0.03094090591445588
0.10242510754795589
0.24136160682501723
0.17957576781040513
0.05171521778689177
0.2051349823088082
0.11472979943219684
0.39940541800431084
0.05865230764495691
0.00413420039107938
0.04938015386984958
0.08745531005039904
0.15220073709578677
0.10973435947604795
0.07225769039663239
0.22738143903429078
0.12436411442017349
0.10566274093541558
0.0862430817485563
0.27659905388815176
0.42782500048553646
0.3462891890587793
0.2130681132310221
1.3987191315839675
0.7603058350077027
1.835167197990751
0.8999851205784815
1.4469268662590462
1.2177139243314385
2.1245083674516843
2.654657756700985
2.4283751126352136
3.5493619939227052
3.859803888738296
5.694781956529219
5.3916594585952495
6.436473214625426
8.049396562049385
7.628208140213918
9.210611522017937
9.66780259420113
12.801535194793653
12.749350252338315
15.414803593275204
15.944181732671007
17.233711961362054
17.856670721172257
19.427854805925236
20.708600393617164
23.554216668813392
27.328389544955506
33.54181387891116
31.567894852599142
38.25747553194342
42.52907589872311
44.3206101790959
40.482124844362545
43.15778631008065
45.06660803673427
40.68335736482366
35.21980168107981
30.759711690277747
23.029046360107923
20.008241198059093
15.958944812090033
16.724090433544657
13.133147939439992
8.057673974301792
7.425805123158205
5.128219426595261
6.296425711400568
8.468987904210023
7.415729112840585
4.346789847127222
7.851763617165657
6.75869406893681
7.316340171978255
5.588286657384861
6.910327242545161
5.570288347688532
9.57921863101127
6.677198709062373
9.194912336276982
6.160688938492079
5.207544980172489
4.078513420037529
4.5512271413241345
6.206469621113445
4.095695255873812
4.732494639701359
5.563958253853308
3.7072173825197763
5.10406825805969
3.4037411952138195
4.776795371351113
4.761606164057603
5.249502983688131
7.4594635979541595
6.118216460328338
6.203640173614311
7.731214648958034
7.705555246901079
8.93500842783619
10.25658769971041
11.883581746827376
8.715769511794848
9.647534866132244
9.62212859140492
9.483566044805203
8.008610289825153
5.431306276920195
5.563081714437376
4.684215100021653
3.789836843033599
4.516353233657583
2.8656092536964115
3.3687012170707398
2.6401337026978458
1.6695830657741828
1.6988402610484026
1.7561058288328841
1.337941771339637
0.41258389288734104
0.20790618495651828
0.496198792008908
0.5052955831194231
0.18167790909090656
0.2119562543555496
0.05519423558798476
0.21600906467311795
0.13391385659060298
0.3245395180242025
0.13863565431793579
0.17741505230711316
0.27899472543130094
0.22046851103434942
0.025057030591334566
1.0328107302038199
0.14571733898805886
0.44171229984256444
0.2665659076158417
0.1623847122378522
0.11915113644556627
0.1899638035029169
0.7446087642042029
0.9946107928169163
0.5000676235342827
0.5427975550637645
0.5680867877978723
0.21975152356999897
0.2437863107264418
0.3629969754272555
0.0685772642048096
1.0903688518010055
0.1679492232477535
0.9387599763241073
0.38820652873534756
0.5205131872712592
0.630983721810029
0.5267844748049583
0.8891059990422545
1.096520320319751
2.4511847813536263
2.598238507735465
1.5399976841433582
2.681340284908788
3.2006755045188875
2.367117299227678
2.821496248039619
3.1842017417611395
3.6323850816972993
3.6371361944040914
4.229445492158703
5.076649935834534
7.107211958998626
7.145355011326146
7.512859582106788
8.223545083885893
8.522923733039972
8.58129015475879
9.761664669518042
9.798507399816721
9.349239697419046
11.191226317726409
10.554740589553885
12.181183465694556
9.636977804944985
13.128960629437406
8.879878329063198
10.785216097191839
10.920248579685712
8.810851763678246
7.218659199922895
8.589777676804824
5.56910455191719
5.666806778388208
6.464826885027028
4.62474695293341
4.731724636743093
5.203812560447609
4.181258916613141
3.294216972419509
2.3093271419109094
2.4830760391026345
2.916172468672699
2.883223893128776
1.3714287523344835
1.131452129283955
1.2058136065465075
1.1401298913721385
1.6404783162456331
1.3052219096798634
0.5570332064336329
1.2326403163039357
1.1370016245743264
1.5931733726765993
1.6707794967959069
0.9224192926798745
1.717393957536423
1.0829519843724122
2.1113093735830684
0.4344142338095038
0.8554781535575054
2.9344222521552368
1.518188873087098
2.580306067614192
2.1800752287436103
2.780849093493792
1.3095954650570285
3.0228249476240503
2.450907469733977
2.355810434434031
2.5260221788557624
1.2615115751072636
2.284951658698984
2.5170528593625074
2.0207780376166355
2.1100505948642847
3.789616432167857
3.440900660421102
2.7437509411534755
2.089614667772617
1.8762959618796888
2.895503032710437
1.2988348092758373
1.5372524394037728
0.8580921126441691
2.2621299369363914
1.510910663009663
2.005506873339093
0.8695501985767161
0.5013074117339487
0.11654303249797349
0.05293975092491881
0.1508465516687753
0.07364048983789617
0.18822223126387647
0.5752407557060266
0.23041327890786126
0.12128520609504183
0.35069677708304237
0.33012826635204395
0.48014130127256627
0.2000923241993391
0.07395632317071377
0.41962008831063413
0.018217771731201607
0.09349059644002942
0.1681198542036078
0.32769000462474895
0.23632321696020925
1.5163941625818826
0.6887428222789341
1.0159285638410314
0.5619567367277523
1.6853820468677345
2.7885971139732986
1.977952527720866
2.0994613182780597
2.032533036191237
2.080743358407705
1.2438060928317662
1.89975826304818
2.4638815930085323
2.1085063064009835
1.6576048335946023
0.8271047034731024
0.676156867284172
0.7795889684377361
0.058343697102115996
0.13662968252856772
0.21686848117490365
0.5065771971609758
0.5109189879231687
0.43277473532406946
0.07784282362156386
0.8769970745772867
0.4878101142437051
0.8153036432613789
0.355426573091414
0.6389466515634455
0.28962535043006343
1.1786131916107785
1.1727711467375956
0.9164715632522986
1.00729364065341
0.7061750093202606
0.7823520505095239
2.5978821475446825
1.5760567308219067
0.9335698569145848
2.520936388012544
0.7873124420244275
1.5643923895417964
3.135921591099277
3.0798904261523417
2.6700092402890125
2.2258173469629874
4.74774668375617
4.788051083786853
4.7977405018953645
5.174583673170998
8.724069594110283
5.524831965758463
7.243212538125742
8.671297701389992
11.767414145766606
13.871403936479604
19.00055923503656
22.36641870305348
27.515305253184554
30.95426542576848
36.05182682454649
41.22996379952883
41.26935904899393
49.107709824325624
58.128487212788784
64.13034045599237
73.90757583914397
81.48791924237788
94.07355432392158
101.4630593919473
116.39890142693855
131.92296219414956
137.99747752546443
139.01793154846683
129.67537049283825
116.42760507249574
95.71786388090698
75.2339322460689
64.19882421645939
49.04648638458534
43.66017244666469
30.281704846186372
23.004739164392536
23.471832440408452
18.96935972318535
12.373614111839778
13.832290320280341
10.024443601400128
8.818061047418125
9.964747373306032
9.538541223269943
7.270673912016378
5.054032492837641
6.738889609733985
6.9136168873971915
6.020651647189276
5.96993175308849
5.570886432498251
1.3580628781588817
3.016547236992535
2.7890606286750472
2.0062936323273903
1.95970084707795
2.7726927894084845
1.2783093743284033
1.1640459173875515
0.3925703054083537
1.4545664061582722
0.6313614763290297
0.4107681500918367
0.7227084540992156
0.17549028243857198
0.6068789579624649
0.7830189838966736
0.46423656340121666
0.5026982479917755
0.041304271752427894
0.29109988545538656
0.2244536935519716
0.688555663323265
0.12288355999925185
0.1406680844009887
0.3938824184432324
0.20732901239421184
0.485107397498007
0.43586838921809484
0.3479883091273453
0.18223926771394922
0.15146685233172796
0.3093017141149089
0.39993682441412853
0.6535266739481006
0.40454799363287647
0.6532659361121402
0.25479376991412805
0.7330557802030314
0.9437631476940515
0.2583466085728182
0.8424552577325323
0.9430946400974102
0.6552925085610628
1.0834217202496939
0.9771378179889709
0.5718265040827384
1.477366969180505
1.6963319435353634
1.7686919458553092
1.2254056441086445
1.3432793102003107
3.2242448271412893
1.6277402714629785
3.7202885363753735
3.147457653855899
1.4846917713270624
2.318510826914341
1.651809299729585
2.2057450549964233
1.8570029195878537
2.711686424464022
2.2468850761310164
1.7754260357346845
2.080886307448078
1.17453007171353
1.8917998005876207
1.785135519923872
0.7313966184842748
1.5932611280111855
1.1855433347801054
0.9960760255848489
1.0317573292328852
1.6323008082668164
0.18410489741208033
0.3148201151843661
0.20493709327718113
0.35639965717948424
0.42552108166387465
0.1306596405107267
0.7207988593954032
0.937738695352192
0.4472855881909463
0.2516506307035478
0.24678346190945466
0.06470158551084054
0.3454558539177005
0.48763104835784327
0.10227087871311047
0.04299632228838553
0.1318509642638102
0.1351034975075499
1.0715856882277255
0.20516660473795031
0.34283646622711905
0.2193772769640619
0.36231098408132756
0.14165173418568305
0.12960801451433854
0.1509873260683115
0.4004746173633358
0.378258878500276
1.1025525504775313
0.11779917512735975
0.5598023466709583
0.45470153025073645
0.04965521339734524
0.1152346052491985
0.4233113396911762
0.2634378858575425
0.0631091444091983
0.11067960600808117
0.6905380113187098
1.3392519442059405
0.6910933031905423
0.6702714594930989
0.33304235311502767
0.5242998136287648
0.4093222429290293
0.6422552554324152
0.2985587988778216
0.5724379374394956
0.8910013842070339
0.694455830452413
0.3381827190858866
0.843837964529674
0.34220255281944933
0.7027156451530877
0.41792602315056904
0.3382430129285271
0.6297303615175585
0.9236565983582294
0.6943217708340229
0.8854492484039814
0.3720069201046525
0.40283395593194193
1.7269842336166126
0.6531657987197139
1.0665796501457268
0.7628225615200765
0.46629693057916216
0.5059946961598173
1.0860093882866726
1.1630901338542317
1.1081769505725276
0.6308056424000903
1.2407153239217616
0.6495874008090655
1.1461977483105226
1.2403092419777166
0.6059546609892947
0.8237136060530412
0.5896954441660934
0.23458577175236103
0.5979346863094132
0.2500257925823959
0.30136456626581376
0.1542701758948646
0.7831838028472882
0.7893991878901906
0.6815064849739583
0.4735416917521063
1.1678666011280547
0.4166350987909778
0.7856135071638168
1.2458205993780846
0.5981322942133553
0.7127850831139152
0.25761135191196194
0.4594219019301803
0.40618672190736743
0.29776752110582927
0.7195460580322927
0.6366060916351737
0.33998550649404946
0.4910975041842795
0.6411069026502358
0.8639371941520628
1.0834093451774414
1.7960158030079714
0.4867451991210453
0.7635056574926413
0.21399278830316124
0.9201632841850469
1.5163218272462795
0.8002364961041107
1.0073118807890404
1.2964979527357443
0.8481096299006535
1.448489597368858
1.979669855923262
2.382307928973153
1.4377040282387472
0.7878573137218323
0.5192680682184699
1.1083681947745014
1.544050112908695
2.8219196483585307
0.9858666698994842
2.55408532811156
1.0151512734201549
1.3346211890995687
2.502413055157228
2.5933022261473577
1.982360867582837
2.1198825626282147
1.9057305929338486
3.637339937021298
2.051094228760424
2.171344502722705
1.2786368800200205
2.0346826772414435
1.9010097077248704
2.560703349088671
1.1679797533273006
2.4582351260717696
1.6367156520420583
1.2358136171838825
1.2009772519472308
0.40583322459572435
0.8340922133794557
1.726236419434922
0.8228882488058188
1.4065443084944562
0.7869854053508127
0.9395827946795242
1.1118280727837457
0.32886483602428856
0.3430890061241873
0.4971166906124983
0.5545884150671381
0.6513345155975118
0.3256717938252318
0.5593526358772911
1.4016010878095306
0.6952619111681093
0.2818209216814908
0.24761069559322854
0.13256324320239418
0.2554304316622749
0.151227990077275
0.2532490386323734
0.20066018093356577
0.1655562544143306
0.13925006899567116
0.6555373297898855
0.3423737074930384
0.11618968775124015
0.22951502261956383
0.18668994594508034
0.2223547493612252
0.030769131817123662
0.24993133507813614
0.26265814723271896
0.1725456736951229
0.10737916204567131
0.2943564065821341
0.4307502252247707
0.6065238642010946
0.18005185484198918
0.9692548580028505
0.383187059151368
0.4074226878337999
0.7735954671336596
0.3139864736599708
0.1617106393307861
0.0962976002206348
0.14210832533451354
0.19260238106620903
0.6703617006562973
0.5463953538879026
0.29895593383509583
0.7366988603921242
1.5387383640022176
0.6014965652431852
0.9940581301147414
2.0032691407520273
1.7594362818633533
1.5722400016264362
1.1263443438289535
2.291694044999169
3.3113081971197325
3.7367443213600793
3.7059998581531484
5.19271027642192
4.920220026712877
6.60071724882879
5.827369676107997
5.283882131226413
9.67728002125709
10.539952319289572
10.782015089711836
11.982346520079261
12.97765072916771
14.178029450541642
13.99333459366545
15.294475359281535
17.60304913186377
20.334948718735696
19.2641422799369
20.692116244768712
17.550750957110683
17.079970289382572
16.295538388721333
17.572259789895696
15.484266632276457
12.938329191260305
12.983210949116017
11.437501492504104
10.335585839338675
9.729715343051131
7.209338778759659
5.378078533183239
5.558734865438613
4.827159129883484
5.267855478251669
4.420785832958507
3.008919687489983
2.2411989476835474
3.016140464003097
1.863938561775318
3.3103466706817257
1.889572478444461
1.4097409841567068
2.6204460032446315
2.454608313898304
3.1101965417717023
4.171615577680505
4.2442161266104765
4.484995395141911
4.822968215689931
3.7353018435297813
3.6819024405622867
4.28811756001547
9.864527112875637
6.06606010488686
8.730896279521177
10.860124978265919
15.68063710881243
13.257951537107585
15.429995231022186
19.82040677703801
21.22737532494686
23.62756121930591
24.375310514437487
29.89943253290219
34.47659154474955
38.268391611191205
43.2212615098038
48.19226290426144
52.79033432555275
58.30755557055278
61.805330110269786
68.27498621336636
70.73962526017897
72.52379980393006
75.0043866828963
73.94036441617241
70.19118258197824
72.55352220296798
67.24416727711319
63.860367008503836
59.308009321785136
54.73919537436578
52.13621776268766
46.975672361854905
43.716873702734375
40.60612593462643
35.011603839061884
30.348558012938565
24.715059829063886
24.76974337705621
19.520854934085502
19.2710920324037
16.92326565670438
16.365725625715868
13.35199187960684
11.758599222200766
9.820001661355507
10.564236383285824
11.144189040020706
8.624346391349105
7.92030371729485
6.805719144263336
6.904174151810422
6.334150144842111
4.3403662724047365
4.00994716204929
0.6369000175460614
3.4128787442078727
1.3945371672518736
2.591184313628559
0.9614517363518796
1.086997263187066
1.910164597672597
1.4768320821498386
3.279131945037258
1.7373955334725157
1.6097260187975528
0.268687146888032
0.2202163777282706
0.14490715738520873
0.2952472448716532
0.14542391576237051
0.18158850859313647
0.4783184052355553
0.17591978864476845
0.09960616930357048
0.10275139901684543
0.4444343373879124
0.23619181981856044
0.22715363776269631
0.4800696989437916
0.019134426186880566
0.12161196080058631
0.5857025265905181
0.20544832719762476
0.23398728277823475
2.39449389902114
0.8842157030171386
1.7436375463465679
0.8630162638100303
1.9240479958916232
2.7708261181248637
2.2560511972389183
1.5501185506190107
2.2473141751064274
1.9525474456954222
1.5681946675991434
2.5481914620500197
4.16591353969709
3.142692689747223
4.915058362341138
2.1808119646182855
1.7248147265886595
2.8985352948556824
1.649916815177012
1.3445227496409093
2.423418230279298
3.6544496515709977
2.0969457111278995
0.8326234294478307
1.861579897429736
0.6184253511877951
1.0645962358626777
0.7604263982566561
0.5787929180803522
0.5148316366347466
0.2903299438413657
0.3492716375298339
0.06462301034844109
0.08700988260553932
0.14232189570709183
0.14760803326718674
0.37744964721125135
0.3937762805337412
0.12082651457022288
0.27463590578804936
0.1878664755670691
0.08647973754919623
0.39460639081862825
1.1330722608351214
0.15284425324396003
0.16299987269159805
0.19490289458866072
0.07984700847707406
0.01963605172260526
0.1998922303315193
0.4235094348516262
0.05729731406256401
0.5569004446919246
0.14900486953456352
0.1798603352161849
0.4935131772866952
0.7512918397327993
0.7966073585904183
0.6645567841169566
0.4911815437655866
0.6174810363101152
0.6323962296559325
1.3487427384507475
1.3033324738094558
1.6393723446986268
1.974530861928929
2.180162375904159
0.19364195007281676
0.7248801752856819
0.6561932937861729
1.0882495447256826
1.4069985095398694
0.9610337527699908
1.1100128399627587
0.739691036523093
0.95621874441231
1.0712363110633134
0.659064766246184
0.7129566937486017
0.7296003892461196
0.8243963180089198
0.4376110485403015
0.9108940665772977
1.5913750903611397
1.6088495738734798
0.8248777028292202
1.2524467028970108
0.9202569589769487
1.8277549011871277
2.3435450017709947
2.8012755690410835
2.2784334168256852
2.7409570125756137
0.7849270339507362
1.2326266548456413
1.2850806705269635
2.0627638194702986
1.4726684066859306
2.059648864860092
2.1103740584440533
1.4817747760533087
0.6221758566791468
2.1011897395575287
3.85163737668665
1.1866213173799067
2.132459389922481
1.6104783981721196
1.4452324914689552
3.6674253109945347
2.5685560415528847
1.4746509059837327
0.9722021857871616
2.0353695995341416
3.4169494833492142
3.3040042537465304
2.795999596982528
1.997404768300814
1.3636787122506753
1.9266441535060923
0.4451425644426962
1.5398855188402043
1.1571593970333784
1.7993117178734326
0.2931782268755921
0.15079229501258326
0.21563380525228276
0.4360087626452285
0.5299736294565929
0.6295087378520267
0.6523353574123714
0.9635249498901655
1.0756366961534571
0.8545653649550194
0.09564519550745987
0.5630048624251504
0.22616768568628481
0.22368301657125472
0.3119485447184009
1.030604910563418
0.08947245843189565
0.6884473070609718
0.8940974328160944
0.4663052245476857
0.07310315072333945
0.4598440874919681
0.05860546241868951
0.03888518660042977
0.6316795066532525
0.019143908387344827
0.5875182757832588
0.09536779041527393
0.17550570224446213
9.87424384214745e-06
0.0031317534701092945
0.0030666537698611205
0.022880373881669965
0.0003496549901622813
0.004295370184384144
0.0006332765154412434
0.007815975520534377
0.10125364574402478
0.00014177968433054118
0.006831343550548834
0.005609535234587338
0.0053970113802265015
0.00534244642067358
0.007780040889224789
0.007714916782335989
0.0021129725620997976
0.012039775535798046
0.012512201520318563
0.0014903857887702506
0.008829578910350872
0.008147635145790304
0.00046912378429849215
4.430202761101971e-06
9.8008905024332e-09
4.272398992117167e-06
8.799629696017239e-07
7.829992606676613e-06
6.052945428463803e-06
1.299850293186087e-06
6.882259888204153e-07
1.0014429412957762e-05
8.7806420947316e-07
2.6025524927846044e-07
1.2245557314168194e-07
3.4207410497258515e-08
1.864279222762424e-05
8.034307734739578e-06
6.167331680740208e-08
1.4989939712344644e-07
9.921515410852836e-07
1.734622018055248e-08
4.533744989183278e-07
3.531901935547827e-08
2.043164990054453e-06
9.408843674085085e-09
2.1016061928510055e-06
2.072780038559434e-06
1.4048635374630357e-06
4.838303025208054e-07
1.0736794189181165e-06
2.7105809298961385e-07
4.6027882693286334e-06
1.2073459135175086e-05
5.156681581882785e-07
1.5284037170987095e-07
1.7536046956025627e-07
2.2427104442684506e-07
6.298240795796428e-07
9.53949972614714e-08
4.3406085007963875e-06
8.08032114186895e-08
1.02853370326939e-05
3.530404804180417e-09
2.72902710568906e-08
1.7746065555077773e-08
1.450354338102806e-08
1.0379391194862119e-08
9.421720005766925e-09
7.3765624663284e-07
8.007829365320433e-09
1.0207840087541537e-07
2.9407780386821906e-07
6.29452686751034e-08
4.156059293631044e-07
2.8281807975379836e-08
5.479288856804408e-08
2.793306297915487e-08
1.908271073657935e-08
6.203633365017776e-08
1.9403900596295467e-07
3.4822359095329225e-09
3.4083020466521846e-08
8.242940671339546e-09
4.4325749712659566e-08
3.614089732971476e-08
4.3611233646842585e-07
5.745084542686011e-09
2.481185931982378e-08
2.9454003357706323e-08
1.4580745173137003e-08
1.1955791822900864e-08
5.897248537427472e-09
1.523438737441858e-08
4.6719275143197194e-08
7.524577859349243e-09
8.46477364457186e-08
6.868519850357028e-09
9.30733181669756e-09
3.6542412200001786e-08
6.904758618349852e-08
1.2198577817794435e-08
1.1157324741640784e-08
3.4122913770050784e-08
6.654692899164498e-07
1.3470138813132226e-08
6.663418245119457e-09
8.370245143735127e-08
1.6434046971543601e-09
1.1862463350241742e-08
5.1962098233232695e-09
7.163785153038951e-09
1.916413044289873e-08
3.4551174706124076e-06
1.1080242534729062e-08
5.953728678997535e-09
4.066794871797237e-09
2.026935268513158e-09
3.646381948373704e-08
1.4672913476479534e-08
4.0852427995666205e-09
5.881445188404461e-09
8.681496648551013e-09
2.565576811349176e-08
1.0518631218231282e-08
7.165689471572426e-09
7.274227658928793e-09
1.4191333123390874e-08
5.222810798174359e-08
5.780366127334657e-09
7.670745576476096e-09
6.417747909804627e-09
1.6949133419589405e-08
4.4611718012927905e-08
2.454283560155406e-08
5.6464053423958386e-09
2.7008809504485692e-08
9.685662388886833e-09
7.59570266419352e-09
4.644142015435744e-09
4.765570132882655e-09
1.924652724113321e-09
3.9995324588443065e-08
1.2806022046853074e-08
3.0428231501490056e-08
3.0218400489213886e-08
1.6923997264241926e-08
3.9479488379079867e-10
9.222233885036581e-08
3.794267127874049e-09
2.8768010853247495e-10
1.1411997568850422e-08
9.735692972006426e-09
1.2683125422429793e-07
1.0037065876517944e-08
4.031514300684518e-08
6.3497234885942424e-09
3.445264570516479e-09
3.3387209986669394e-09
2.871392286850132e-07
3.8753723608283116e-09
1.4702328398038651e-08
6.721182299062738e-09
6.35342810876701e-08
4.123102759924083e-08
3.055817694990999e-09
1.0854584199692382e-08
1.4721994706416999e-08
7.3192513005383076e-09
6.775642265079672e-09
3.408509737421207e-08
1.3090073613915916e-08
4.247102134718084e-09
4.486054315092717e-08
2.9319661610846027e-08
1.2448218392839993e-08
1.5019319367716675e-07
1.718102916649867e-08
2.9583864346748354e-09
1.3255640626467234e-07
8.527737966718222e-09
3.1171818184382615e-09
6.262604194918455e-08
2.8826844669847774e-08
3.21765814176096e-08
7.955500469839787e-09
2.8187011201397614e-10
3.156453194962174e-08
1.5403340697492097e-09
5.8913632954488363e-08
1.7383195539546346e-08
5.136736334375121e-08
1.131651541511518e-09
1.0715988464910148e-09
4.217370882346158e-08
9.530238489212036e-09
1.1072957226837942e-08
2.0605622732434887e-08
2.1991603718945186e-08
1.252768401910169e-08
2.300168505055943e-08
4.444220260484076e-09
1.4245731477192704e-08
1.1815333742877419e-08
2.5518899503288464e-08
1.4966974173350017e-07
1.0955834809095833e-08
8.380728982521786e-08
6.144169117748651e-09
6.057079396664564e-09
1.6628466321216783e-07
4.982771004251375e-09
4.2708394703621535e-08
9.720494722685805e-09
3.865087939495863e-09
2.3400911985536913e-08
1.3919817070421587e-07
4.266312467480838e-09
8.632729537565054e-10
2.0715610493721608e-08
2.620928483898048e-08
2.2833915930805003e-08
4.08482673197866e-08
1.4979863802391242e-09
5.125825920352872e-07
1.177575799990912e-08
1.6754769484518222e-09
1.7389257929815527e-07
2.8511500684599904e-08
1.2379303316553173e-08
1.5071894951022608e-09
1.3518090686877722e-09
1.2916567365875595e-08
3.664321462837174e-08
8.023785166433475e-08
5.629600202560995e-09
1.5429638393326483e-08
2.4670104463465918e-08
1.22546658670214e-07
4.6987250086534166e-08
1.3553424508547014e-08
2.972457240478301e-08
2.285015274619088e-09
1.4465287585449314e-09
1.1691541674454965e-09
9.606662930936197e-10
1.2316693642513787e-09
2.019303341805852e-09
4.70663444088867e-10
1.0618561638810222e-09
1.4352775627444533e-09
1.5660616767397366e-09
6.362341838447162e-10
2.0669794660078545e-09
7.129190306904385e-10
1.2960397532281798e-09
8.666002291578886e-10
2.360572050805068e-09
9.24124139170452e-10
1.5807124675958794e-09
4.5141482482604824e-10
6.581870583093355e-10
7.570659756036762e-10
1.0482259520216763e-09
1.4352277958442954e-09
1.145688035743084e-09
7.877965205293882e-10
1.103032602817185e-09
1.136163311541853e-09
2.0389938790617445e-09
1.1038165685869342e-09
7.634471502492915e-10
8.9645307864934e-10
5.281601007655598e-10
8.751511727834963e-10
1.1848840642431136e-09
7.460917018080482e-10
1.3207903456597834e-09
2.9754346233799045e-09
1.456225370335322e-09
2.1674461580374257e-09
6.216316025266113e-10
1.0559899476087085e-09
2.448787482734007e-09
2.1676660728354166e-09
1.0024320443635988e-09
1.2082139407668474e-09
1.623625938030826e-09
5.383698035355877e-10
2.392526682355775e-09
1.032199541186406e-09
2.2646816990809186e-09
1.876930940912574e-09
3.4642381665133844e-09
4.463285784517036e-10
7.156700098058943e-10
8.663136949564967e-10
1.6785970310641937e-09
1.2788372059278995e-09
1.4281267900799324e-09
7.824144537575969e-10
8.714135571135212e-10
1.0435045411834507e-09
3.208840985425763e-09
4.944802543953615e-10
1.3620496074900962e-09
1.4059335088846953e-09
1.5769332582783792e-09
1.1470347893906303e-09
1.1985754096455742e-09
6.869549550852141e-10
1.0315620792715319e-09
1.3684013801774552e-09
7.673458700378521e-10
8.182538336578707e-10
1.1058454783894099e-09
2.141367442001988e-09
9.61501384998186e-10
8.063485772967353e-10
1.942627695962197e-09
