2.962125160905239e-10
2.6666055357975306e-09
1.2033393049390418e-09
2.838828173637739e-10
7.453614023078264e-11
8.121118781972588e-10
4.560679239609712e-10
1.1165677070966904e-10
1.98357532046655e-09
1.9811182305900264e-10
2.4919277508212582e-09
9.513289868590576e-11
3.5376210471381427e-10
4.5668842304150583e-10
9.35979553984924e-10
7.757314722692979e-10
9.793178655161553e-10
3.9457078699258834e-10
1.4701019560204333e-10
3.7883078971245747e-10
2.448683832590337e-10
4.5766865286821596e-10
4.881117336082174e-10
4.957524679330299e-10
1.3554310540825374e-09
1.132400287582546e-09
6.622447814537209e-10
5.103016587221062e-10
4.894467767776856e-10
1.7935525356332195e-09
2.710914825541718e-09
1.457170630306496e-09
4.1261083240315635e-10
1.542188739676053e-09
4.972839925488494e-10
1.0090301843376414e-09
2.008716741532657e-09
8.878456266422534e-10
7.998852988696882e-10
4.3537028455925883e-10
1.5552804172174484e-09
5.363286493736587e-10
5.902993188643803e-10
1.730406863572939e-10
5.755590411554755e-10
1.6639749085591082e-09
1.6621527246165788e-09
8.797795251670111e-10
1.1378716168689955e-09
6.052172536779526e-10
6.737834327532538e-10
5.453876786691827e-10
8.091349289803195e-10
1.0146142002232056e-09
3.042926099114144e-09
2.0712654446780135e-10
6.383341802348585e-10
8.659681711675863e-10
9.399547982346087e-10
2.530162314578279e-10
2.038845487631524e-10
1.3770288791988315e-09
2.878807174790343e-10
1.0242510634690311e-09
4.861054275385121e-10
3.793148664922948e-10
2.0379699145133885e-09
3.2046442638280303e-09
1.0649850741661558e-09
3.8715062311348004e-10
1.1152423285456585e-09
1.5858552611969716e-09
7.784674238740748e-10
6.053275853179402e-10
2.5296702140737985e-10
3.1891999097826404e-10
2.5274036196103423e-09
1.9263079165300397e-10
1.5179348456037255e-09
7.229935823374657e-10
4.3571434724706437e-10
1.6416875065491203e-10
6.485559264929431e-10
2.631233643867177e-09
3.0040668268642915e-10
3.5163206691667235e-10
4.853116524590444e-10
1.0457078458873018e-10
2.8040827004176204e-10
8.334931984566223e-10
8.326388065084526e-10
2.1432486243673925e-09
3.4805940860428884e-09
2.1680725520405325e-09
6.023057840384135e-09
8.461481929271269e-11
1.0199657115367761e-10
7.12726367477941e-11
1.2778686085482174e-12
5.056898345326526e-11
4.319221788974013e-09
2.0703114069703865e-10
1.064868011433286e-10
1.5958540822268697e-11
8.129310281304173e-07
1.4287047548781973e-07
1.0775663274942867e-06
1.4718393182220038e-05
6.833582245822945e-10
7.813080311456895e-10
8.714789933915397e-07
1.277851579695478e-06
9.43684670165138e-09
6.705522900635988e-07
2.7177344051821017e-13
1.894683124783495e-12
2.7076110441592225e-07
1.6994892716724467e-05
9.365722459528761e-07
1.204668634292977e-08
1.8220389211690996e-07
2.9181454659430573e-09
2.6478361135041162e-09
0.00010521041780304573
1.0579123863781953e-05
8.56524707187174e-09
7.546308115538631e-08
0.7751317761567934
0.6858143695054517
2.960236473320522
3.8328271213685374
3.917439511938418
4.644288768201028
1.9271828677781901
2.374954050011352
3.5239831609312824
5.451882497735141
6.0297848040424284
4.401424494585873
4.091163867887274
5.458812320954592
4.127249252044401
3.7954491837236572
3.083123153862691
1.6680105778683407
0.25566456708305346
0.20602435422932178
0.006085245189842532
0.023386200980089866
0.007538641171122432
0.34544543822814094
1.644163720866328
0.7992800665163179
1.9744316270011155
2.4662522877392705
0.5597557283476768
1.9993128057307727
3.239580595740217
3.326047213558616
2.8557535260745057
2.725088603415401
4.671865555397271
5.633452495437088
5.894964593318812
5.740663539331235
4.493856221972827
5.618804345149172
4.757540033517236
7.244130651010237
7.838356356695676
5.415768595102605
6.11032864561078
9.86770465124548
7.999455350702447
7.52747581025921
9.640341052251072
6.697185073106735
7.530753520994082
8.326516385653385
10.069426221218901
7.9761432141351065
7.038718579537793
6.386522870102355
6.235581046461179
3.9771829648510186
3.178999921736358
4.121682100711675
3.576399805536957
0.9591394843985876
0.7340991876123788
2.2674979820084253
2.1388602631126683
1.6969239150626458
2.2942714202794585
1.9226028005726723
1.2174599468518295
2.518586629513772
1.333831673817559
1.7714097184772375
1.4870483809227195
0.5139715279123271
0.19515412041406915
3.09686789952042
2.3044449624476653
5.38557428267445e-06
1.4684793144363022
1.8121984014060004
1.57036112444657
0.4989334832971176
0.16017284051413339
1.995919709946849
3.882604905195103
3.2908667125304123
2.8123023937785954
1.362506136318374
0.37635999976528706
3.081321840945122
1.0352329952882193
0.20842211010465425
0.5055836533643435
3.690285418854289
2.63865317668636
4.4364739767941455
3.2758554973424174
4.328406781497041
3.4520610185149203
4.97315827377892
6.449707276418632
3.689984807818458
3.835672286858756
5.877349038464149
6.028458533524096
6.530987072966195
8.648447513495269
6.95832966486073
6.32408184760574
6.202180486990987
7.826257883641359
7.865700645890272
6.656408906189923
9.48957027855011
10.189534226218752
9.46053520270448
7.075329398626793
11.059817055415222
13.07397041851077
8.348035059939908
10.201175507196496
11.675461184456097
8.553906992928544
9.487095113994782
8.668482097619762
8.371080248554875
7.044817186897843
9.50265908011416
4.385032385008911
2.4259317947194123
3.558230193306285
2.926796372034219
2.024693126159792
1.0240293581679416
2.170061970903257
1.7057111554684878
1.0075039668807322
3.4768194830566452
2.317662343373439
2.268400168590579
2.8834791445875663
2.067333213837566
2.792065415500801
3.36399632605164
2.2686611271784645
0.5735707378312664
1.0897265860595695
0.7573730636310297
1.3187595603463198
0.5073267373594104
2.8713675858697854
2.6112215780887422
2.7135774759033042
3.3523522951116282
5.493868286026401
2.3181291778493534
2.142472428479568
4.062563220253623
3.736726635722436
5.5530589334082325
5.844523230676721
8.156145087728083
8.61576565934891
5.954062230837457
6.572723475334672
6.079894692189837
10.155785494005189
8.874322589817348
9.57408006232302
7.437265728077925
8.119222409100242
8.758764913740592
5.980679616389851
7.088751086269623
8.653760170525826
10.723936215510491
9.278274000356435
7.239542873971401
10.00322425619911
7.239920489416421
7.135169531908192
8.31702993594218
6.164433182277585
7.112218561061174
9.268904040533869
9.346730500639229
10.46129932732762
10.867608218885746
13.23600519312692
13.750153511494908
13.607905210275737
14.48013081011362
15.513461440408289
16.93987343255264
16.66943768238767
18.06293534263928
18.361746999152295
19.388098266236458
19.5911687722007
18.775268849300854
19.701987634652024
12.029386746859052
9.593063119731086
6.363522365759979
9.201539556021986
7.342688579158151
5.374537908008742
0.8838236816570152
3.1651864130161806
0.7792254976308093
0.9478571196471547
1.6741006139691954
0.04378269157113588
0.8014478724932198
0.03732058820926847
0.2626797776637938
0.5158242500328251
1.8145369856112317
0.42502793047247606
0.9387485121742999
0.6806772812050803
1.5086668148790914
0.40561986952170814
1.5797939872950288
0.42963928619157676
0.9156492361287255
2.2946927461315623
0.18360159756934552
0.12476687084150041
1.0092103282181173
0.20125513137591944
0.7417334377074737
1.7565052645226737
0.6482488346642401
0.10109457465689695
0.15841180945362457
0.34963844653863685
1.3179396104538592
0.23404824484683798
1.3677990523476729
2.287289486203784
2.694536798024694
1.8137802586280731
1.1018549926498507
2.4513310522062053
3.2110250564039045
3.7213766185186485
4.961041059608305
6.7285293132392985
5.791350107236376
6.273374265502514
7.494650279604522
10.975702797812874
8.447708934564131
10.133491354112355
12.163455324581856
13.444879755129037
16.58229718424796
20.521624376018508
22.444647733987786
25.201451332092773
26.69193130578406
28.77921665931183
33.51655842267675
43.1075024484177
45.68756954683544
50.52687881602109
55.90245450874483
64.56770717434078
68.24220585863844
74.94199480257109
83.79355065469275
84.56939266372795
86.01535560137049
82.33663542510152
75.21612856440646
66.1547380107933
57.14798616665961
48.45617300376848
39.52005420240883
33.31533168521816
29.5097353813945
25.241964112864213
19.476345285302706
14.779944905420374
16.66534631254147
18.517982589912357
15.1133339010362
15.0982202129303
12.352850875930029
13.124498774349941
12.732059266747338
13.701740844696499
11.834107999779244
12.614696509996286
12.77217990662945
14.237741869468728
13.710754203662878
12.67988405078724
12.472101546340484
10.033291204012253
8.318680193361127
9.737026227834532
8.73439562183862
7.2315282817417055
7.514344792715987
8.929085780477687
9.83014106431576
11.69937220798871
10.342914804128927
8.217707693135116
9.771889465078674
8.91624158721284
7.889992756883788
7.264031332784757
8.700541626178591
10.397576771679157
11.786595161796308
11.608826850944084
9.946098519445847
8.536942339804762
9.644693679555711
7.519313087158467
7.355842929396965
4.508590099662579
6.33474890216104
6.403216576373795
3.7706573261704897
4.76953003169586
3.789573397471183
3.5271753986990437
1.9831527386264378
4.040167096691377
5.675505417134021
4.516049008664262
2.5152414462618693
3.766248384567572
2.743603276440892
2.7394093451026404
2.7684814675566964
1.7424761844861567
1.6313301059982594
3.018001526980227
3.0016769028194723
3.400692155634772
5.340569273399527
2.084984348160255
0.6821490420849813
0.3081792549092385
1.049061289186909
0.09046874278784922
2.2840899556006815
0.1527683975468706
1.2584259282829573
1.0964960822240621
1.1146178132891278
0.06553184247608446
1.9074739136763257
1.9580829481374042
2.446123644063514
0.6298091995246612
0.9442066531144264
0.6495288534052092
2.3774359565869783
2.4398394734838997
0.9382865750253104
0.35587711317166737
0.6994242856522708
0.022081732295508586
1.7421338292779265
0.36071576190193627
0.8677336806810602
0.06386853614322625
0.38405364713729845
1.1124961793765722
1.9332973295617641
2.7777877841571885
2.9303886319376526
1.571437150809213
2.9506151056625005
2.518284974008051
2.768207835672584
2.3158447030056264
3.490275537421095
2.407237474663536
1.8234365803617603
4.198791163696935
4.597530830486601
4.336124510074826
3.3546809219116844
5.556937769074194
4.1216463947995425
7.145245622807698
5.609511911514655
5.005960539158918
7.635450924713078
5.16728861926426
5.4742367867465855
4.461329813967521
2.790381534344774
4.667556815604604
7.952106702230377
9.138739269082096
8.718090743009121
7.439198330489404
5.931047235326498
5.832040240616112
6.665413752572398
6.516705861813091
5.858701747396966
2.7429532264006045
2.363668255349864
4.139602137664892
6.847756726025339
2.903401511549998
4.3004840090546175
5.334334013360666
1.2863961394849925
2.5109399492297113
2.1708236527501694
0.8821501102990278
2.1463151499336752
3.101373218850379
3.780825237388759
1.9145398942310923
3.560030374128812
2.342737879154533
3.580128013750291
6.700605133760914
6.172290839399671
4.219503545699051
5.166275958469182
5.516160631478419
3.8742357258449776
2.7117052325361577
3.3932867237106206
5.875699307948133
3.573048033249366
4.153712088808342
4.4962800056081225
5.088670311065955
4.655976037560358
3.6474112128929845
5.890167071785511
5.2818052780119
6.066623532654895
8.669148102011372
6.1164480791363935
7.484520617055248
8.695586120164467
4.844938057547469
3.573795823599387
7.563654355759056
6.865345864587458
3.2154934260418253
3.003800285586694
3.997924021728779
2.7323840492627065
1.9038839132835592
4.787333406370662
4.405791654775963
3.340937267966944
4.133052257828627
2.693035632233785
2.1836165847186884
4.011551969062164
1.5748845350646246
0.5919053421134908
0.6446580395690551
0.47250634887141574
1.6249517162596447
1.9355365960759794
1.1646197604857411
2.315704712670644
0.3192567439912547
0.5559416756933584
0.5474684769093228
0.9231960161677178
0.04890318547552604
0.98574375709235
2.0306279516658643
0.9396854442545557
0.43837410391976583
0.09357524434299964
0.001058243985991627
0.07751551912349727
1.4823979561207643
0.6473296906458971
0.8962223547942292
0.4762393443019197
0.20360370761843147
0.3538013215425793
0.5478472448236863
0.10161436680325896
1.0431809565824397
0.16705390102749793
0.8505171383273573
1.9912149107441797
0.16017892151798166
0.9930922069495056
1.2857822260088583
0.9001248409337962
0.5205054522355506
0.7158505223205799
1.812975383763941e-06
0.48454366376353064
1.5671736407462515
0.6648832629858821
0.8431519027190009
1.005944668379533
1.0498041264541385
1.913173664116089
2.5156243232660698
1.4876695523395738
1.4197698974110455
1.5947779039274843
0.6459876000831632
1.783621821550102
2.4406412957772545
1.3432866120514668
2.869802472158042
3.2330098825611366
2.3744544925220845
2.6327429739775687
1.6916208449408212
2.3983728013822287
2.580559788167472
4.456315386269152
3.3065900548013105
1.5894672785101496
3.559630374200108
4.026011543259911
4.095977211692219
1.778086556663693
4.05220184424994
5.0712472470572845
9.361050923347856
6.155064023111108
9.813139999599422
8.061022942434336
9.820995134621857
11.611220757239076
16.006978103997163
18.499535120721248
21.823635532695874
25.826531990532718
30.61010464651552
34.07873776385018
39.643162122879836
45.59756419048753
54.01081336331759
60.45150299921346
68.54088760722435
81.23211406797171
94.44203664325192
109.91274444333567
124.1980994039925
136.1793223795109
149.7950186919596
152.54588478243792
146.57461309885508
136.4429434710521
116.99128152076102
96.72489321815881
81.47060232207009
64.51233788324222
52.98795776346776
46.53820362316522
36.196870442046475
30.549064191993587
25.147265604760367
20.634069829553123
18.49311700508477
15.888894066890991
11.782773739465197
10.562632094045677
12.024139081544263
7.66620258248207
9.809331743705823
7.807244042746361
7.567702775060953
4.143006354235261
3.0212402434693195
3.9563077301626937
6.722260626883129
4.115409149548782
2.4289993646460744
3.6452674347457457
1.2430219433254923
0.0025970185296648523
1.4474607126178705
2.0708925237377906
2.265396243651366
3.7143203005991303
2.360809682456817
2.129362923281196
0.32059196056835293
0.15423456302490066
0.1774503842114917
0.5398648249652579
0.1206700776279259
0.021805528860247735
0.67634979318184
0.04539445747624868
0.9436999557219696
0.007572179718167633
0.11655771136263562
0.37299908411000804
0.6076165887891954
2.028770897778172
0.9106978607860698
0.454236315420624
0.4808937779976573
0.5873200538549269
0.2911188106503329
1.198357971279049
2.2975845751996826
0.9832230927871994
2.058577491135488
1.7535529974989985
3.969594125748444e-07
2.1689721201500225
0.993493528408856
0.8012642963499417
1.2831059302984111
3.135801524487573
3.0369168381534912
2.580803906017604
1.4579617469763668
1.520255069237275
0.11686238506561183
1.3133506674511584
2.4026788527659546
0.7900776712634177
0.15620910608853625
0.1117023090524742
1.2527985817499112
3.879434767533577
4.132724005983457
2.408367868877814
0.7390696695261406
0.8911981039783762
1.7264065388622534
2.42530353094463
1.2987147990436425
2.1138666321661037
3.599374231524266
3.140187680032943
0.1823802351175867
1.8290490452488462
1.741350503387554
0.8369438482714202
3.6741161322766316
2.4071536916042926
1.301191627338377
0.31768421901462596
3.4975530923710303
0.8971603512563993
0.08207339322842283
0.014282463118724165
2.3724786136756046
1.4066910246763782
1.682830356230119
1.7230399078639618
1.0264479687801682
3.596027147741394
1.8602597915616923
0.610322452960262
1.843642857886386
3.2718326611857735
2.272985036156845
1.6518136143509652
1.834703393536992
2.6398217665199954
1.665062992059104
2.283774389550184
2.223952367644001
2.5382303212081614
2.602396196444776
1.5793056771144038
2.800187363652173
1.9734981012947757
3.1308267222629564
2.121910854965622
3.075466807118959
3.47510006203381
1.9908620791539369
3.3473596217914516
2.2169787172258784
1.439451429591139
2.579387916365551
3.2760870989410535
3.0721325730672544
3.2400823426643024
1.167038547040304
4.290818266953181
2.313047056138122
3.645222955143955
4.167522966190922
5.321251864016579
4.847028415708767
2.7335064451037163
4.121267769271836
3.449731446167821
3.6103164269966235
2.778557922400656
4.517923460179297
4.000109835063266
4.4009902636829965
3.198873629809239
4.492547898008916
6.1308998415121145
3.987459005582304
3.365276296389091
5.3898954149711855
6.085521680881787
3.318121910878284
4.047559342483752
5.415826050473903
4.8027689685415345
3.533582007156802
3.7665868717277675
6.035988763381334
5.2929631176687755
4.043141786889101
4.685062429434141
4.8355859309276115
5.484437085558345
5.43873675396509
3.119103873716481
3.736034680411091
5.299852846367924
3.9365628983360224
3.3011505906613103
2.9135313304777264
2.6175754960688797
4.306540956174441
2.94337975547798
3.0144515786491106
3.489165890535612
4.220094383995809
3.8600506386071025
3.7551720870666254
4.323795826883215
3.1012079069468346
4.264231247695976
2.637814424943191
2.9777065254497805
6.448084261708698
3.3719094446997175
2.117104709778585
1.1102772730686445
1.1022766376705255
0.3416684991386802
1.8744391814984063
3.426989481933699
2.9644264099893936
3.7074079348204947
1.765242874635224
0.005081507558811987
2.0623959008872337
0.6850852690960657
3.955755926991453
0.19120811032986496
1.7589752934465255
0.08222590629237625
0.3031244548885076
0.34527770877822833
0.2865007813074806
1.429529342040189
2.8499739162839273
0.8349038169210073
1.027621940627451
3.4554895018824663
1.225415512690497
2.926544398523349
1.4452522244808208
0.9235675144132436
1.8907723990045735
1.099471264139944
0.1919017975397721
1.1378037366767566
2.6619121173766653
0.9436649835523304
0.5019763102147692
0.23438086977218198
3.4697060082781075
1.7160810303921528
1.7317268601960725
3.293771312358614
4.145391054515635
1.3953065757046303
0.48704821521587977
1.5913772864704028
0.8868511072485233
2.443367120366426
0.7314137040390257
1.4568130936787056
2.697613345789918
1.727105067940299
1.281877496121736
0.6218588679868549
2.0472197775044516
1.0264795838766088
1.9536709487800938
3.1112683157236565
1.8628012631473347
2.448643953580364
3.014103854245044
0.38011941405170224
0.41324395146632353
2.2787326842412856
1.9886111779692741
1.2723774018461067
1.124098705042656
1.9503421397867589
1.7352861729163627
1.5979117517481312
1.0072399336131517
2.6493123511402534
0.19610695227566916
0.1015727096587338
0.6533342454984532
2.467439036037419
2.5435009426651995
1.8950219358651907
1.03750308909939
1.5916907816876726
3.1947857085891402
0.9214920165296229
0.4354587897453404
0.6090149148097374
0.6783409689953157
0.3123171757388774
1.078783286540331
2.3361649628157974
0.6169877686200935
0.4208221090643969
0.14500073671206984
0.3667910488515348
0.13261705325634585
3.3232139942387136
1.7902742341187485
2.628977065067793
1.5209163629935545
0.36645863961093406
2.159686771903723
1.0966367047403758
0.22057508762806413
0.14786894176837626
1.2289098114326626
0.6404234565073725
0.032991490896446964
0.46233005136275096
1.4268525405482932
1.1825180979651495
0.6743406154932636
1.512632016136067
2.036214114823448
2.713874035952497
1.2244364788412487
2.8945331312188496
3.283469602940816
2.502413310044331
5.414417286990498
6.367060274508321
6.956561626712782
5.060327546901984
6.494828983560341
7.836405966316508
9.55041585447445
8.767808422144462
8.61064996171432
6.103706921695992
12.627241727864092
13.196304365895895
10.521045091870723
13.698654191313219
14.225749809358799
15.42459684910917
14.27584098873316
14.887921509314
13.565536611117372
15.227533973232703
12.4068600174451
13.61396067592475
13.121777669312902
13.050367558611118
11.505805982061046
9.009617267122996
8.756001964809887
8.991873709845871
6.763659564522911
6.579947342344953
6.3416825734234505
7.501792784984062
6.160217730816614
3.7268183532883934
3.443153103982467
2.6663488407602913
1.9203369787618503
2.8317473262425836
4.8453109216812225
2.4827649105921115
0.5473554235984386
0.431582215401189
0.36853015557602625
1.4112391161364728
1.8124400934339697
1.4141062574073158
0.8727321392396316
0.7038018316373352
3.078802172078317
1.509236491926876
0.26389942820492046
1.0730367832739525
2.5131318675157726
2.63567978487496
2.8817197222882225
2.208968120318274
4.286580620154714
5.1013052085703405
7.696541226100493
6.687768160769167
5.510272804866124
7.339766101606677
9.784506884945799
6.591097900206299
11.80299932357118
15.408301319484716
15.898926105222092
17.24141925684441
17.053125479143237
18.914220120841446
22.610240134038794
23.968877811651993
24.876827908099603
25.183233351652184
25.0151450486277
27.672267142589828
28.47755039451152
27.657608113969694
27.567542420371776
28.542183457286818
25.23076810490062
22.42891988145402
23.541928577844878
20.006288148522305
20.91792147106103
16.012322350933076
19.001048410279108
16.677182115419107
16.455159593924343
13.279139719790132
11.924853261584548
13.311683414572768
13.696515437666253
11.570885684699626
8.508052498259335
7.6033937169417785
6.384241086716753
4.414153089682004
8.316315163653655
5.745272607257254
5.948058735261896
5.078331463348338
4.9606532775595396
6.684632340077674
5.610841738172004
3.4863292734971507
3.4356563909629823
4.6421325661504325
1.4646230716474997
4.409525682069063
3.0447190918061144
0.003236307128716069
3.179129825986409
0.6290785406739894
2.4359588037614897
1.1953793437602325
2.0322265070111754
2.6130773672584895
2.265360102270215
0.3508593064853488
1.271553738107962
2.399072491399517
0.22828772034114003
0.34446202607399296
3.266838167821412
0.6350654128697568
1.8841284225789217
2.2499172145795097
0.012231985990643247
1.5241256368350544
1.5494150340128925
2.617914724521935
0.15922956699219315
0.39290358871918285
1.1648110614662648
1.263433510958021
0.7032776559169464
0.9028528313028344
0.6252581388254383
3.2815333945656926
2.8501002900567807
1.9109707964111338
1.2572343110987159
1.6419690098241382
3.1390995740176098
1.4689808098958612
1.1603843666402789
2.1204415308539524
0.6082535643081485
1.4199209312741106
3.775258476802955
1.8009251425195951
0.6307032077766633
3.442932492915792
1.6442520286659648
1.5459786462354677
0.1505393793418085
0.6123305257011649
4.562172642657181
3.0243036256983773
2.0702199318451147
1.4531519719900974
1.4146319214939813
2.661422604278606
2.175775722909307
0.8859769365736739
1.1126980815465928
2.744840187501619
1.6226625000601782
0.7521739388621808
0.46391074520579373
2.512584641489143
0.4783845711613517
0.2230922003042034
1.4277812438326045
0.5551310813956143
0.5101798094856373
1.3265809987340602
1.557219174453597
1.6554876723427587
3.0976904027585346
1.8138457711787017
1.56559066703141
0.42246764123031494
0.8727946809709196
0.6846851060441052
0.41524531560055905
0.5653255586878514
0.8559367695059118
1.636461902133627
3.604181330424745
1.3068436719773178
2.9217260893776107
2.7696692524288924
1.9670357641032876
1.2896038336327864
2.3536816289155986
3.388561762712264
2.1315800589865015
1.1833505937900188
3.0886711438718075
2.716312467052594
3.665989346371369
2.2628401592706884
0.23662016933741076
1.7617437277308607
1.583899242839704
1.4956292321845757
1.6707277503695583
0.7591880631822031
1.4299691225450828
4.796424808213009
3.020143938610726
4.971857904492715
2.7167746464513387
3.76998669518206
4.141616117284323
2.1265669990117866
4.050526289615495
2.8345328767372138
3.434377522815514
5.501921271145407
4.085866355706146
3.9317629303730843
5.905029224505399
4.631058497050567
5.598939187910311
4.495249372699499
4.159790794909597
6.211214326020871
4.738054690077027
4.003223165469387
4.487254536250964
5.787178632597475
4.386608489690337
4.979491493702377
2.9927054075186734
4.431404609550539
4.740750385295706
2.506297699304374
1.7481809955874208
4.221192764755997
4.105223379941495
2.646607547770095
2.37945630896698
4.306016571364258
5.201672888179471
3.262518608149269
2.9000417618822443
3.2529207296948055
5.227420372062539
3.903662399479209
4.6762111528145605
3.572641734698494
2.2728357623698043
3.555231316470757
2.3557806859878228
3.6358663736700128
2.008969113031318
7.19257254460861
3.970783290753468
0.5218124343136713
3.2313655810200195
4.084033272363233
1.9401104178269897
1.522974512381146
1.8809830397134053
0.9518865191381896
1.057797008364523
2.2699070452783743
1.9543049171954836
1.0967082011863258
0.7234931750992738
1.4442727431306233
0.8447195804298587
1.3227666357269805
1.44733160138624
2.522256352416447
0.06762452747719898
1.5916048153269067
3.4922948801393585
1.9198664597698643
0.05162476724610678
2.6011866828333714e-07
2.42124397713393e-06
5.724255083945224e-08
9.175968872095348e-07
1.4428573514284405e-06
1.6744501576238628e-06
9.957260651156298e-05
0.0008239236963680202
2.260315061728737e-06
4.420411656224203e-05
1.2668685397571797e-05
2.686430298925409e-06
0.0006761013499069558
8.578038740856141e-06
2.2860287188524916e-06
9.43886507045429e-09
7.62235205029172e-08
4.875687861343971e-07
4.3886159918662505e-07
4.6989847282017805e-09
9.299183937002812e-08
2.9406175059582135e-08
1.0696639904873789e-07
5.254552764473456e-07
1.052166421308822e-06
3.766080254874294e-08
1.8295426837201412e-08
2.4169918067757022e-08
1.1156669571238196e-09
4.60283517985427e-09
4.1354282935013565e-06
6.006263779050802e-07
7.448001792594899e-07
3.279771524120792e-08
1.0773529882549906e-06
9.361909995395156e-08
4.6758238034715043e-07
1.5154928099516497e-08
1.7873967887343386e-06
2.336665656148433e-07
7.804806893077805e-07
4.374421369832893e-07
2.698558172199506e-10
4.368603982338045e-09
7.762856390332223e-07
4.0913405204540117e-07
3.158470293048145e-07
1.075127770336556e-06
2.698006444932863e-07
1.5975710256616367e-07
8.974862923943146e-08
7.917219409216813e-07
3.046587877576651e-07
3.75226707901773e-07
8.811671778034231e-08
4.491939850855163e-07
4.938146334390144e-07
1.6827741626652688e-07
5.034428458301254e-07
2.0950676419952673e-09
2.1268715338360395e-08
1.5104463137435577e-06
1.9027762847040613e-07
3.668896965640101e-07
9.764300336037512e-08
4.73184025096282e-07
8.30431809239988e-07
1.249678036905497e-07
1.6994055380780094e-07
2.3610442997207813e-11
1.5214639623558913e-10
2.4843684341159016e-08
1.242936336045245e-09
1.5646476356295122e-09
6.270923110302024e-09
1.3868071111668862e-09
6.040633604749595e-11
2.279925854396705e-09
4.428333426110765e-09
2.477918723616815e-08
3.3624294518932526e-10
1.9053155290880592e-10
1.2068184420804679e-09
8.736478920094679e-10
6.983986321479959e-08
1.21029820292493e-07
1.1800751372703443e-09
9.979577761292525e-09
3.6664812274200656e-10
5.226212372022588e-10
4.576604858800653e-09
3.162036325961946e-08
9.973790655459843e-10
1.764043104847969e-08
1.418231046890399e-08
4.93335387953195e-10
9.539597833829929e-09
1.1377303457108805e-08
2.837544484930398e-08
1.1229020265491548e-08
5.421953249939369e-10
2.2481018113383814e-08
9.212095723350825e-10
5.347774913668236e-11
4.3785022044179504e-10
2.969938055665998e-09
3.6723037132577146e-10
1.4708509054990967e-10
2.2706370748484847e-08
8.582459513898404e-09
2.431093042506911e-10
3.822320102161095e-10
1.1363870419985376e-10
2.908026011384142e-09
4.700999611496709e-09
1.1919216066031737e-08
9.901920569395703e-11
3.730058951903324e-10
3.27014401204348e-09
2.68399613275388e-11
2.2107181137037525e-10
1.078315841253101e-10
4.6892064622617535e-09
1.3309960394155878e-08
1.5183064190032806e-08
4.3175819153412884e-10
8.822646683074012e-09
6.675588234071377e-09
6.515384502794836e-10
1.2312824106174422e-09
2.9106515909153013e-09
3.653327219867471e-09
2.8388878804249763e-10
4.233135957684658e-09
2.8609005244948876e-09
8.302071950256022e-11
8.511559417239675e-09
4.8538726328379775e-09
1.4818277560229336e-09
6.655880832599276e-10
4.27322229731527e-09
2.9169950733159776e-09
3.0845187289479933e-09
1.3171641844018297e-09
9.884119859379967e-10
1.4035887174086853e-08
6.864873371261942e-09
5.517221332649722e-09
8.852261981984237e-11
9.150105391160817e-09
1.3684796586140948e-09
1.5834728464879568e-09
1.4957183436908095e-10
6.33517100534644e-09
5.894918436822877e-10
1.231275804461278e-09
1.0406515177197654e-10
2.171631242669797e-10
6.784190482268754e-10
1.1560509848716086e-09
2.734252503522236e-09
2.2176730644476996e-10
1.5653491089038585e-09
9.926273490545002e-10
8.85563425871911e-10
5.5208454179113e-10
1.1718442041306896e-09
9.545365234230282e-10
3.464283470903119e-10
1.4138556321401746e-09
8.477943275850466e-10
4.200846885625579e-09
1.509062170281317e-09
2.1406875217510366e-10
7.510112925695481e-10
7.34338752471614e-09
2.0332550702705665e-09
1.0656823115730127e-09
3.916058555591212e-10
1.3042655722052966e-09
3.5053938360361874e-10
1.1437174691200529e-09
1.1364410323727413e-10
3.950091467450814e-09
3.450988010624907e-10
7.249367989189471e-10
8.777908030090395e-10
3.5010198208231043e-09
9.954292343859507e-10
1.1938279933356318e-09
1.1381554822188915e-10
2.1402406045613856e-09
3.5878962788487536e-09
1.7381491232663342e-10
1.3700579480641017e-09
4.099177548515061e-10
3.597967104784532e-09
1.1708765878604962e-09
2.059669010246719e-09
2.6846113174697376e-09
1.2480149360263939e-10
3.4354761161269397e-09
2.1668533967431193e-10
3.3006640809947914e-10
6.788983765320878e-10
1.832456451414335e-10
9.498911220330653e-10
2.142534446951273e-09
1.0916687989826483e-09
3.1469031670504737e-10
1.0573790713113992e-09
1.8175953042410995e-10
1.0688010268544798e-09
6.826754798050881e-11
1.5811190966719395e-09
4.189287344383966e-10
2.521208631598979e-09
9.34208597061584e-10
2.652909561341489e-09
1.1266693554461456e-09
7.803038229653043e-10
9.404819024656366e-10
5.244660763374864e-10
1.6215459753305697e-09
4.8781889360956255e-09
3.6451248308370974e-09
2.891235157644886e-09
4.759751331660298e-10
5.46981482585148e-10
1.3285753761037858e-09
1.5994911751536492e-09
5.001245996869199e-10
3.423697231158628e-10
5.81742273625446e-10
8.366073520824282e-10
8.858029239134523e-10
1.4451268382056274e-09
6.239168085767306e-10
3.3147731835524196e-10
9.975615486620599e-10
1.8878910159098324e-10
6.680661947852523e-10
8.97249774387139e-11
7.210961067890272e-10
7.769265215368437e-10
1.1390921061931732e-10
8.724470849850865e-10
7.155606058986258e-10
8.043244126212573e-10
1.7292783946244416e-09
6.521391414472989e-10
5.342780852902379e-10
5.570443667178408e-09
1.3723146294826777e-09
2.025275989007787e-10
4.544947741542241e-10
4.548224474000654e-10
1.0141141765717817e-09
2.9211356900923384e-10
9.052663675316024e-10
1.6217869462157783e-10
7.423719591686895e-10
6.270804082191848e-10
2.5675223702219882e-09
2.2236641309303946e-10
2.8597136939370608e-09
1.9768764045767391e-10
1.3174417700369867e-09
2.343985300070246e-10
1.0093246957697057e-09
5.463988440328914e-10
1.897798726568109e-09
6.890664046564446e-10
6.633460426106812e-10
4.1393192745592946e-10
6.305169377125029e-10
3.6242889916404716e-10
1.0161310796026484e-09
1.2305764138326163e-09
2.04700853742586e-10
2.033366073361981e-09
6.218964043913054e-10
6.594131326759074e-10
8.768698836743679e-10
1.6195185844696747e-09
1.6864310978768663e-09
2.8366832633769924e-09
4.914471683749563e-10
4.81404264984434e-10
5.1872040564013755e-09
2.0281015256935282e-09
6.125401098015517e-10
4.5107003861626383e-10
2.8457239258789547e-09
1.5565055987400185e-10
4.0574571836525475e-09
3.7542053618389526e-10
1.6321151110674066e-09
7.484947990815279e-10
4.466498153937884e-09
2.158098095775144e-10
2.997345676661454e-10
4.757816072556068e-10
5.706499057224253e-10
1.2690254916446903e-09
4.5546617367427986e-10
1.8038761896098064e-10
1.4983356265476893e-09
3.260380579372997e-10
3.728329724856785e-09
2.1730968604684056e-10
6.55413584641527e-10
5.547395093339867e-10
1.7779663213860654e-09
7.24117697327567e-10
3.6299292603857443e-10
1.724546713191146e-10
1.1390181432404505e-09
1.165791379865242e-09
2.008447202766702e-10
5.671906473400756e-10
3.7850009173077356e-10
2.957939538906665e-09
2.1905189338255277e-10
1.896939213877043e-10
2.120127036468818e-09
