4.487129152371522e-11
2.660037400300902e-10
1.3447179427605829e-10
6.724307886860437e-11
1.2243687848832434e-11
1.1329054418646442e-10
5.138660786762992e-11
1.9999692175434308e-11
2.289932319209111e-10
4.820706396733993e-11
2.480166266729728e-10
2.7421671140803333e-11
5.144477109364462e-11
4.953930763688133e-11
1.3230627903255182e-10
1.1546155670728107e-10
1.0369121340896474e-10
4.609990032175224e-11
2.3854802546605628e-11
4.137472774157874e-11
4.5846113631959274e-11
4.888833869336909e-11
3.966484685610263e-11
6.584604272600897e-11
1.719044845622938e-10
1.0143712721952015e-10
6.683102715747903e-11
6.958402430908823e-11
7.02442398510247e-11
1.9974299128987035e-10
4.564911187961e-10
1.4278114329651607e-10
5.75830675633085e-11
1.5974850778699953e-10
4.393963579680463e-11
8.734536663072676e-11
3.140417662305024e-10
1.0147518292882816e-10
1.219813349530176e-10
3.284844385331249e-11
1.4530103852967096e-10
1.1623790243204847e-10
8.340296227347714e-11
3.553809936933305e-11
9.791796830893355e-11
3.5790826816276605e-10
2.6409369198341927e-10
1.0264397741956553e-10
2.1418127763216315e-10
9.613359689320211e-11
7.526869422493375e-11
8.592716817714498e-11
1.1404920148441551e-10
1.5179293607012358e-10
6.751704922690315e-10
4.325107932841096e-11
9.658622325050894e-11
1.2975475439259776e-10
1.0963183706573995e-10
4.387066278826236e-11
4.427235159422256e-11
1.4736707406518797e-10
5.1993920369061565e-11
1.2930044022022172e-10
4.4614869789884074e-11
4.2721429040247655e-11
2.742840597918951e-10
3.5389863638761125e-10
1.626981779300313e-10
4.282246721956911e-11
1.1715989258800204e-10
1.8334567318389132e-10
1.0570417909567523e-10
7.175884801717862e-11
6.753026312731995e-11
3.690962556719268e-11
3.7323195087353097e-10
1.816698491283925e-11
2.030930661489769e-10
8.458662250750526e-11
6.24952607744788e-11
2.2314877229827092e-11
8.814608727215302e-11
1.3771840332366986e-10
4.436508652275854e-11
7.60678862692241e-11
4.195254577547421e-11
9.755430706276386e-12
4.317594173810496e-11
1.3004789618756476e-10
5.19631411786083e-11
2.0413885206584998e-10
4.33922112371489e-10
4.329150713849728e-10
1.7785512815599615e-09
1.199535410873493e-11
1.045769752526414e-11
1.1729554422321889e-10
1.8304895099809707e-13
9.946002217646525e-12
4.2133496003564947e-10
7.0132012808039e-11
2.147613353356428e-11
1.7687076949918077e-11
1.60612311451679e-06
8.867090436797268e-08
6.047424892815274e-08
9.499316112801359e-07
1.3017849994554258e-09
3.669046348267953e-10
2.444163279339585e-08
2.739595650808733e-07
5.9235567984406686e-09
1.445247011360417e-07
7.139890292754247e-15
3.506475538018353e-14
9.647459413751775e-07
1.7275330769094297e-05
1.0598932490781754e-06
1.6523460806562024e-08
4.01416839043584e-07
1.6473980754295885e-08
7.338062766865053e-08
0.00012422234283965844
8.866748723449706e-06
2.313808995126964e-08
9.89299907886194e-07
1.2023360951509974
2.0047600757781057
2.8780969660899896
4.171107882090267
5.466669527038093
6.114742882637503
2.710655086601849
2.6415968656120135
3.7196262828084192
8.204142661831822
8.4856155553885
4.999644963231091
6.246843155387284
7.627624643885167
6.653263566547413
6.406092326161761
5.0692260564553955
4.0432315557714364
0.4670338446760882
0.2978121997837699
0.05798528800429522
0.030116287218978834
0.01207296048957044
0.3710755414986909
1.3880656181590358
0.7534099605764433
1.582358121215634
2.2381792439488404
0.3885464057002546
2.444186807997614
3.3939255229886824
3.7578225826255935
4.05981772411248
2.935207789843448
4.514470931536092
5.465067759494741
5.902253310564622
6.549388000152598
5.366611273367507
6.26693389865362
5.107273050957297
7.487992763823322
8.97463844308789
4.670096798240644
6.86807098399452
10.130035631397627
9.747669523439923
8.291894029920208
10.102494603573309
7.3674669907496275
8.999505584291606
7.504159433395525
10.242910873885501
8.911496256199477
7.16174079535368
7.577424823301713
6.643352475191947
4.400821830245929
4.521388331446804
4.292950211234217
4.731636997722274
1.0630387380904769
0.28273283520992243
2.773050954746375
0.7950280474325359
1.3008875066052896
2.3553176885889235
2.612953188880128
1.7285781725436808
4.342810405479208
1.2380848696808835
1.829125019875816
1.539493872721095
0.694063768193207
0.052730507969506686
3.969964605093208
1.7645634186572077
1.8480957859717607e-06
0.8176903428282299
1.9656565096771936
2.002757422641099
0.2576822412475791
0.17231114645314224
2.7866278718664654
3.8550357980499044
3.296031285786524
2.838936903525611
0.9259901832993179
0.2798692416127476
3.2953014283549247
0.9604616904986266
0.1533247446199463
0.41380358208604595
5.544597419361101
3.3663687189659517
5.109341703989327
3.7623922834598784
2.54016262117988
2.9897942235040573
7.324622991658098
7.369377923993858
5.245369244302735
4.440834578928535
6.025236567260171
6.229183392385498
7.819764386336403
9.777434939626703
6.884490969519326
7.167986098376085
6.952166136078566
8.67105758583347
8.478023439354255
8.28205172035958
10.338624419163178
12.045780163744633
9.746158235062635
9.041887374907017
11.468256843639205
14.336254662091658
10.516297010878045
10.822065061613372
13.869906263370368
8.595216423929408
9.708279928402316
9.9657018120617
9.630558512738885
8.294419872793524
10.551932404307639
6.130861486735858
2.3458957353718852
4.280647897996532
3.786203394918845
2.2777712705876922
0.9267403147833875
2.7505388354423737
1.8305337359542553
1.0078754064657263
3.73171188534769
2.518971449382164
2.6845277140248545
3.035985526060291
2.870356873683448
3.087219219345177
3.6098060926700697
2.4919695313438104
0.43596194198127375
1.2913574696846104
0.9585093765926329
0.9369826636217731
0.8015886497110779
2.8505550511914173
2.9870946668103118
3.4700769763993153
4.277148474858573
6.399802489058802
2.011428317340725
1.716075503026506
4.666012949117549
4.194537236020162
5.856501653444962
6.704283836338131
8.758767913115575
10.316331300397293
6.4775917180911495
7.461305237510087
5.970068162265547
10.920151822962291
9.913729169171509
10.064598273746828
8.489975549123136
9.31355199146839
9.828515046875285
6.839436735315444
7.3142717139706015
10.733784946920828
12.137864096467089
9.396060257551607
6.5871309417359125
10.920561984917605
8.254433359602565
8.540777613792162
9.236068488207911
6.890903661038319
9.581915396663074
11.038432963928862
9.971665001924617
11.180659302521365
11.585949495829727
13.935809322314078
13.876446727717246
14.025642924653024
15.30319729887629
16.031263371945297
17.008362178765946
18.44389282135151
20.89341730597598
20.36431597932018
22.169095539197
22.40437787244736
20.648408371552062
21.478848056870266
14.036506470486383
11.814571244074632
6.436365472295012
9.353691630669472
8.000989051396015
5.904949935800445
1.1617184727797525
4.618329405800033
0.7966587184788122
0.881950055591352
2.5222979396657084
0.035973862986052804
0.9331395213989978
0.03441136330724955
0.2948539803626663
1.1072220090494942
1.6490552903108064
0.8316162009417175
0.8149148125887984
0.3995264235228543
1.6943820445873905
0.36917535681790176
1.8944428375213151
0.1632242261786202
0.7798391577946163
2.937265871536519
0.2391400987700941
0.11904395096023944
0.8425905840228555
0.1721671634300667
2.1289020910234906
2.4194130103589857
0.6963635743847145
0.11917293096226697
0.26200111605144016
0.48962265395911075
2.2141088746444137
0.12638450858254863
1.7404539000192722
2.5903603189997155
2.8805016230869938
2.94023834130283
0.6577876755135761
3.0135654037125685
3.846241201247665
4.148842473322461
4.997262932665896
6.100813047619739
6.6202222772961825
7.111824305634259
6.849423303927161
13.104830355189664
10.239568745584641
12.15803925937152
14.007982096549751
16.64422205446051
17.711835299726015
22.204293893809083
24.56829260924861
27.881720159295625
29.918423274605495
32.62437097169913
37.625347396284255
46.82201375726905
49.06469341722244
56.10005767577378
62.369249846802795
71.43407520593522
75.87990162600396
84.65376090341313
91.97816108471028
91.6175163397728
93.76148993916358
90.24025326792231
82.0226585582571
73.80718943680175
62.83162950870702
55.0568788821886
43.15484186371587
36.5366895851005
32.79271540712641
28.18490478571385
21.718173484218735
19.411761399876912
17.34903811114293
21.580905928406736
15.541807589499166
16.684373925170785
14.39567486382144
15.038692872966735
14.619882127267186
16.033651824099174
14.20857428263972
16.37463156014768
13.812611527297108
15.932780842950125
16.336531299760154
14.972773017194367
14.565356389695996
11.467544537019759
9.625926576281314
9.717352320963986
10.2133300041249
8.23957926342411
8.718122220357982
9.872992065222325
10.750079536430597
11.871867156191932
11.979786173385362
8.244885542328731
11.869693424807691
9.550568608775755
8.833577011461632
7.370039877554598
8.918599995365673
11.42053475952115
13.079637251372176
13.78899002332203
10.655565244594607
9.811375049564086
11.040571322546672
8.095616245273197
8.891916265389508
5.581329681977333
6.710665732857897
7.409001115093887
4.264414364344616
5.888138562394676
3.7690776251431686
3.380328223009343
2.0041922810478603
4.061019963268413
6.3434339739381
4.689061534863206
2.670298908368465
3.982855159632788
3.5264076997975953
2.4255868482411476
3.3501359003398963
2.293211720071145
2.3161993323428893
2.2357853918950132
3.052289264488451
4.159764458248447
5.511916015997661
3.7671410410195687
0.8087011251517691
0.5583314807774264
1.702289547498911
0.06746732423987871
2.510201655113453
0.1430201481245191
1.8262924866107564
1.8530098281162375
1.1968818416504126
0.0504434153400518
1.7976239316971474
1.432286344633283
2.2470887648625717
0.4517672859760808
0.8861286376581275
0.5887342787586306
2.762628120691948
3.5808578633192734
1.7532090773575437
0.4343422666084711
0.8176459098769833
0.04528809617548295
1.0262720215689227
0.31813035967803865
0.6823495009345134
0.03317686222407169
0.4192271822721165
0.8927045998784724
1.8475969748199814
2.75972040067941
2.208004252566869
2.0770728925432644
3.6905844866402644
3.6212945607217515
2.295224950828447
2.717048385958438
4.630689222340215
2.8337484292939297
1.878796402265851
3.549808124810656
5.396035414195032
4.619454953462789
3.4067888931114356
6.961866065986707
6.199665722215817
8.639401730964336
5.869993685113417
5.853071699642063
8.553821015019174
7.007029083058701
5.3954310866204
5.422482947601284
2.8815449961667454
5.387712296223698
9.060971639549614
9.246845330939356
9.278864540782845
8.470974013302584
6.805958649373196
6.449249961798312
7.925757578457777
7.073205782105563
6.828494502209336
2.714522962738275
2.3421699216855183
4.99330918089838
6.902242828706225
3.3014657679195287
3.4810145557574375
6.272022918645924
1.7925061544442984
2.0563998880817036
2.783736991264594
0.684154074234856
2.2307701332018035
3.308218849553998
4.34495686051267
1.4932984057322194
4.80631613820462
2.826168674188518
3.4676700773595677
7.742985199027044
7.579575995755359
4.888613304962241
6.01677914982973
6.751663383655326
4.837156376687969
2.6507159310033703
4.888845231929786
6.326405952546704
3.2345906908515207
4.885022962860878
6.474250770832688
5.230845673422937
4.598725885676686
3.926872229330072
7.441702412791168
4.823647370954244
5.734127059722069
10.82716990060488
7.603956729938471
9.171925518436076
9.909300624154328
5.240583424030907
4.081060789175049
9.022526597636194
7.356769055738247
3.6539899797445035
2.5045086937775403
4.01270706633141
2.840330125758154
1.9272421185427182
6.202553504303714
5.365259451767642
3.2656288650947016
5.833303705712345
2.6213556317890876
2.52564486433112
3.2756191155927112
2.209155052467391
1.116066436757163
0.8155559757856634
0.8881368507311852
1.9992997525483012
1.8392620530610664
1.080409260021925
2.266982740435243
0.7419695206746747
0.6482231530671171
1.433431272458863
1.0305369343085802
0.025009898281873576
1.46780832217694
2.885154362052999
0.9366474698812166
0.6057167696068516
0.23859242938293238
0.001786179922580902
0.06893022576042061
2.582615450185958
0.6040697212531251
1.4872861103358472
0.8675231502754829
0.2774828359385244
0.07674274712365282
1.060769621397038
0.07678286305165713
1.0769762383188586
0.132789307010903
0.46335887369437484
2.821350643040449
0.10870395547983822
0.7026746674587135
1.710566905814407
1.0362193709801129
0.4122927019371413
0.15331407641391123
9.810664293781402e-07
1.3777026378830406
1.773422293591035
1.5880093156619774
1.036801806453985
1.6483213946050084
1.316407924634887
4.039692023004415
2.2254474011020986
3.052793689548422
1.6785282787012048
0.8090635138909659
0.6957928633564205
2.895582346431434
3.0888585686448846
1.1667705282794059
1.6996858868770028
4.266550823861377
1.4034234852756313
2.552739553277885
2.317528285864239
2.2631820771291786
2.7560318516739164
4.898995504790962
3.5985099775447305
2.1480380108277486
3.3309676970964257
4.579056520954816
3.8370510744208586
1.888390902091357
4.035829076047803
5.33223740539475
9.125603718096336
5.618753276236785
11.667166912841163
10.003317209559915
10.019483667962445
12.685405735960392
17.589222058924996
19.352514070190463
24.195520355337454
28.522333021187784
32.673237140695754
36.820284655137286
42.50867626729961
51.34106136095634
59.99590938250233
65.02987804810617
75.42947237769752
89.65957861522148
105.41797413169859
121.86119658527541
138.77242720604383
153.90867710881332
167.57244183378222
175.31834362034724
167.36553010739718
156.899896844221
133.75904444779835
111.79895167809302
92.26651941390068
73.10734338174146
59.87415477617559
52.97106939514654
43.00903578378569
34.91346419750305
28.074056373508355
23.327975410594515
22.881981943407737
17.29297849187861
12.50202430423512
11.66164854628944
13.193084683564768
8.82606383873554
11.85386415583216
8.523828470020371
9.175466903957018
3.301179488195286
2.992458668890063
4.319449787326577
7.756333782502564
4.861766334282686
3.1115093883297784
3.8823386745368214
0.619843499262227
0.010619285394957318
2.3681040995878355
2.6783134098373633
3.985918914590722
3.070273898001571
2.6991305402758825
2.005913961488093
0.4128933861023485
0.28531586732131425
0.19970739363124537
0.23811897944419438
0.41130661735253093
0.048832113771721294
0.8516300224329111
0.20954751725155643
0.505331230954013
0.029780434379342125
0.7428556958900395
0.52576752370974
0.6470783263879185
2.624357713496277
0.9629336072928859
0.2870713691209677
0.4952681988924023
0.5873698702805047
0.2959691609771897
1.4698516582932155
2.0110879736388254
0.4591035171726782
1.6547574107453231
2.3056228435606596
9.270577628258743e-08
2.6667557957866914
1.51232650268337
1.414809433978902
1.4982687580391834
2.742602539017686
3.374963240266582
3.058558884600414
2.5601189677327314
2.393146857836174
0.02362673572075058
0.7682976557219767
2.6741671881108924
0.581262286676636
0.26279183512764714
0.13101279271908456
1.4381011183033008
4.140843992732689
3.7942205599795673
3.107176589656014
1.1880261541205095
1.1627909875969544
1.5232168401932777
2.1423798432795884
2.1910501695245097
2.5452495151535697
4.319261258944779
3.5327428745325973
0.4391073308241565
2.1781782170692
1.550955408747594
1.2496344531536248
4.814843116232099
1.5012443190195937
1.0589746976255758
0.24615419435394106
4.034155873107042
0.9225553825174372
0.028153191861628974
0.13282782787362746
2.735756732142081
0.8472816962950467
1.8299976009338943
1.7768534183487739
0.9388326875669726
5.030587098141213
2.34657321038646
0.3712827355547689
1.7918468778980425
3.911657695907921
4.214991825469112
1.1864622109969871
2.2924431156566825
2.5088089572801158
1.2458716840215274
2.166416319686646
2.800076173136545
3.0435650445631866
2.4632018431227283
1.3610015406444058
2.468092076005966
1.5118031068923423
4.1379256956873105
2.39986847805952
3.514479402898274
3.0359382563311224
1.9815149924252402
4.79639878953807
3.070605648658719
2.6603054516869302
3.8915960602851873
3.724556443156418
2.5441258899304446
2.9482323779166895
1.6386628667706702
4.219589266453479
2.7819937955472955
4.748448685835956
5.100131619048286
6.486106169979962
5.399165884689207
3.9107660796279995
4.702760791782873
3.784842200457602
4.656000395317179
3.2774078605991095
6.003018367516978
4.972494124123807
5.555499006398738
4.45909042012646
4.14175585626856
7.795840770098969
4.499290185034883
4.34839021953706
6.3827323956029165
6.896041880592392
4.475362775942688
4.394021899986437
5.603612237255979
5.462431886953006
3.531991125382982
4.671779914826886
5.909880168281343
5.977034191459063
4.782248365102658
5.524915278517901
5.671245896486207
6.19517220695484
6.1134488178253825
2.7811098097862597
3.99820425843088
6.256181175733022
3.728356291063112
4.542372430393095
3.4510096412637274
3.061564127816077
5.22048284347266
3.2523875401014353
3.760330163532679
5.438704406920634
5.170517634052002
4.877022876692398
5.183346525545993
3.773878158413251
3.7355782921343352
4.4200787679862
4.216215118357634
3.0071213713264076
6.865007082315372
4.4282944141490646
2.8513236715469508
1.2529497849752438
2.1393676021870407
0.33258200705029295
3.359715293901762
5.17869822287861
3.7727149352890605
3.664492819618616
0.9208104959447687
0.005078194508639894
2.147401775829267
1.038812269941068
4.162235252064075
0.3173737288074859
2.154204609429561
0.0749894339768612
0.5115278883085115
0.22694595846276017
0.23902457105522687
1.3946976795417627
4.132669575031296
1.9030972765096488
0.724193497004753
3.772077756125515
1.855694045602637
2.322830866394204
1.6030505263838268
1.7867917939654496
2.280060373935379
0.85469907293785
0.11257840631831229
1.183253090493767
3.0869854228792577
1.1973487006746657
1.2935465136808209
0.15929118993882518
3.4924299260108467
2.1407575142790543
1.724894416004124
3.2926031566587115
5.087213573130469
1.3801241226103458
0.27278122671602995
1.3036888946992276
0.8361561715252562
2.368001883452461
0.776122933477303
0.9543754854177442
2.145476875180568
2.11267807867397
1.7783126625877932
0.7509482233469095
1.2496631783102838
1.3748717753200654
1.6997702205944027
3.6563519825207615
2.412144594484464
1.8379539857410538
3.826724919947446
0.3490997463003466
0.31667953973979523
2.5333714360384976
2.617366076359902
0.679640240512012
1.2185329076205296
1.9510757645790087
2.618900783045271
1.6207054652944575
0.8422027091638296
3.123209336528116
0.27674054615717325
0.08282226260835902
1.1252867748950866
2.2930272970994223
1.546548314923462
2.7540951428149194
1.6524069727549326
1.7022574630511542
3.198004112805904
1.2755376868898338
0.3774165981549982
1.202559030493812
1.130817479635986
0.5058987152308927
1.0175437467918906
3.438567354786986
0.7431443399186782
0.47941127856516774
0.22431647297559046
0.20373064910193509
0.05151531649183665
4.594871032869847
2.9356511593230756
2.1355470684988997
1.4319066984341828
0.25356704201389346
2.9170690484900867
1.4317811243236345
0.4459815258054753
0.17847178459329413
1.2978095158263037
0.8042500931568359
0.02056671036414763
0.8677939945586376
2.1927584325973113
2.0467982385817023
1.3601399582799196
2.028135571274436
2.624339277438495
4.161676948253684
1.5220834479191443
3.085313082216317
3.305085613842812
3.3424415104589733
5.266857052855767
7.904324949413734
6.8511878258002685
5.470037091358417
8.474535193881035
9.191856710076046
11.072413567109043
10.792490723628024
10.78517872048596
6.373055727262408
14.408135624545803
14.677131338043896
12.604640727784762
17.564016799144035
18.664445111989007
17.10271230747654
17.01994684608398
16.945801242721377
15.292879742781338
18.06454987779705
15.514976219482811
16.00820228914528
16.187543773996673
13.937560698197286
13.267265207845385
10.191473966531555
10.079288470589823
9.470486841803975
6.522686773863062
6.219344472673315
7.297073591314154
7.2019192110466665
7.45622107432101
5.497985086540678
4.417315679073229
2.947666657198819
1.458451615605521
2.8099422785873696
6.216977031736727
1.9789781743976835
0.18173944672999837
0.6580010869362386
0.32387024588635016
2.227482863971634
3.341798774587164
0.8412885883610137
2.1201711976389395
0.2679484182225704
2.9612139602661443
0.8032863898904561
0.18716246419928245
0.9947958103644258
2.3125170482722854
2.658189025614819
3.146950301804057
2.3796130439960135
3.2062132393223077
5.82149387322183
7.2001951824467305
8.671866391993802
5.832555363204227
6.386861551208453
9.75676176763742
8.405955141839296
13.786096387606635
19.271505338704266
17.994837252917637
20.523455673300006
20.08533492143135
21.345518299895094
28.321586636316365
26.268777129004956
29.131330767064096
29.785658965008757
32.22858957626214
32.143356325960234
36.05755417645387
33.54969922472587
31.882722219666267
34.53603109088043
28.94835021297858
26.419506149233083
28.43433069178037
23.628561364909828
25.020501800262082
18.325144601475895
22.608394368406163
17.025983568133412
18.538585129483675
14.403886749777758
14.338237107283476
14.696995650190962
15.548569571597712
14.770775453882777
8.896789397341857
8.490731552469153
8.26067167613492
7.029896544263809
9.579210085102943
6.4233578109254825
5.326796012872935
5.250820807004527
2.647230539981783
7.228848987510503
5.662603929824805
4.465251998887356
3.4607935245068795
5.456304246302817
1.3111147223826936
3.5193124645454548
2.8771890403196667
0.004400843709388947
3.0429023116614675
0.4818442278731355
2.1633847780504007
1.9030202405072236
2.3282422480544915
2.279657345606614
2.668108628421496
0.32320794690641846
1.5453374745655308
1.3047923434682627
0.11516942581143111
0.1555182473619841
2.5775050435076263
0.10685455188106976
0.8893422637912545
1.3788359431893915
0.01356487694079319
1.2598761467635209
1.8200259975492503
1.0911606166422996
0.35793370896574167
0.05578175073888189
1.1858088741459751
0.46637802706284304
0.4591498337428882
0.33395985860787303
0.4020589486945133
3.755802013025522
3.70010046212693
2.288208609428467
0.7253235170699691
1.2493836464176669
4.078707182807776
0.933868451948609
1.8396090885406315
2.732881565593781
1.9973013180100196
2.6341028058395985
4.825335450000888
1.3747277171025407
1.2604691651590203
3.6692839536661257
1.539351007307424
1.837591933537199
0.27293521508517593
1.239614031339506
5.602234950618626
2.60667287343094
3.67039954442097
0.8949391019923173
0.9214739173821787
3.733465224019199
2.7344140309710263
1.1810887305116127
1.0262570486980465
3.3387276795365692
1.8044070981604035
1.1598360853297527
0.625932531747692
2.713759627207795
0.5931148323072132
0.12573983515173004
1.8465782350033066
0.83953943360786
1.4738296568448366
1.0568881066802511
1.643142652901689
2.413319215102245
1.881337202540143
1.9004726833317098
0.8268207418839394
0.381894862007316
1.7132631300703614
1.1012479444034569
0.34365474716318384
1.2105590027345468
2.4668730658356894
2.1340283183767412
4.205670037220724
3.2028309874488636
4.163010212911141
3.160714136461603
2.7692788724329827
2.208134510969991
2.614914945803153
4.123500759012119
2.0023184596916694
1.3804695712057111
2.5555454927346166
3.8122925835669212
2.780826576652387
2.290144388577246
0.6224057785824966
1.4754335819483773
1.8964748320628404
2.4117281718222947
2.1299947951715126
0.9269934559465172
1.0473366340920391
4.301433859506229
4.072325621082141
6.299526095966318
3.2080992057771085
4.335988538652977
3.762265121845017
3.028096453621152
5.144646382645944
2.4951562236539018
4.106375783165092
5.8304926299294415
6.03127739411973
4.48162338163418
8.407819849781173
5.790819156137529
6.044871715875984
5.061861032022508
4.224556449928811
7.641824129375121
6.1540532764480185
3.768200169579162
5.993655457162244
5.48560301995912
4.996090501521888
4.904702845805077
5.712777824313564
5.184116106047447
5.546870574216521
4.235566139019632
1.4215559377609526
6.744813957899478
4.9800221620166685
2.7360147036851052
2.690157068945615
3.2220054911076916
5.926389685507936
3.47707863251563
5.272112111604003
4.189057181008649
5.3760555203939075
4.810439782700176
4.621184488452942
3.6866758016993817
1.4459603496596973
2.7800160573665402
2.5502319358995322
3.4906072297564825
1.8548439652217046
6.849790998651281
4.299758584312293
2.0569611566200905
4.594068526633869
4.713480998533014
2.1913809700623843
1.0514246861700773
1.9586494194373598
1.4678312404968175
1.2184872613051028
2.531277658966261
1.8716967781287852
1.5211567610588979
1.2968605653254497
2.32008340805039
0.9998571249862862
1.3796794766592075
1.48040852273481
2.6781492458672127
0.1135230200910662
1.7648879192148832
3.0230811014360035
1.51106047529382
0.07541017529861142
9.932562316364022e-08
9.16659457952032e-06
2.6080582064107807e-08
4.3093544098680645e-07
1.1274078123104407e-07
6.243206943212659e-07
3.141157873905674e-05
0.0019254055274291774
1.154826318338018e-06
2.0974016185033673e-05
9.127945979489165e-06
1.5778583349412842e-06
0.0005887860791703939
2.4038983938979297e-05
1.5979545596394773e-07
1.3204893272305492e-08
3.2600666523199377e-07
5.280573601287996e-07
8.91962846872245e-07
1.5743805716838165e-09
1.7921378429940775e-08
2.495942432712335e-08
8.370910834648782e-08
1.98023019649417e-07
2.680832518812857e-07
1.31836087938399e-07
3.867383999696128e-09
3.474504012471445e-08
1.2920686649851004e-09
1.2511835832650356e-08
1.6659550653038472e-06
4.3070894494470877e-07
1.6080288249107935e-07
1.0968768130318981e-07
6.104533756372652e-06
1.411994743631715e-07
2.0664153509346367e-07
2.6027747797384768e-08
4.585376866264846e-07
3.897262990874098e-07
1.362796189384607e-07
9.074265880824561e-08
2.2673161262557913e-09
3.5337755801496105e-08
7.492237642479247e-07
2.3367604171902356e-07
4.0823696973147274e-07
1.6967178637380308e-07
1.1070284594869683e-07
1.256806813954914e-07
1.0802130620577221e-07
1.2277784951724392e-07
1.5094393668612248e-07
2.1416028299140277e-06
6.580772497691169e-08
1.492913069009939e-07
5.423850152877782e-07
7.742277647541257e-08
2.129659950285639e-06
4.255893666050934e-09
1.4448389996673326e-08
2.893629960992602e-07
6.921047263078303e-08
4.1221690993428314e-07
9.193416415855969e-08
1.3077568081929795e-07
1.6753734486599932e-06
6.315151807229913e-08
2.2599178142502412e-07
1.229970670450769e-11
1.743294124593969e-10
1.8020106375570571e-09
3.4653111434058443e-10
7.839860258721969e-10
1.1695903476652912e-09
7.190785339856725e-09
1.8018298065406298e-11
8.636923731472379e-10
1.1747100614983757e-09
3.274603928024203e-09
1.1368310318414108e-10
1.0604458243666018e-10
2.9068261367633223e-10
1.0662166045690556e-09
3.899524951879392e-09
1.2828574659581414e-07
7.063608914073692e-10
1.7608104754345767e-09
1.701401086264144e-10
2.92761266556511e-10
4.717737659693475e-09
1.3950806525080526e-08
4.716465571546768e-10
1.0736008198178658e-09
9.920426869405847e-09
1.2333839175460947e-10
1.0492823550662614e-08
9.238978043016045e-10
3.4715981087759687e-09
9.695215423921863e-10
2.881619156798072e-10
4.934800972159558e-09
5.280567693130638e-10
9.042093558420925e-12
1.5228236070750718e-10
7.174623953057183e-10
3.5337936271096877e-10
1.1225931229861935e-10
1.29858046580167e-09
2.3714369696028493e-09
1.0968574517352133e-10
2.236975601389169e-10
4.10672274448803e-11
5.845368580818528e-10
1.1112299078539292e-09
2.781300388589086e-09
1.806112948314353e-11
1.179653345078112e-10
3.593928812751995e-10
1.7986911266156585e-11
3.1646155253865286e-10
3.464386235276627e-11
2.823407897352506e-09
6.236438890909823e-09
1.541317811243698e-08
5.18640445980751e-10
1.8890752076086963e-09
6.667797033815583e-10
1.7228700375193684e-10
2.037419688060974e-10
5.860629076340344e-10
1.6312194523544128e-09
7.397064564846868e-11
8.309022738660859e-10
1.9722792925743425e-09
3.586486055752463e-11
7.001270778739417e-10
2.000710024353706e-09
4.307876938830134e-10
4.904292492123023e-10
1.1249245570839862e-09
3.388600326761378e-10
2.7671621678289345e-10
1.4916799616909929e-10
1.7000754517819703e-10
5.972800368553783e-09
4.246305508642931e-09
2.453226591537123e-09
2.6958711159807487e-11
1.0050273244235765e-08
5.856650975505322e-10
8.82028584652197e-10
5.1438199426950384e-11
2.2484818912656627e-10
3.052713854162141e-10
6.42361578512138e-11
1.915358274695043e-11
3.552386529249108e-11
8.404382506533184e-11
7.137444142995467e-11
7.509491989261131e-10
2.159831767718378e-11
4.5695077627314837e-10
1.4463314935696447e-10
1.9041284300019784e-10
1.6135528735824028e-11
1.1614121359929603e-10
1.386994419007039e-10
1.6026587258131451e-10
2.372392352853057e-10
1.1637967792960724e-10
8.178332678329947e-10
1.298616764331581e-10
4.279511267069836e-11
1.0119499830499927e-10
6.183176558769056e-10
8.980917248008805e-11
6.269871096518928e-11
2.3771635763644982e-11
9.198420211118757e-11
9.97587782108221e-11
1.0337850032162205e-10
1.5915851565865227e-11
1.9493227388833418e-10
6.256512408872966e-11
4.590656048789943e-11
5.810931279975845e-10
1.4000852098333525e-09
1.707493673926928e-10
5.4350309545448624e-11
1.580642883852063e-11
5.820662143188064e-11
7.099508905810158e-10
7.306182011302991e-11
1.3518271597222556e-10
2.4832614210324794e-11
3.3944324956030017e-10
2.40224270518286e-10
1.9232675858413585e-10
2.9864906504449986e-10
2.7074271969008884e-11
6.583209483661185e-10
7.38706609222802e-11
3.3229950596073944e-11
4.031399727357464e-11
6.942982829796461e-11
1.2294940831490827e-10
3.9113674075432483e-10
1.4292762480325373e-10
2.7254953420964007e-11
6.777749310037762e-11
3.6782997721633445e-11
1.9633754953998797e-10
3.6308053562535885e-12
4.56111820686577e-10
8.911583828388565e-11
8.149722459209676e-11
2.6662878011717265e-10
1.5942316944847199e-10
1.1609746314765951e-10
1.7138009906629764e-10
1.5433525895314393e-10
2.0384557555899475e-11
4.94282459672219e-10
1.9149658597123264e-10
3.000517109840045e-10
9.167383772027188e-10
8.866024301449657e-11
8.973590932992969e-11
1.304485606193813e-10
1.1073548399378627e-10
8.787225751621349e-12
8.512251563853774e-11
6.50935142289839e-11
1.790649578241132e-10
1.0564974161461048e-10
2.9598851944551225e-10
1.5855572835444034e-11
3.399663517735866e-11
6.268089928987218e-11
3.282198257406954e-11
3.04577967570315e-10
6.128368973878569e-12
5.779482329800885e-11
1.1186448562152054e-10
2.026231667549396e-11
4.489176877355463e-11
1.4917114981441207e-10
1.3559866933042446e-10
1.5974514393498733e-10
8.361309286967544e-11
6.873272195332132e-11
7.2660774313078e-10
1.3423421946175202e-10
1.7873957931305796e-11
7.256920754309659e-11
6.948549223142114e-11
1.0442999958729877e-10
4.196806566632274e-11
1.1260866040998717e-10
4.5753780275392054e-11
9.508945535211764e-11
8.464044164151984e-11
3.1839634055118646e-10
2.0852307301169454e-11
4.0633999331098285e-10
1.3607022426278587e-11
3.2828531362749703e-10
3.813808151372565e-11
1.8327005769321913e-10
1.0887408769445003e-10
1.839801583871133e-10
1.263050333247632e-10
8.295361225598022e-11
6.059285353708883e-11
5.246510892594262e-11
5.4630342261882674e-11
2.0139626802629133e-10
2.3039301919318517e-10
3.305426483644674e-11
2.4183924001463276e-10
5.086749345714284e-11
7.888316367698705e-11
1.1270256129172808e-10
1.6974583240527588e-10
1.6866017684108054e-10
3.4227516610075664e-10
8.83751560911393e-11
5.071645947885329e-11
4.844984252380152e-10
2.331639270944599e-10
4.239672311717588e-11
9.817678272896908e-11
2.6291300215439594e-10
1.9331144423556512e-11
4.861567018458793e-10
6.884557759637856e-11
3.239986206542279e-10
1.450006519374891e-10
5.610585314369936e-10
3.7907440069470496e-11
4.269795159122776e-11
6.536501812019844e-11
6.731208045251426e-11
1.633311305113719e-10
6.044009259629959e-11
2.259202906245874e-11
1.95108263330126e-10
2.1442904738881817e-11
3.276177151121752e-10
3.3455742625881736e-11
5.959794128594193e-11
5.949816136956722e-11
3.2449741923397637e-10
6.244928029908916e-11
5.1661312207340304e-11
1.967875946580112e-11
1.4561007194130235e-10
1.3874192275256726e-10
2.809055404427377e-11
9.610727623209426e-11
5.846126665286406e-11
6.151797540153641e-10
3.5137984237100906e-11
2.4127342758130592e-11
4.85944440174882e-10
