0.0,0.0
1.0,0.0
2.0,0.0
3.0,0.0
4.0,0.0
5.0,0.0
6.0,0.0
7.0,0.0
8.0,0.0
9.0,0.0
10.0,0.0
11.0,0.0
12.0,0.0
13.0,0.0
14.0,0.0
15.0,0.0
16.0,0.0
17.0,0.0
18.0,0.0
19.0,0.0
20.0,0.0
21.0,0.0
22.0,0.0
23.0,0.0
24.0,0.0
25.0,0.0
26.0,0.0
27.0,0.0
28.0,0.0
29.0,0.0
30.0,0.0
31.0,0.0
32.0,0.0
33.0,0.0
34.0,0.0
35.0,0.0
36.0,0.0
37.0,0.0
38.0,0.0
39.0,0.0
40.0,0.0
41.0,0.0
42.0,0.0
43.0,0.0
44.0,0.0
45.0,0.0
46.0,0.0
47.0,0.0
48.0,0.0
49.0,0.0
50.0,0.0
51.0,0.0
52.0,0.0
53.0,0.0
54.0,0.0
55.0,0.0
56.0,0.0
57.0,0.0
58.0,0.0
59.0,0.0
60.0,0.0
61.0,0.0
62.0,0.0
63.0,0.0
64.0,0.0
65.0,0.0
66.0,0.0
67.0,0.0
68.0,0.0
69.0,0.0
70.0,0.0
71.0,0.0
72.0,0.0
73.0,0.0
74.0,0.0
75.0,0.0
76.0,0.0
77.0,0.0
78.0,0.0
79.0,0.0
80.0,0.0
81.0,0.0
82.0,0.0
83.0,0.0
84.0,0.0
85.0,0.0
86.0,0.0
87.0,0.0
88.0,0.0
89.0,0.0
90.0,0.0
91.0,0.0
92.0,0.0
93.0,0.0
94.0,0.0
95.0,0.0
96.0,0.0
97.0,0.0
98.0,0.0
99.0,0.0
100.0,0.0
101.0,0.0
102.0,0.0
103.0,0.0
104.0,0.0
105.0,0.0
106.0,0.0
107.0,0.0
108.0,0.0
109.0,0.0
110.0,0.0
111.0,0.0
112.0,0.0
113.0,0.0
114.0,0.0
115.0,0.0
116.0,0.0
117.0,0.0
118.0,0.0
119.0,0.0
120.0,0.026007198708624557
121.0,0.025657089115269205
122.0,0.025484942485925366
123.0,0.025553913164429898
124.0,0.0256612850620368
125.0,0.025564773960589426
126.0,0.02490313203937955
127.0,0.023558217632061784
128.0,0.021844287541835983
129.0,0.020110557765319226
130.0,0.018369793101611798
131.0,0.016522151515266814
132.0,0.014618660458872834
133.0,0.01281713921096006
134.0,0.011269242888744868
135.0,0.010041354960827698
136.0,0.009099922955503659
137.0,0.008348543651927387
138.0,0.007880122379696708
139.0,0.00838051891055136
140.0,0.010584795727268559
141.0,0.014155815783730374
142.0,0.017691251206222947
143.0,0.01977247383167635
144.0,0.019773993195038697
145.0,0.017869460567953244
146.0,0.014985424061014774
147.0,0.0124873401979948
148.0,0.011514812292419019
149.0,0.012515887957102234
150.0,0.015030350971093731
151.0,0.01803512057633061
152.0,0.020302557776042507
153.0,0.020847363693398235
154.0,0.01962069279895917
155.0,0.017568586730971614
156.0,0.015853626119207487
157.0,0.015001229905015179
158.0,0.014970045323714709
159.0,0.015501551204235686
160.0,0.01614483306685488
161.0,0.01644148390096911
162.0,0.01613915161265278
163.0,0.015303122419064175
164.0,0.014244209260063423
165.0,0.013407467744464885
166.0,0.013412961679499236
167.0,0.014664824793350184
168.0,0.01681974007508935
169.0,0.018956990995079748
170.0,0.020276306904656982
171.0,0.02054701089253752
172.0,0.019998506066372546
173.0,0.01918046521867378
174.0,0.01875476820223576
175.0,0.019153278881919644
176.0,0.020406151010004203
177.0,0.02214413175318064
178.0,0.023835320978934704
179.0,0.024821295967098367
180.0,0.024426380579707807
181.0,0.022632482324868475
182.0,0.020334970854314793
183.0,0.018792043400358338
184.0,0.01880033276301274
185.0,0.02029204307497856
186.0,0.022470007670865377
187.0,0.02419797647619526
188.0,0.024637208400230648
189.0,0.023585092354920012
190.0,0.021480819462286527
191.0,0.019123139142498302
192.0,0.017315240269291876
193.0,0.016879326907447867
194.0,0.018187908476706816
195.0,0.020576059600677654
196.0,0.022573229071528145
197.0,0.022691040343902236
198.0,0.02043916901310161
199.0,0.016709243767564885
200.0,0.013103787791843735
201.0,0.010757636244607127
202.0,0.009902456802366344
203.0,0.01026717127252419
204.0,0.011338305439737906
205.0,0.012636336597224296
206.0,0.013925926543545963
207.0,0.01522137276673674
208.0,0.01656088102709319
209.0,0.0177968077218309
210.0,0.018771342090787457
211.0,0.01949160714663034
212.0,0.020043256395753772
213.0,0.020448238547959963
214.0,0.02058926042426168
215.0,0.02028795917062587
216.0,0.01955041979173522
217.0,0.018618373435309366
218.0,0.017731724109175118
219.0,0.016976194252893095
220.0,0.016368437386945822
221.0,0.015928552500322102
222.0,0.015685597631093895
223.0,0.015715470553290478
224.0,0.016183230412085137
225.0,0.017164718052605665
226.0,0.018422522841538225
227.0,0.01968647506584098
228.0,0.02109631354926622
229.0,0.022902051519662736
230.0,0.02492367855580535
231.0,0.02657829014478985
232.0,0.027266132384543895
233.0,0.026752418073923034
234.0,0.025285145890569516
235.0,0.023409614181554517
236.0,0.021599136627402427
237.0,0.020090471971501933
238.0,0.01889664472518815
239.0,0.017951012954948387
240.0,0.017282129004512536
241.0,0.017042407483544797
242.0,0.017389542758267096
243.0,0.018240435432657298
244.0,0.019235205118077303
245.0,0.01996161820684539
246.0,0.02020911546400528
247.0,0.020035460698218266
248.0,0.019732455592062603
249.0,0.01972378263692076
250.0,0.020350537600298035
251.0,0.0217468231912733
252.0,0.023664086013453933
253.0,0.025448732085258552
254.0,0.026260728643980547
255.0,0.025361352190707787
256.0,0.02278206966321239
257.0,0.01959673391146788
258.0,0.01736821772741648
259.0,0.017241029197321178
260.0,0.019232362080747745
261.0,0.022290012387139235
262.0,0.024781014632312526
263.0,0.025368314463061648
264.0,0.023749066666582608
265.0,0.020706585914227138
266.0,0.01756846112220478
267.0,0.015385580667947929
268.0,0.014741966868410561
269.0,0.015679012526793046
270.0,0.017529403984599123
271.0,0.019302966934744648
272.0,0.02032241629315701
273.0,0.02056848699770053
274.0,0.02040122705623937
275.0,0.020206306263123586
276.0,0.020252139805687852
277.0,0.02060509690088297
278.0,0.021207957231138885
279.0,0.021947572612597166
280.0,0.022690733211186864
281.0,0.023353576996649306
282.0,0.02393363264243009
283.0,0.02453619534017748
284.0,0.025344175676853986
285.0,0.026527059394965025
286.0,0.02815733392201558
287.0,0.03010751592776517
288.0,0.03208430458299949
289.0,0.033892621086484165
290.0,0.035602520512121205
291.0,0.03728026231454418
292.0,0.038745721357439256
293.0,0.039703435012585664
294.0,0.03996796832987748
295.0,0.03961528034265782
296.0,0.03886795640444218
297.0,0.037678472263762974
298.0,0.03568962380406404
299.0,0.03271332539091343
300.0,0.02913216533994234
301.0,0.025953171282430687
302.0,0.024332897932590192
303.0,0.024979421160233883
304.0,0.027684783171602168
305.0,0.031394507880217026
306.0,0.034757476376699126
307.0,0.03674015418131493
308.0,0.03719575509853035
309.0,0.036850794341071746
310.0,0.036668730813615324
311.0,0.037083478921060675
312.0,0.03798321973302332
313.0,0.03919460108948036
314.0,0.040816724489125655
315.0,0.04328051490306184
316.0,0.04687732640875508
317.0,0.05134320143967497
318.0,0.05586563823252699
319.0,0.05948306293347039
320.0,0.0615323834055711
321.0,0.061917757631502424
322.0,0.061067265074561394
323.0,0.05944400972244068
324.0,0.05684672063539331
325.0,0.05261545898838971
326.0,0.046944895939862064
327.0,0.041092948262073214
328.0,0.03616683788402353
329.0,0.03239922500723036
330.0,0.029490054613608874
331.0,0.02700299091065894
332.0,0.024600111430555183
333.0,0.02217317578136191
334.0,0.0197479004339961
335.0,0.01736733546506497
336.0,0.015002530604739772
337.0,0.012541797379795994
338.0,0.00985588881314936
339.0,0.006981954950715075
340.0,0.00421447513902784
341.0,0.0019804644765000212
342.0,0.0006056738886006663
343.0,6.443844426251566e-05
344.0,0.0
345.0,0.0001622703914667678
346.0,0.0006885210386357032
347.0,0.0017017847525062635
348.0,0.0029713337848724652
349.0,0.004052803242999059
350.0,0.004583978441524361
351.0,0.004488488201343399
352.0,0.004019777191353491
353.0,0.0036270818738027844
354.0,0.003741420426261244
355.0,0.004710526292875494
356.0,0.006586088606865048
357.0,0.008915368242493504
358.0,0.011073056533515646
359.0,0.012846472713955781
360.0,0.014432819790692886
361.0,0.015952606487523835
362.0,0.017123762277085897
363.0,0.01726998134347657
364.0,0.016004685127761542
365.0,0.013839939769317189
366.0,0.011907155195220342
367.0,0.01118555045293701
368.0,0.012023734240960038
369.0,0.014135029744825944
370.0,0.016820012005719587
371.0,0.019420876481837324
372.0,0.021531681409695413
373.0,0.023054887508349498
374.0,0.024207387925415658
375.0,0.025343350278871135
376.0,0.02680621843058506
377.0,0.028753990040184085
378.0,0.03106704608485511
379.0,0.033438667095198715
380.0,0.03555927088742039
381.0,0.037312965719417
382.0,0.03882448222359014
383.0,0.04034348167610313
384.0,0.042050135772573216
385.0,0.04397980829491299
386.0,0.04612435727741038
387.0,0.04848171064626461
388.0,0.05104873036529778
389.0,0.053833028171990094
390.0,0.056861920096274665
391.0,0.06012987069694564
392.0,0.06355696777055275
393.0,0.06729931288197177
394.0,0.07192346335735889
395.0,0.0774894898320968
396.0,0.08293275340006923
397.0,0.08707360108697693
398.0,0.08969553319226597
399.0,0.09117620060236942
400.0,0.09170917488061203
401.0,0.09099920933141958
402.0,0.08847242234501873
403.0,0.08413026398177359
404.0,0.07880436320856332
405.0,0.07334504473874925
406.0,0.06804417015856568
407.0,0.06293128988937957
408.0,0.058063749129575015
409.0,0.053562150762903826
410.0,0.04958254305675158
411.0,0.0462163897720298
412.0,0.043482141610142744
413.0,0.0414008831383621
414.0,0.04009198261462532
415.0,0.03982768850928631
416.0,0.040666557299361084
417.0,0.042089467513838796
418.0,0.04345050461943567
419.0,0.04464073336650043
420.0,0.04582971726477625
421.0,0.046888554568756735
422.0,0.047504816619686085
423.0,0.04750575344501884
424.0,0.04690549878944994
425.0,0.04578892238522603
426.0,0.044107986312813985
427.0,0.041614400656438844
428.0,0.038089166546934394
429.0,0.03362148729088965
430.0,0.028836231723945116
431.0,0.0246491401400164
432.0,0.021632251939471492
433.0,0.01973137313599771
434.0,0.01865100070795711
435.0,0.01826580123061239
436.0,0.018723734706983963
437.0,0.020187126983287396
438.0,0.022337304242665557
439.0,0.02469420482313478
440.0,0.02746280427188752
441.0,0.031124081786939928
442.0,0.035359961164436515
443.0,0.03906529958177141
444.0,0.041150001617200394
445.0,0.04115516272242081
446.0,0.03934478829934185
447.0,0.0366301861116366
448.0,0.03413457124912711
449.0,0.03265527442526672
450.0,0.03233803832021975
451.0,0.032428699118291826
452.0,0.0316066896639543
453.0,0.02858401604727101
454.0,0.02282789512273664
455.0,0.015272835465062418
456.0,0.008003360820182492
457.0,0.0031845914388133334
458.0,0.0018125401335415958
459.0,0.0031840931304073505
460.0,0.005564794204317436
461.0,0.007549584524105035
462.0,0.008850506991682106
463.0,0.009692113042713446
464.0,0.010330180370172193
465.0,0.011048475195451046
466.0,0.01202286841366551
467.0,0.013236091498958436
468.0,0.014504098910102625
469.0,0.01560173468420889
470.0,0.016385477209285626
471.0,0.016832135397297
472.0,0.016989156425264995
473.0,0.016874092548679553
474.0,0.016424915883009095
475.0,0.015527809901400458
476.0,0.01423539458768286
477.0,0.012878234326808347
478.0,0.011829040972438198
479.0,0.011232772429026205
480.0,0.010994190732248943
481.0,0.010955838485178004
482.0,0.01116764431000905
483.0,0.011901887929151367
484.0,0.013190512835138946
485.0,0.014632999555198811
486.0,0.015752973059178332
487.0,0.016327341722263133
488.0,0.016375157008530428
489.0,0.016016695167114015
490.0,0.01530108203184577
491.0,0.014176496200805522
492.0,0.012631193340182256
493.0,0.010836354468653053
494.0,0.009186601971781894
495.0,0.008152072376839015
496.0,0.008080016272513757
497.0,0.008925912312406914
498.0,0.01019992318918117
499.0,0.011089574164474092
500.0,0.010752472021889115
501.0,0.009011882906526103
502.0,0.006660134898434533
503.0,0.005024393587023002
504.0,0.0051343858846103485
505.0,0.007022323578692813
506.0,0.00971511681341175
507.0,0.011839459840634725
508.0,0.012488786593647716
509.0,0.011593343752026808
510.0,0.009774482923895156
511.0,0.007953965709171729
512.0,0.006793821581473347
513.0,0.0064993250752813925
514.0,0.006857657500707215
515.0,0.007450894298405508
516.0,0.007940132338817851
517.0,0.00814703826034524
518.0,0.00808471490648388
519.0,0.007899902539619919
520.0,0.007706966993876518
521.0,0.007438822969619285
522.0,0.006987398344093676
523.0,0.006476998822114832
524.0,0.006217459269385328
525.0,0.0064575885050207615
526.0,0.007190725163156997
527.0,0.008151559114201401
528.0,0.009124374840293492
529.0,0.010222887771958122
530.0,0.011606595411564058
531.0,0.01311521930181958
532.0,0.014263516270794474
533.0,0.014512396059413235
534.0,0.013687180562223955
535.0,0.01214490997177431
536.0,0.01054280933162599
537.0,0.00943279047932466
538.0,0.009120001244241616
539.0,0.009550864210704058
540.0,0.010128260479614348
541.0,0.010127533586472559
542.0,0.009535134702298054
543.0,0.009065993148262397
544.0,0.009254310827336298
545.0,0.00989117118853755
546.0,0.010186653657195732
547.0,0.009674598212949803
548.0,0.009197277759971256
549.0,0.009872237262817607
550.0,0.011175416965613083
551.0,0.011717949934355265
552.0,0.011339967014674546
553.0,0.010925709187349142
554.0,0.011001876648447206
555.0,0.011516103946502376
556.0,0.01225775451726796
557.0,0.01308354633931863
558.0,0.014023475659359907
559.0,0.015137120764206036
560.0,0.0163320463100306
561.0,0.01731665334581467
562.0,0.017714394274540912
563.0,0.01727300387282593
564.0,0.016039931044757427
565.0,0.014454122910229628
566.0,0.013138374757076243
567.0,0.01254439920371142
568.0,0.012721262841293157
569.0,0.013405333809134223
570.0,0.014287075273792471
571.0,0.015242189075116097
572.0,0.016335205602059033
573.0,0.017563789906587357
574.0,0.018817557991987255
575.0,0.020050574876761984
576.0,0.021278892876021138
577.0,0.02245633378639489
578.0,0.02354730590560583
579.0,0.024662213176172232
580.0,0.025904859325358354
581.0,0.027166489737029287
582.0,0.02816085894905107
583.0,0.028608884446932437
584.0,0.02843155198040881
585.0,0.027792012806995392
586.0,0.026896047225082986
587.0,0.025784314939966912
588.0,0.024404874719701097
589.0,0.022791642225076125
590.0,0.021272608504998347
591.0,0.020413058799198303
592.0,0.02065507892738927
593.0,0.021984805981359212
594.0,0.023828402595940212
595.0,0.025386183675907503
596.0,0.02615878224800494
597.0,0.026193368024510333
598.0,0.025810501673404818
599.0,0.02530528559966705
600.0,0.02485685923399661
601.0,0.024474293172200734
602.0,0.024057812151448643
603.0,0.023455089758375736
604.0,0.022491286678147593
605.0,0.021132779215699227
606.0,0.01959911430388117
607.0,0.018037903285138324
608.0,0.016179153025669524
609.0,0.013746223294083038
610.0,0.010977822728910236
611.0,0.008623488072699304
612.0,0.0075312211280208485
613.0,0.008096771201445918
614.0,0.010006293272194378
615.0,0.012380289247308496
616.0,0.01430208116050491
617.0,0.015261972681058888
618.0,0.015355579974804967
619.0,0.015144529537801987
620.0,0.015247855119748355
621.0,0.016094198508128876
622.0,0.01767874115009549
623.0,0.019470746226240454
624.0,0.020636146914824294
625.0,0.020321720014351508
626.0,0.01825008732307598
627.0,0.015144396835532814
628.0,0.012367079665610348
629.0,0.011102570804208678
630.0,0.011629611665075368
631.0,0.01326722331236263
632.0,0.014952204162260063
633.0,0.01603686607990501
634.0,0.01649938742837953
635.0,0.01658975315327782
636.0,0.01672690636790647
637.0,0.017387421049138707
638.0,0.018806112153537724
639.0,0.020804271298959898
640.0,0.02269238027342446
641.0,0.023556400162439095
642.0,0.02287348596619626
643.0,0.02098431624221575
644.0,0.019453436645693822
645.0,0.020148976827184528
646.0,0.022927054687550852
647.0,0.025523033337221834
648.0,0.02670193368520335
649.0,0.027664845820291384
650.0,0.02999760298132781
651.0,0.03389120268615975
652.0,0.037973958434092014
653.0,0.04082541030161002
654.0,0.04321163471944722
655.0,0.04712295084040319
656.0,0.05260848577192212
657.0,0.05793493574010733
658.0,0.06219349334320501
659.0,0.06570922046771488
660.0,0.06883438009071319
661.0,0.07149740492017675
662.0,0.07331980294726803
663.0,0.07420383043523193
664.0,0.07474498603775859
665.0,0.07543822478793949
666.0,0.07594722506745266
667.0,0.07594053849613658
668.0,0.07596510386755839
669.0,0.07723349819495906
670.0,0.08084920708071663
671.0,0.0870052739935272
672.0,0.09483573020729075
673.0,0.103078348905982
674.0,0.11090198633794968
675.0,0.11806332504559025
676.0,0.12482094003472766
677.0,0.1317459675034799
678.0,0.13934111792465265
679.0,0.14782559235081438
680.0,0.1570064032648213
681.0,0.16633189008631655
682.0,0.17539966603116952
683.0,0.18454389843631747
684.0,0.19394212384340115
685.0,0.20225044954984372
686.0,0.2073455350029686
687.0,0.20804557840313176
688.0,0.20468560993334828
689.0,0.19843134518386096
690.0,0.1897486847713723
691.0,0.17748678745831126
692.0,0.161255952120672
693.0,0.1433606771123217
694.0,0.1263504379971977
695.0,0.11050725841759701
696.0,0.09527790051143814
697.0,0.08113002159782945
698.0,0.06932234935125853
699.0,0.06095014827620787
700.0,0.055866886681828376
701.0,0.05259923735616007
702.0,0.049464200047570794
703.0,0.04564085263711004
704.0,0.04117916639356528
705.0,0.03667147642409352
706.0,0.03287795927267356
707.0,0.030236970945367703
708.0,0.028703003692006734
709.0,0.027807904377112447
710.0,0.026936903461309614
711.0,0.02564713718568551
712.0,0.02378156360432021
713.0,0.021632515730472313
714.0,0.019899783605295318
715.0,0.018989815316344638
716.0,0.01843741817264205
717.0,0.017521041083868982
718.0,0.016165059515244162
719.0,0.0148819834092484
720.0,0.01419240973683139
721.0,0.013998623149412859
722.0,0.013520035177743861
723.0,0.012372071931315454
724.0,0.011183617839010451
725.0,0.010581001989316996
726.0,0.010421082735877052
727.0,0.010419379679243723
728.0,0.010618873046349564
729.0,0.011048411499203714
730.0,0.011539937169821324
731.0,0.011901891720770719
732.0,0.012068099089977358
733.0,0.012107679805284655
734.0,0.012170742478514796
735.0,0.012410970849292546
736.0,0.012878652094330534
737.0,0.013470132217280995
738.0,0.014087293093670294
739.0,0.014856083618105642
740.0,0.015945573630329057
741.0,0.01725234445359919
742.0,0.01832761234569885
743.0,0.0185687790126291
744.0,0.017682890836216714
745.0,0.015961184645764626
746.0,0.014118855154422572
747.0,0.012839844687879076
748.0,0.012444613691427464
749.0,0.012816604437375534
750.0,0.01356526355517762
751.0,0.01434024169846937
752.0,0.01494218503737299
753.0,0.015340019983647146
754.0,0.015607356837705644
755.0,0.015822563025995717
756.0,0.01605816247817249
757.0,0.016351120979501144
758.0,0.0166722910447476
759.0,0.016945906900192265
760.0,0.017098189082185855
761.0,0.01713004766721804
762.0,0.017157250366126642
763.0,0.01734906934542152
764.0,0.017821760969174982
765.0,0.0185497222712514
766.0,0.019365844492214235
767.0,0.020159029763038183
768.0,0.021070919303183555
769.0,0.022233205929257482
770.0,0.02342685340453643
771.0,0.024226485937893782
772.0,0.024344702882466818
773.0,0.02382685147538488
774.0,0.02295977316987774
775.0,0.02170374457223223
776.0,0.019477363138529102
777.0,0.01610716219738334
778.0,0.012452949546579217
779.0,0.009957235413367904
780.0,0.00968503995520048
781.0,0.01152483881943367
782.0,0.014210802978101456
783.0,0.01613504473930588
784.0,0.016364348941592
785.0,0.014972353479281608
786.0,0.01285219799760745
787.0,0.011183656409419374
788.0,0.010715211571792393
789.0,0.01148119547121651
790.0,0.012848885327664039
791.0,0.013912127787434836
792.0,0.014050452626338805
793.0,0.013212224208418832
794.0,0.011858446444271031
795.0,0.010567988370455805
796.0,0.009716041742887205
797.0,0.0093717782560101
798.0,0.00936100065785822
799.0,0.009482494520426266
800.0,0.009618220052570292
801.0,0.009754817261644178
802.0,0.009922660070101397
803.0,0.010105121632565273
804.0,0.010188135117421226
805.0,0.0100430613257394
806.0,0.009867589900955986
807.0,0.01012668050425608
808.0,0.010812785879208864
809.0,0.011299396665072514
810.0,0.01118026654301374
811.0,0.010748814829482312
812.0,0.010675301260312187
813.0,0.011293765301041647
814.0,0.011921387807753536
815.0,0.011623427270072706
816.0,0.010908793532571126
817.0,0.011163052412491992
818.0,0.012512246640285496
819.0,0.01388090836341871
820.0,0.014662293397410764
821.0,0.015013553799124835
822.0,0.015145467849398742
823.0,0.015083500542331374
824.0,0.014725905296619879
825.0,0.014029085521284068
826.0,0.013153499020745585
827.0,0.012270104478196042
828.0,0.01135670413938994
829.0,0.010371179595220215
830.0,0.009465927809440555
831.0,0.009060123238645024
832.0,0.009639426477744795
833.0,0.011254783534581703
834.0,0.013322109999060805
835.0,0.014869934640916016
836.0,0.015142232827638269
837.0,0.014126117127810311
838.0,0.012598203100431415
839.0,0.011690600844435017
840.0,0.012157559578895305
841.0,0.013945518738014528
842.0,0.01625972299245232
843.0,0.018085806820055894
844.0,0.01881086757006528
845.0,0.01845442337887737
846.0,0.01748944096407412
847.0,0.016355529136912517
848.0,0.01523946453642322
849.0,0.014168424846623728
850.0,0.013180147108046603
851.0,0.0124702050540767
852.0,0.012249769813315659
853.0,0.012549263451278547
854.0,0.013195849767610568
855.0,0.013947186726015914
856.0,0.014716233077391672
857.0,0.01560830771628513
858.0,0.016366779610763438
859.0,0.01632529522378673
860.0,0.015742863624053915
861.0,0.015882271371438272
862.0,0.01653640333688655
863.0,0.015830161601712356
864.0,0.013905121518073105
865.0,0.01333846890654411
866.0,0.014888775026840162
867.0,0.01643286970401836
868.0,0.01626365496885218
869.0,0.01466735643723771
870.0,0.012715517541319943
871.0,0.011342697581116779
872.0,0.011128743986360212
873.0,0.012027211115734737
874.0,0.013431756681253626
875.0,0.014588663743467178
876.0,0.01505695399815421
877.0,0.01489395938884458
878.0,0.01445817306748265
879.0,0.014164025274426173
880.0,0.01424818459310151
881.0,0.014680214951746373
882.0,0.015267791204989334
883.0,0.015840035734081437
884.0,0.016382003132154654
885.0,0.016915398324526265
886.0,0.01735447750158048
887.0,0.017475734489972083
888.0,0.017052432817501684
889.0,0.016153934079849663
890.0,0.015175843043708503
891.0,0.014518358786706043
892.0,0.014310171730132382
893.0,0.014431074050293757
894.0,0.014642805962670091
895.0,0.014716631776494626
896.0,0.014566472024861776
897.0,0.014264163368882421
898.0,0.014010123032618116
899.0,0.014072352599378724
900.0,0.014590422735685227
901.0,0.015437161340356553
902.0,0.016254933656284054
903.0,0.016642955145678595
904.0,0.016441627448146534
905.0,0.01585763604095919
906.0,0.015377063541011982
907.0,0.015488540725257738
908.0,0.01634240019239286
909.0,0.01764631062190336
910.0,0.018876082825195872
911.0,0.01964221223569229
912.0,0.019880038382686205
913.0,0.019817980351979902
914.0,0.019794267256429354
915.0,0.020006557880842046
916.0,0.020416087164257024
917.0,0.020817381707700533
918.0,0.02102193469287189
919.0,0.0209973349641831
920.0,0.02083406166443197
921.0,0.020603598604952478
922.0,0.020197710116431178
923.0,0.019397448094293557
924.0,0.018098304830472922
925.0,0.016570912374253788
926.0,0.015577301191725623
927.0,0.015543860150037947
928.0,0.01562345112425767
929.0,0.014918006290735919
930.0,0.014256037634936491
931.0,0.014684554770105107
932.0,0.01523346340996834
933.0,0.014553210597204658
934.0,0.01323360655452499
935.0,0.01262444757612069
936.0,0.012927494339989187
937.0,0.013481846062461056
938.0,0.013702167684641609
939.0,0.013294479961814931
940.0,0.012297180709512245
941.0,0.01113413483423109
942.0,0.010376309892454416
943.0,0.010374767209525126
944.0,0.011049622204103826
945.0,0.012008736318381286
946.0,0.012886997283650836
947.0,0.013674867917972955
948.0,0.014503691043267652
949.0,0.014887987965470029
950.0,0.01429435775295429
951.0,0.013675644770949846
952.0,0.014229032785440965
953.0,0.014639729227430287
954.0,0.013044266839079277
955.0,0.01106717860481543
956.0,0.011575611108349204
957.0,0.013988153237105005
958.0,0.015523107544252235
959.0,0.015035707452557556
960.0,0.01335410058467379
961.0,0.011725423584542538
962.0,0.011150769902358415
963.0,0.012052058357432616
964.0,0.014021642676112611
965.0,0.016130787286601944
966.0,0.01755247866936932
967.0,0.01808293562311375
968.0,0.018066351976393336
969.0,0.018022030210265383
970.0,0.018456802177312825
971.0,0.01954875157105812
972.0,0.020799243818579005
973.0,0.021445067879319102
974.0,0.021489371245544675
975.0,0.021704494010596542
976.0,0.02249140215715778
977.0,0.023466639983290127
978.0,0.02402738251697384
979.0,0.024026363361185132
980.0,0.024126027460036836
981.0,0.024955002820438776
982.0,0.025920067885590203
983.0,0.02602501027874088
984.0,0.025445434446948745
985.0,0.02512412628549876
986.0,0.025483570620609686
987.0,0.026293123025115772
988.0,0.02716261466509512
989.0,0.02774008930135763
990.0,0.027836365801537144
991.0,0.027591990046416326
992.0,0.027422597174686036
993.0,0.02778143344747891
994.0,0.028873097926494062
995.0,0.03049056940766226
996.0,0.03217733002311407
997.0,0.03366415990626104
998.0,0.03500010050239899
999.0,0.03605425793440786
1000.0,0.03649278089628083
1001.0,0.0364417848028214
1002.0,0.036485913940468184
1003.0,0.03697356473233654
1004.0,0.03764345972045158
1005.0,0.03779191255624764
1006.0,0.037075683839158324
1007.0,0.03632465623699083
1008.0,0.03653149361258823
1009.0,0.037164953784615595
1010.0,0.03697240276538866
1011.0,0.03587274957261344
1012.0,0.03456499993004933
1013.0,0.03316293330384462
1014.0,0.03149806416497786
1015.0,0.02987437864533149
1016.0,0.02894236179291282
1017.0,0.029213432856732724
1018.0,0.03052827792051596
1019.0,0.03202639117689354
1020.0,0.03279496584687408
1021.0,0.032518321700031494
1022.0,0.031469306973608085
1023.0,0.03012241069860397
1024.0,0.028752385254929125
1025.0,0.027298567316608013
1026.0,0.025751994424627722
1027.0,0.02434325296091633
1028.0,0.023315530729434458
1029.0,0.022734880268358182
1030.0,0.02248889901146847
1031.0,0.022299037138407696
1032.0,0.021723111328367684
1033.0,0.020519902983010846
1034.0,0.019016904817926644
1035.0,0.018057593052637655
1036.0,0.01860509216421219
1037.0,0.020912485949838244
1038.0,0.02408073095484284
1039.0,0.026730565451122346
1040.0,0.028075700983008933
1041.0,0.02827104929335325
1042.0,0.028015827961764606
1043.0,0.02794874290681762
1044.0,0.028168990107809683
1045.0,0.028478765982633908
1046.0,0.028825356078371223
1047.0,0.02936835489389142
1048.0,0.03033337372288758
1049.0,0.03167278968542819
1050.0,0.032986075357327393
1051.0,0.03387146373980271
1052.0,0.03423945109041285
1053.0,0.034303948792744815
1054.0,0.03435235284238858
1055.0,0.0344484505693341
1056.0,0.034440195836036164
1057.0,0.03430736610235119
1058.0,0.03429296594604264
1059.0,0.03474892418709108
1060.0,0.035830283330526874
1061.0,0.03728207183775467
1062.0,0.03857454640510388
1063.0,0.03925190652665761
1064.0,0.03926852622761623
1065.0,0.039035155509689556
1066.0,0.03921748499091113
1067.0,0.04037887978004481
1068.0,0.04245912923967021
1069.0,0.04467360061694253
1070.0,0.04615660991853249
1071.0,0.04664295238990687
1072.0,0.046331045979981056
1073.0,0.045422095749918706
1074.0,0.04391375544864798
1075.0,0.041638051534231946
1076.0,0.03870711517457012
1077.0,0.03564555234831279
1078.0,0.032903532748449676
1079.0,0.03054335330619104
1080.0,0.02847800144548221
1081.0,0.026651935013525363
1082.0,0.02494439771587459
1083.0,0.023230335947760083
1084.0,0.021551044326086538
1085.0,0.020101958021971927
1086.0,0.019057266327220462
1087.0,0.018460605743641195
1088.0,0.018248722218541708
1089.0,0.018368038960953126
1090.0,0.018902043684890873
1091.0,0.01981799410833182
1092.0,0.020678831143504828
1093.0,0.020932143971673034
1094.0,0.020358897015753857
1095.0,0.019158232935095526
1096.0,0.017710505479149374
1097.0,0.016303561186991555
1098.0,0.014971566502175793
1099.0,0.013711599746754122
1100.0,0.012693199677484363
1101.0,0.012074996469165322
1102.0,0.011829245160739466
1103.0,0.011769739083358904
1104.0,0.011687142438217973
1105.0,0.011470461475252741
1106.0,0.011154879771975018
1107.0,0.010844644219934224
1108.0,0.010627290178918725
1109.0,0.010575945754030952
1110.0,0.010699457179592253
1111.0,0.010872419785300985
1112.0,0.010904688513948269
1113.0,0.010689133364483072
1114.0,0.010247486275192508
1115.0,0.009648888496611052
1116.0,0.008939464337922531
1117.0,0.008109583582191604
1118.0,0.007258535427316248
1119.0,0.006748435967218053
1120.0,0.006974920247636018
1121.0,0.008057095407722592
1122.0,0.009679570300784396
1123.0,0.011238541445443062
1124.0,0.012222397099569154
1125.0,0.01252617818350965
1126.0,0.012455936935983042
1127.0,0.01245043855490946
1128.0,0.012803521624460745
1129.0,0.013489136201097457
1130.0,0.014212203526491357
1131.0,0.014642773844201123
1132.0,0.014635835464606117
1133.0,0.014279939568610123
1134.0,0.01367921447659426
1135.0,0.012831908861328872
1136.0,0.011746006273029963
1137.0,0.010545309678196335
1138.0,0.009507581289953937
1139.0,0.008909905522949652
1140.0,0.008801456443985278
1141.0,0.009048094556330766
1142.0,0.009591793022010797
1143.0,0.010460676736198882
1144.0,0.011614585279530382
1145.0,0.012725093795745851
1146.0,0.013109723283426633
1147.0,0.012294901286325821
1148.0,0.010536982415803586
1149.0,0.008857667466377478
1150.0,0.008518871150555496
1151.0,0.010066283481965754
1152.0,0.012872732019141964
1153.0,0.01567168398313129
1154.0,0.017515040552076894
1155.0,0.018197067643620418
1156.0,0.0181444900253728
1157.0,0.01788927530953066
1158.0,0.017599659918952293
1159.0,0.017263820224772408
1160.0,0.016883611791666336
1161.0,0.016426955625434392
1162.0,0.015872320397568418
1163.0,0.015335514586779453
1164.0,0.014999191544692259
1165.0,0.014884107194455959
1166.0,0.014818984501704796
1167.0,0.014611515372711409
1168.0,0.014271308860511367
1169.0,0.014129187326993725
1170.0,0.014397754867467
1171.0,0.014629991651402496
1172.0,0.01431979209150347
1173.0,0.013805029675781622
1174.0,0.013730287608491737
1175.0,0.014067875953181624
1176.0,0.014316646787437631
1177.0,0.014168887194121405
1178.0,0.013679274672486863
1179.0,0.013137834791300068
1180.0,0.012944037443456236
1181.0,0.013386570468192971
1182.0,0.014375960706013546
1183.0,0.015459678305424163
1184.0,0.016151595407181002
1185.0,0.01627986152968644
1186.0,0.016043204626252472
1187.0,0.015870773631622204
1188.0,0.016287471378760132
1189.0,0.01752045606989061
1190.0,0.01904271920675485
1191.0,0.020013434499746574
1192.0,0.020357537818090632
1193.0,0.02073734135965241
1194.0,0.021472580215066733
1195.0,0.022256834949559323
1196.0,0.022702698510839586
1197.0,0.02277805455855353
1198.0,0.022916823373860307
1199.0,0.023403878295141484
1200.0,0.02371215466482579
1201.0,0.023285590161555514
1202.0,0.022559926459097907
1203.0,0.022282072023709798
1204.0,0.022458645403383604
1205.0,0.022655895933808318
1206.0,0.022684072376675718
1207.0,0.022655191248365347
1208.0,0.022786024727410426
1209.0,0.023172821941731675
1210.0,0.023682331360872222
1211.0,0.024108661149622734
1212.0,0.024371311793302874
1213.0,0.024578796012632298
1214.0,0.02493266498655014
1215.0,0.02551302098589192
1216.0,0.026234284906593602
1217.0,0.02705845763310194
1218.0,0.028053441238484744
1219.0,0.029243943552746565
1220.0,0.03050885153448843
1221.0,0.03158388881668267
1222.0,0.0322396365133269
1223.0,0.032484604583810195
1224.0,0.03245869926864642
1225.0,0.03215346143915393
1226.0,0.031518150143483165
1227.0,0.03071017166196205
1228.0,0.030065685076569065
1229.0,0.02990489851841538
1230.0,0.030291638231997875
1231.0,0.030984173745747773
1232.0,0.03181701754848992
1233.0,0.032982201132765954
1234.0,0.03453674551146663
1235.0,0.036019013809876044
1236.0,0.0367406366386675
1237.0,0.03628795375312199
1238.0,0.03487753147890016
1239.0,0.03323569956088804
1240.0,0.03205678537746934
1241.0,0.03152832849584797
1242.0,0.03136572592058823
1243.0,0.031081192590051265
1244.0,0.03022373406015126
1245.0,0.028681237412143984
1246.0,0.026799284983310995
1247.0,0.02513781507757301
1248.0,0.02406185069944497
1249.0,0.023543018856735626
1250.0,0.023313891079457916
1251.0,0.02309072329220556
1252.0,0.022743897492862902
1253.0,0.02230965706102213
1254.0,0.02185531405914308
1255.0,0.021401892743593443
1256.0,0.020914340361121136
1257.0,0.02049223255453486
1258.0,0.020460213044100672
1259.0,0.02084567900416423
1260.0,0.02108888933576014
1261.0,0.020773909693522316
1262.0,0.020194608850287246
1263.0,0.019825583880190234
1264.0,0.019730973040819874
1265.0,0.01962693630230239
1266.0,0.0192090510707989
1267.0,0.01851595276554975
1268.0,0.017917707347904363
1269.0,0.01759862983660858
1270.0,0.017371034083398407
1271.0,0.017056293572535852
1272.0,0.016708025380322844
1273.0,0.016505187057762438
1274.0,0.016579407474317673
1275.0,0.01688603886763612
1276.0,0.017288130962318765
1277.0,0.017775730966899758
1278.0,0.018425934745765232
1279.0,0.019211970191047312
1280.0,0.01993044996216925
1281.0,0.020270322079859973
1282.0,0.020079315632650016
1283.0,0.019543986666941238
1284.0,0.019010111165157273
1285.0,0.018678567869510915
1286.0,0.018553482219672957
1287.0,0.018541535479016075
1288.0,0.01851371108917796
1289.0,0.018389971888217338
1290.0,0.01822293796788782
1291.0,0.01816034333795169
1292.0,0.018240017154348726
1293.0,0.01834459641835111
1294.0,0.01849699523273289
1295.0,0.018884838364837342
1296.0,0.019424368502686057
1297.0,0.01976844164505688
1298.0,0.0198686554891217
1299.0,0.020051677824193342
1300.0,0.02052432942166682
1301.0,0.021168187006311692
1302.0,0.02174427790450094
1303.0,0.02208649707083951
1304.0,0.022176324707694303
1305.0,0.022125201472638398
1306.0,0.02206402771687979
1307.0,0.022089097810113978
1308.0,0.022266179202184794
1309.0,0.022498599481713177
1310.0,0.022473826793832266
1311.0,0.021926020872282376
1312.0,0.020905640361352007
1313.0,0.01992245606739587
1314.0,0.01972783644848783
1315.0,0.02065335976399467
1316.0,0.02225033804427523
1317.0,0.02362041631956792
1318.0,0.02407688598812366
1319.0,0.023595205466824573
1320.0,0.02277009537150837
1321.0,0.02227036417472117
1322.0,0.022329168098103536
1323.0,0.02276082786155134
1324.0,0.023245889148007362
1325.0,0.023689362040909517
1326.0,0.0242263907104113
1327.0,0.024826088347462444
1328.0,0.02515312594512978
1329.0,0.024739682379697425
1330.0,0.023430962606598035
1331.0,0.02172723460192766
1332.0,0.020459850030534688
1333.0,0.020146405300533438
1334.0,0.020703009520870397
1335.0,0.021651124241992212
1336.0,0.022481388399173324
1337.0,0.022983833569815232
1338.0,0.023235053187770027
1339.0,0.023365615940038748
1340.0,0.023518205057885724
1341.0,0.023806705316667773
1342.0,0.024118525581367595
1343.0,0.02409853622625842
1344.0,0.023435404473747673
1345.0,0.022181878890077764
1346.0,0.020991609968168234
1347.0,0.02079254243986743
1348.0,0.021990568603933364
1349.0,0.024046661496563537
1350.0,0.025744459603926628
1351.0,0.026037977234475387
1352.0,0.024833036872928677
1353.0,0.023071442183401875
1354.0,0.022051521265320728
1355.0,0.022506385243674987
1356.0,0.024171586802930828
1357.0,0.02604198097641354
1358.0,0.027138367628035898
1359.0,0.027141045376309167
1360.0,0.026446316079964435
1361.0,0.0257513799291839
1362.0,0.02545416639831334
1363.0,0.02552995130489505
1364.0,0.02579991983487666
1365.0,0.026212637595423804
1366.0,0.026961600271505293
1367.0,0.027910982340864046
1368.0,0.02831869000507639
1369.0,0.027943535674573583
1370.0,0.027585284857742018
1371.0,0.027452549337985743
1372.0,0.02648027206914358
1373.0,0.024609249134064676
1374.0,0.02352007611630326
1375.0,0.023935990005384003
1376.0,0.024566289779653847
1377.0,0.02432816589839068
1378.0,0.023561691302733313
1379.0,0.02299034358474044
1380.0,0.022924959528862837
1381.0,0.023288492494709212
1382.0,0.023874261268481543
1383.0,0.024722724544342774
1384.0,0.026020188537641237
1385.0,0.02769012426475423
1386.0,0.029151003331600922
1387.0,0.029399895384012956
1388.0,0.02790379976224658
1389.0,0.025329632990823484
1390.0,0.023196724552513794
1391.0,0.022864704201524796
1392.0,0.02452408537245141
1393.0,0.02703327372144787
1394.0,0.028844171243357947
1395.0,0.029188744139910877
1396.0,0.028358504901137074
1397.0,0.027214884637771497
1398.0,0.026428719834393904
1399.0,0.025993639326324987
1400.0,0.02570507427654662
1401.0,0.025615131876887853
1402.0,0.025873891604022925
1403.0,0.0264970337480566
1404.0,0.027204300637735095
1405.0,0.02757457160102393
1406.0,0.027446355418676315
1407.0,0.027022652717660703
1408.0,0.026584382641810657
1409.0,0.026261003431513483
1410.0,0.026004075990758033
1411.0,0.025795766035677917
1412.0,0.025930322061839872
1413.0,0.02672149559596687
1414.0,0.02802093111572672
1415.0,0.029238805229534523
1416.0,0.029738669702378415
1417.0,0.029318818079053413
1418.0,0.028382421006205215
1419.0,0.027575843871122954
1420.0,0.027255638485380172
1421.0,0.027370326190053924
1422.0,0.02765857562034689
1423.0,0.02792699094955787
1424.0,0.02820307404254388
1425.0,0.02838930021816391
1426.0,0.028177388991763093
1427.0,0.02776225669408971
1428.0,0.02783003980334782
1429.0,0.02821663452751376
1430.0,0.02790397852228664
1431.0,0.02704934976442344
1432.0,0.027050968879214106
1433.0,0.02809824893883528
1434.0,0.028858341840660905
1435.0,0.02865392145574184
1436.0,0.028032043229437392
1437.0,0.027482051292682268
1438.0,0.026971052572056425
1439.0,0.026338975733531347
1440.0,0.02563956870626566
1441.0,0.025283583552807493
1442.0,0.025657510724254887
1443.0,0.026658596666805277
1444.0,0.02774525672087627
1445.0,0.028345990382935407
1446.0,0.028263852508683726
1447.0,0.027793559258747033
1448.0,0.027423869273082824
1449.0,0.027418801217417618
1450.0,0.02774352940046554
1451.0,0.028217869465949973
1452.0,0.028756943016343572
1453.0,0.02945596991190276
1454.0,0.030261231805395264
1455.0,0.030829815685342973
1456.0,0.030795414090314485
1457.0,0.030063637514530825
1458.0,0.02892133538014787
1459.0,0.027839044183334924
1460.0,0.027085974109412624
1461.0,0.026685137616059423
1462.0,0.02680373962855602
1463.0,0.02767931542432807
1464.0,0.029209862164708687
1465.0,0.030805734050453448
1466.0,0.03156414538319437
1467.0,0.030962543718678834
1468.0,0.029411967809022714
1469.0,0.027737193909743177
1470.0,0.026229281079538286
1471.0,0.024950405925443148
1472.0,0.024405783265766954
1473.0,0.024681266230707623
1474.0,0.02479558362126924
1475.0,0.024557659931965573
1476.0,0.025650668568887383
1477.0,0.028458403969865237
1478.0,0.030345732867303285
1479.0,0.02964204030851328
1480.0,0.028163693244108272
1481.0,0.02808287866954922
1482.0,0.029301199609561797
1483.0,0.030534102260480242
1484.0,0.030793268756554366
1485.0,0.029819813334923534
1486.0,0.028142790152762
1487.0,0.026692292421835847
1488.0,0.026134740809024844
1489.0,0.026470645616077558
1490.0,0.027157980199954485
1491.0,0.02768472683424467
1492.0,0.027912583198622307
1493.0,0.027986406117339376
1494.0,0.028124868620435957
1495.0,0.028397280078320285
1496.0,0.02871584709957177
1497.0,0.028989941397651774
1498.0,0.029218645288993497
1499.0,0.029495633003817735
1500.0,0.029881771392907333
1501.0,0.030299861660531995
1502.0,0.03065611693484608
1503.0,0.03096365937443641
1504.0,0.031207996799666925
1505.0,0.031246326723593842
1506.0,0.030918740157266346
1507.0,0.030217051431677182
1508.0,0.029465213596231263
1509.0,0.029172496393112313
1510.0,0.029564952155599365
1511.0,0.030347325613237
1512.0,0.03089434737480491
1513.0,0.03071390598808747
1514.0,0.02983435401646858
1515.0,0.028750093373853213
1516.0,0.027944865263902927
1517.0,0.027585215547274177
1518.0,0.027608272006013398
1519.0,0.027852727526406766
1520.0,0.028189471583007934
1521.0,0.02854947740842019
1522.0,0.028851972081338204
1523.0,0.029106470683977828
1524.0,0.029508383287237545
1525.0,0.03012608635773784
1526.0,0.030622349103912126
1527.0,0.030578983702174278
1528.0,0.029929577709209697
1529.0,0.029006978947666195
1530.0,0.028283592397962368
1531.0,0.02802299991708252
1532.0,0.028104237374107492
1533.0,0.028225045574541658
1534.0,0.028215031561595827
1535.0,0.028161954830787584
1536.0,0.028296359659372328
1537.0,0.028631145878005596
1538.0,0.02890448759557892
1539.0,0.029001057717109216
1540.0,0.029092680848826435
1541.0,0.029328141355721503
1542.0,0.02966449591986371
1543.0,0.02996588816893517
1544.0,0.030119479183782535
1545.0,0.030091714901179716
1546.0,0.029989392946833383
1547.0,0.03006764062108304
1548.0,0.030411538256198477
1549.0,0.030629831675778044
1550.0,0.030330173284951162
1551.0,0.029744809383266575
1552.0,0.029381167720919622
1553.0,0.029350656518784726
1554.0,0.02938352015932092
1555.0,0.02919005334599525
1556.0,0.028695148320607083
1557.0,0.028118296869026994
1558.0,0.027980404215439243
1559.0,0.0288215444958839
1560.0,0.03058114672056895
1561.0,0.03247550365645611
1562.0,0.033650874233027775
1563.0,0.0338277876028094
1564.0,0.03331851096732205
1565.0,0.03269741351057503
1566.0,0.03243919220904958
1567.0,0.03259638426831258
1568.0,0.032775732997939205
1569.0,0.032472449415934364
1570.0,0.03149130143086264
1571.0,0.030201188960664208
1572.0,0.02943405769575975
1573.0,0.029845278328413032
1574.0,0.0312956665338061
1575.0,0.03297880342829179
1576.0,0.03410835971341562
1577.0,0.03438133988825242
1578.0,0.03399512633455221
1579.0,0.03350218039920408
1580.0,0.03345768401397352
1581.0,0.03383303260135544
1582.0,0.03388846059712358
1583.0,0.033318431657190145
1584.0,0.03294114359376118
1585.0,0.03298471198503054
1586.0,0.03219489528365166
1587.0,0.03039878863845099
1588.0,0.029541677247622675
1589.0,0.03043144852163991
1590.0,0.03128256883409376
1591.0,0.030603629895983066
1592.0,0.028980439346367633
1593.0,0.027725994748966292
1594.0,0.02753440829223866
1595.0,0.028280396735590758
1596.0,0.029279672978626672
1597.0,0.029899755507913156
1598.0,0.02974954395213467
1599.0,0.028952496840100407
