0.0,0.0
1.0,0.0
2.0,0.0
3.0,0.0
4.0,0.0
5.0,0.0
6.0,0.0
7.0,0.0
8.0,0.0
9.0,0.0
10.0,0.0
11.0,0.0
12.0,0.0
13.0,0.0
14.0,0.0
15.0,0.0
16.0,0.0
17.0,0.0
18.0,0.0
19.0,0.0
20.0,0.0
21.0,0.0
22.0,0.0
23.0,0.0
24.0,0.0
25.0,0.0
26.0,0.0
27.0,0.0
28.0,0.0
29.0,0.0
30.0,0.0
31.0,0.0
32.0,0.0
33.0,0.0
34.0,0.0
35.0,0.0
36.0,0.0
37.0,0.0
38.0,0.0
39.0,0.0
40.0,0.0
41.0,0.0
42.0,0.0
43.0,0.0
44.0,0.0
45.0,0.0
46.0,0.0
47.0,0.0
48.0,0.0
49.0,0.0
50.0,0.0
51.0,0.0
52.0,0.0
53.0,0.0
54.0,0.0
55.0,0.0
56.0,0.0
57.0,0.0
58.0,0.0
59.0,0.0
60.0,0.0
61.0,0.0
62.0,0.0
63.0,0.0
64.0,0.0
65.0,0.0
66.0,0.0
67.0,0.0
68.0,0.0
69.0,0.0
70.0,0.0
71.0,0.0
72.0,0.0
73.0,0.0
74.0,0.0
75.0,0.0
76.0,0.0
77.0,0.0
78.0,0.0
79.0,0.0
80.0,0.0
81.0,0.0
82.0,0.0
83.0,0.0
84.0,0.0
85.0,0.0
86.0,0.14423622400446723
87.0,0.13732428397267785
88.0,0.13027531920860758
89.0,0.12534770068870288
90.0,0.11377414830211026
91.0,0.09221400835017926
92.0,0.06517228433238158
93.0,0.041288410859524644
94.0,0.02483306697282675
95.0,0.01804077829455332
96.0,0.02923239662741514
97.0,0.06293578440999127
98.0,0.1078067653811674
99.0,0.14616990497568186
100.0,0.17022546650048326
101.0,0.18140479102329068
102.0,0.18191676124253225
103.0,0.17508166735388445
104.0,0.16607778125211292
105.0,0.16026011695846604
106.0,0.1609828124778983
107.0,0.167824417010706
108.0,0.17736437939022803
109.0,0.18584239526547708
110.0,0.1914781690952923
111.0,0.1936357518441641
112.0,0.19213213176977179
113.0,0.18793982703641232
114.0,0.18251172962524587
115.0,0.17613918431022887
116.0,0.16776122300596272
117.0,0.15635913619914746
118.0,0.14241907913665414
119.0,0.1283209644470692
120.0,0.11779913950468367
121.0,0.1148626164218909
122.0,0.12108226141766407
123.0,0.1340139370055578
124.0,0.14915167665425844
125.0,0.16346751756281055
126.0,0.175558498137157
127.0,0.1840304769239513
128.0,0.18863933323308138
129.0,0.19111567035694277
130.0,0.19385515649518995
131.0,0.19821654358765223
132.0,0.20470989353178973
133.0,0.21348190506096004
134.0,0.22330159860711085
135.0,0.23168615473753526
136.0,0.23664302559624856
137.0,0.23774641442723754
138.0,0.2350934090966804
139.0,0.22882061710149804
140.0,0.2205650035281326
141.0,0.2116367585080086
142.0,0.1980700944697832
143.0,0.17423468002835202
144.0,0.14274776844306766
145.0,0.11359450737910834
146.0,0.09391007495554957
147.0,0.0848378668103705
148.0,0.08629776490075036
149.0,0.09683564364067905
150.0,0.11158135346813725
151.0,0.1251957197888793
152.0,0.13581933578198102
153.0,0.1443415952393326
154.0,0.15121817730191414
155.0,0.15629180355150188
156.0,0.15953245802182098
157.0,0.1605111113672329
158.0,0.15824933169572697
159.0,0.15288770666236434
160.0,0.14640786005890638
161.0,0.14082814866788534
162.0,0.1367030629386626
163.0,0.13404892914282202
164.0,0.13310730586432393
165.0,0.13363589839600062
166.0,0.1346891671741454
167.0,0.13507573389010585
168.0,0.13407012489052533
169.0,0.13183297054658166
170.0,0.12924093063554243
171.0,0.12713476188721512
172.0,0.12677130752404586
173.0,0.1312203790311263
174.0,0.14255288349351924
175.0,0.1579238449952487
176.0,0.17152539704544145
177.0,0.17974815295103272
178.0,0.18062416729842462
179.0,0.17055036412039415
180.0,0.14921124332468125
181.0,0.12391154728830231
182.0,0.10510031648193562
183.0,0.0992054688140729
184.0,0.10603592006216418
185.0,0.12083649216768266
186.0,0.1376301983058021
187.0,0.15221798572468154
188.0,0.1589765206605619
189.0,0.15103912773504466
190.0,0.12916983789109862
191.0,0.10321482714416039
192.0,0.0820034149258713
193.0,0.06704783813368531
194.0,0.05769756872865156
195.0,0.0541637145992493
196.0,0.05498494740151393
197.0,0.057638322893880545
198.0,0.06166945191826806
199.0,0.0682947087191798
200.0,0.07708809725448847
201.0,0.08579063488577496
202.0,0.0926938401545744
203.0,0.09694545857978606
204.0,0.09738403213779606
205.0,0.09366160314382789
206.0,0.08751076153623268
207.0,0.08129994374368237
208.0,0.07592395516473037
209.0,0.07110956215364654
210.0,0.0667375914175912
211.0,0.06296888598050872
212.0,0.060072138546510855
213.0,0.058569498117310534
214.0,0.05909404684562002
215.0,0.061638516498209825
216.0,0.06531969144333483
217.0,0.06907003672120994
218.0,0.07222627455253408
219.0,0.07415687537122592
220.0,0.07436274319677962
221.0,0.07331222264926786
222.0,0.07232696223425673
223.0,0.07252230203910462
224.0,0.07444444655739232
225.0,0.07884887998959451
226.0,0.08608478272423212
227.0,0.09477523597051708
228.0,0.10236857058434896
229.0,0.1068373069132891
230.0,0.10767505334365664
231.0,0.10558627186294152
232.0,0.10197583833604257
233.0,0.09821992110848905
234.0,0.09493643884565138
235.0,0.09185529053326655
236.0,0.08861403996012653
237.0,0.08563073029381092
238.0,0.08400994610215824
239.0,0.08491001208755243
240.0,0.08908027696668941
241.0,0.09648698491043498
242.0,0.10568299591914443
243.0,0.11415414806426809
244.0,0.11929949481200174
245.0,0.11983487278087837
246.0,0.11694473571226484
247.0,0.1133349959579364
248.0,0.11059524616003982
249.0,0.1084069523254817
250.0,0.10678090980872362
251.0,0.10639795512203747
252.0,0.10673079395816806
253.0,0.10603300250964265
254.0,0.1029127316322246
255.0,0.09709865021236239
256.0,0.08900129921020745
257.0,0.07960213829779163
258.0,0.07032716939261115
259.0,0.06314480438263517
260.0,0.06050785375235532
261.0,0.0633368612768336
262.0,0.06974208016106725
263.0,0.0768181644158523
264.0,0.0831886996357585
265.0,0.08891202956489588
266.0,0.09430280521392433
267.0,0.09970511360789891
268.0,0.1050995602539331
269.0,0.10896827773545827
270.0,0.10867266277951197
271.0,0.10299443895969215
272.0,0.09337350100200553
273.0,0.0821804169068638
274.0,0.07194728496175143
275.0,0.06778202545782583
276.0,0.07463783263061427
277.0,0.09048555879734026
278.0,0.10723315771572674
279.0,0.11880822999443658
280.0,0.12404335595999588
281.0,0.1225238409944367
282.0,0.11470628329283007
283.0,0.1044515255716319
284.0,0.09626383506714627
285.0,0.09094036926520038
286.0,0.08644413399513678
287.0,0.08168829617532103
288.0,0.07688885296467113
289.0,0.07229942129295437
290.0,0.0689237879948511
291.0,0.06885614470028295
292.0,0.07288646235617346
293.0,0.07904035188507683
294.0,0.08466296977992982
295.0,0.08874569010156419
296.0,0.09133534796600085
297.0,0.09254241898184859
298.0,0.0927310030590547
299.0,0.09277033369801253
300.0,0.09459403305899462
301.0,0.10015377418099619
302.0,0.10900225671484394
303.0,0.11820879669690343
304.0,0.12496984711314446
305.0,0.12755515359998143
306.0,0.12342309459280276
307.0,0.1114698999556924
308.0,0.09610073686937283
309.0,0.08452244196242578
310.0,0.08044094522693901
311.0,0.08334611689873817
312.0,0.09244101798047402
313.0,0.10589806283228552
314.0,0.11907954643035112
315.0,0.12830739239856337
316.0,0.134597695215735
317.0,0.14091920081780812
318.0,0.14778376038034438
319.0,0.15368593647468423
320.0,0.15711804294837856
321.0,0.15663783360039843
322.0,0.15110421288845688
323.0,0.14111647436295038
324.0,0.12909245419343351
325.0,0.11748769966484926
326.0,0.10739856638713965
327.0,0.09926038349986696
328.0,0.09349882842885002
329.0,0.09024062057150387
330.0,0.08982196898758606
331.0,0.09405426770096255
332.0,0.10449735114370837
333.0,0.1189211615375485
334.0,0.13221235992036875
335.0,0.14069834334611364
336.0,0.14322292653746874
337.0,0.13880421553180575
338.0,0.1277718144925785
339.0,0.1136971409949836
340.0,0.10080398507526965
341.0,0.09031577997211583
342.0,0.08114676839582802
343.0,0.0727270940243237
344.0,0.06532090141595638
345.0,0.05937849988303237
346.0,0.05547134976583826
347.0,0.054195706846796116
348.0,0.055906831729638645
349.0,0.06061552845680791
350.0,0.0681676998268991
351.0,0.07842251684473464
352.0,0.0911288753619546
353.0,0.10561949711073909
354.0,0.12032839158899353
355.0,0.13269537069927237
356.0,0.13910842287561326
357.0,0.13694144399766434
358.0,0.1274842800127311
359.0,0.11536867555556524
360.0,0.10487840300704415
361.0,0.09837631149050247
362.0,0.09797976762230717
363.0,0.10437512065775276
364.0,0.11485391594032945
365.0,0.12473557561075277
366.0,0.13046450911261132
367.0,0.1309891943224786
368.0,0.12696671334727364
369.0,0.12026068374417093
370.0,0.1130149264828765
371.0,0.1063828998995397
372.0,0.10008279900325234
373.0,0.09381434616024364
374.0,0.08857229347213655
375.0,0.08567731599998767
376.0,0.08565771827473077
377.0,0.08869116087051893
378.0,0.09473566625552282
379.0,0.1021027841620504
380.0,0.1074972823360644
381.0,0.10770823665139861
382.0,0.10164647536112673
383.0,0.09130935461720285
384.0,0.08079309528201499
385.0,0.07421492094634949
386.0,0.07404766713674424
387.0,0.08149433296719458
388.0,0.09581917759590614
389.0,0.11352868365199434
390.0,0.1301828091065213
391.0,0.14308036352766432
392.0,0.15183238536502286
393.0,0.15678894250549705
394.0,0.158254339039953
395.0,0.15625208594145723
396.0,0.1500108659330166
397.0,0.1380794806417011
398.0,0.12123380791024704
399.0,0.10399828707600825
400.0,0.09149823973284738
401.0,0.08587626103874088
402.0,0.08662201409343417
403.0,0.09212727340243923
404.0,0.09868308010456919
405.0,0.10150178645489585
406.0,0.09821006888446282
407.0,0.09027502265503659
408.0,0.08058646683897822
409.0,0.0712984441923427
410.0,0.06471053841889063
411.0,0.062400279187860064
412.0,0.06286444261603774
413.0,0.06279512348064764
414.0,0.0609840347641519
415.0,0.05917749447185425
416.0,0.05951335868501145
417.0,0.0628820746646977
418.0,0.06899915029379788
419.0,0.0763699511025184
420.0,0.08270516733741354
421.0,0.08589656725618774
422.0,0.08480089254417111
423.0,0.0802859122543693
424.0,0.07509593705214773
425.0,0.07258649858753247
426.0,0.0750906241360804
427.0,0.08306032540140987
428.0,0.09538878737269951
429.0,0.10995242510599079
430.0,0.12439382048147274
431.0,0.1352563508862881
432.0,0.13877704892674053
433.0,0.13449733526260857
434.0,0.1258450422016715
435.0,0.11618519847995745
436.0,0.10666450283625356
437.0,0.09898022222690592
438.0,0.09547039769151394
439.0,0.09590044344071466
440.0,0.09758851264145163
441.0,0.09869692404991035
442.0,0.09929691058565171
443.0,0.09968222808511568
444.0,0.09988760190005722
445.0,0.10019343399119562
446.0,0.10114155747590908
447.0,0.10328355703495154
448.0,0.10663988721449885
449.0,0.11044876490792335
450.0,0.11375319614861332
451.0,0.11615434151232246
452.0,0.11766268093769144
453.0,0.11819312185158865
454.0,0.11746290619717023
455.0,0.11513545739431613
456.0,0.11128981922498668
457.0,0.10661132300316817
458.0,0.10209101648922031
459.0,0.09859031733924051
460.0,0.09682993237843152
461.0,0.09724171874755627
462.0,0.09955939022520519
463.0,0.10290379806478459
464.0,0.10631771122209732
465.0,0.10899194471113036
466.0,0.10978032186138628
467.0,0.10776539022807644
468.0,0.10344146117684785
469.0,0.09830391128466198
470.0,0.09322812987745027
471.0,0.08888639146287036
472.0,0.08739843580118184
473.0,0.09061298709279542
474.0,0.09755053177271569
475.0,0.10563848444788757
476.0,0.11359381384232164
477.0,0.12083174648492234
478.0,0.1258027934337556
479.0,0.127016019444166
480.0,0.12426763193744567
481.0,0.11779501151695126
482.0,0.1073827713738805
483.0,0.09389907595555669
484.0,0.08034440019842254
485.0,0.071924192987643
486.0,0.07375329521861998
487.0,0.08668989620959244
488.0,0.10626518991273931
489.0,0.1257803535301971
490.0,0.1401475298455479
491.0,0.14659922758277527
492.0,0.14512562114501393
493.0,0.13841556882354944
494.0,0.1302768215721108
495.0,0.12404928451505437
496.0,0.12064143987980777
497.0,0.11788811956584966
498.0,0.11300668783143114
499.0,0.1059601768436374
500.0,0.09919116310136009
501.0,0.0947604254048185
502.0,0.09356100038096005
503.0,0.09601591853372873
504.0,0.10194652883281818
505.0,0.11048424577084617
506.0,0.11900000254664111
507.0,0.12331468402976359
508.0,0.12166751953872029
509.0,0.11682302776642692
510.0,0.11226957218434996
511.0,0.10857739166658581
512.0,0.10556998224691197
513.0,0.1042399656748279
514.0,0.1050954390823684
515.0,0.10736530890808554
516.0,0.11033154017270835
517.0,0.11394406757946149
518.0,0.11783130461653757
519.0,0.12087421996754724
520.0,0.12164419282601324
521.0,0.11924228772523676
522.0,0.11387669946006945
523.0,0.10689189207278951
524.0,0.10016277932834547
525.0,0.09553047338204418
526.0,0.0946457467160273
527.0,0.0979178706676809
528.0,0.10391184671503415
529.0,0.1105572129815916
530.0,0.11688934999065792
531.0,0.12282776755217661
532.0,0.12806009032197654
533.0,0.13219822719539748
534.0,0.13504562828935268
535.0,0.1353743226300833
536.0,0.13071630726380806
537.0,0.12033847546205095
538.0,0.10684655984213193
539.0,0.09396777116113947
540.0,0.08435299210915559
541.0,0.08108124008511083
542.0,0.08703796551168849
543.0,0.10064046913361602
544.0,0.11588327594092945
545.0,0.12729810010544987
546.0,0.13313549032407845
547.0,0.13367568139127944
548.0,0.13026735614442575
549.0,0.12574509674234588
550.0,0.12297271668432025
551.0,0.12302696139802441
552.0,0.12499706306240863
553.0,0.12746349285682035
554.0,0.12909178849317923
555.0,0.1284994463624116
556.0,0.12569995970164388
557.0,0.12299307473522902
558.0,0.12253799334697227
559.0,0.12376481596987113
560.0,0.12455574326331742
561.0,0.12370287323720988
562.0,0.12118532145569869
563.0,0.11753134292958395
564.0,0.11349247498566936
565.0,0.10976872904929275
566.0,0.10748520346860402
567.0,0.10791451242987549
568.0,0.11080409001937455
569.0,0.11413312499285846
570.0,0.11588301892813521
571.0,0.11547740332535769
572.0,0.11349078918536476
573.0,0.11102854874013124
574.0,0.1093530599854951
575.0,0.10930522191388461
576.0,0.11108041179690345
577.0,0.11420663021764696
578.0,0.11778565003978037
579.0,0.12120073068636891
580.0,0.12467990614828442
581.0,0.12882530308743212
582.0,0.1336833006329243
583.0,0.13864652740356534
584.0,0.1429603070277874
585.0,0.14546544281547208
586.0,0.14451597435353838
587.0,0.13984917242308656
588.0,0.13370718116345504
589.0,0.12982406719164893
590.0,0.13124145963730613
591.0,0.1384937668313376
592.0,0.1494707278162437
593.0,0.16099644794103923
594.0,0.17027722032360426
595.0,0.1731125820667216
596.0,0.16526355663645503
597.0,0.1482660494130143
598.0,0.12953373548084937
599.0,0.11569032093478065
600.0,0.10876029935171458
601.0,0.10912584730269273
602.0,0.11621527978659682
603.0,0.12664577730989504
604.0,0.1351485440212004
605.0,0.1369694500991532
606.0,0.13072657086126083
607.0,0.11920934559933019
608.0,0.10714656472661227
609.0,0.09769182210464175
610.0,0.09213999566384101
611.0,0.0917258642414508
612.0,0.0962895895963937
613.0,0.10318051038751466
614.0,0.10875213996902641
615.0,0.11063179400249076
616.0,0.10861936407165229
617.0,0.1041451424618619
618.0,0.09944358521820329
619.0,0.09652964826530377
620.0,0.09776911161466625
621.0,0.10525463776468658
622.0,0.11782919067551076
623.0,0.1306509342210291
624.0,0.13777736387931033
625.0,0.13573118593316705
626.0,0.12519410195543404
627.0,0.11015924251034553
628.0,0.09511581817899659
629.0,0.08340038468278868
630.0,0.0784114087033552
631.0,0.0817761289375881
632.0,0.09059356136927318
633.0,0.09981779342450692
634.0,0.10712798122973394
635.0,0.11316997899047251
636.0,0.11838139288742558
637.0,0.12258238074683814
638.0,0.12590057767275734
639.0,0.1286627916527823
640.0,0.13099742349669835
641.0,0.13284448406792657
642.0,0.13412606152378945
643.0,0.1347735728725362
644.0,0.13472352999578105
645.0,0.13385496028059263
646.0,0.1320654522489021
647.0,0.12979503313101956
648.0,0.1277087114945244
649.0,0.12480670846868655
650.0,0.11881498571466403
651.0,0.10975457126390992
652.0,0.10097866395611277
653.0,0.09635886585287706
654.0,0.09793249217454705
655.0,0.10620640545021198
656.0,0.11987867457523829
657.0,0.13531820753330134
658.0,0.14801539860849008
659.0,0.15458982468674615
660.0,0.1544168659752341
661.0,0.149430854165961
662.0,0.1423060689619894
663.0,0.13431275580297058
664.0,0.12509154086120214
665.0,0.11396631208799757
666.0,0.10129017517880529
667.0,0.089017315953552
668.0,0.08064438683892017
669.0,0.07987455812200578
670.0,0.08722924618276359
671.0,0.09887906268636484
672.0,0.1095659253651817
673.0,0.11609386457710513
674.0,0.11696078908987742
675.0,0.11171182895628876
676.0,0.10208074064421394
677.0,0.09202747034577502
678.0,0.08745301794428822
679.0,0.09302141097130948
680.0,0.10778063993984385
681.0,0.1258490120843151
682.0,0.14213009728205053
683.0,0.1539686772266506
684.0,0.15697696136136297
685.0,0.14795415609015278
686.0,0.1312859242472143
687.0,0.11539961560465001
688.0,0.10392967282395571
689.0,0.09536538185467555
690.0,0.08872264837585705
691.0,0.08416883682717813
692.0,0.08126781728088367
693.0,0.07938295628291189
694.0,0.07852832968866713
695.0,0.07892466248841212
696.0,0.08036824487416822
697.0,0.08272225612402026
698.0,0.08630490437589572
699.0,0.09113209191409954
700.0,0.09650986081614965
701.0,0.10184832787889386
702.0,0.10730836910465141
703.0,0.11359436686837943
704.0,0.1212003609059869
705.0,0.12957795499405744
706.0,0.13697724863071004
707.0,0.1409366947566792
708.0,0.1398852317955539
709.0,0.13474593690203274
710.0,0.12826961665304137
711.0,0.12260712230958648
712.0,0.11825102366777568
713.0,0.11501455981359099
714.0,0.11248914141249561
715.0,0.11009294513593892
716.0,0.10709138466342377
717.0,0.10258051344168745
718.0,0.09707732947947381
719.0,0.09351088991180531
720.0,0.09421711681670858
721.0,0.0980041987139339
722.0,0.10202370471409383
723.0,0.10494826414411607
724.0,0.10670503761813371
725.0,0.10740778249416405
726.0,0.10823311431378069
727.0,0.11123452946159551
728.0,0.11693982476212644
729.0,0.12347361140641772
730.0,0.12887057018404863
731.0,0.1326223573486957
732.0,0.13418287065297008
733.0,0.13280268471848267
734.0,0.1295598528223637
735.0,0.12697327001286607
736.0,0.12637667945524117
737.0,0.12675867216466696
738.0,0.12583583112496521
739.0,0.12221566621500235
740.0,0.1170075052206545
741.0,0.1130666584954208
742.0,0.11266264617929178
743.0,0.11620112059892979
744.0,0.12263143630530482
745.0,0.13026522318315353
746.0,0.1377863369969587
747.0,0.14414334876824197
748.0,0.14810872411594844
749.0,0.1493645958848604
750.0,0.14910049999712993
751.0,0.1488552409068336
752.0,0.1492630505232383
753.0,0.15065446057597842
754.0,0.15379351350105647
755.0,0.1599352415390095
756.0,0.16945546827733493
757.0,0.17806272050239774
758.0,0.17859580491088783
759.0,0.1695363461191678
760.0,0.15652937688337515
761.0,0.14371553692752304
762.0,0.1306011622529153
763.0,0.11799762500654731
764.0,0.10922388407765948
765.0,0.10611134657601473
766.0,0.10809724618104394
767.0,0.11449858568754812
768.0,0.12450064582660397
769.0,0.13590127323735668
770.0,0.14514680854383166
771.0,0.14833638509402958
772.0,0.1438619618557625
773.0,0.1338075207538113
774.0,0.1223009236976016
775.0,0.11250336950878093
776.0,0.10626427487818102
777.0,0.10480376510511646
778.0,0.10755257807355234
779.0,0.11219965422263706
780.0,0.11698519634551086
781.0,0.12222876096580665
782.0,0.12870836314907086
783.0,0.13597477686438597
784.0,0.1424781308334504
785.0,0.14650273846761586
786.0,0.14718238484951007
787.0,0.14497337768974322
788.0,0.1411643118350852
789.0,0.13720396206141733
790.0,0.13456572380862064
791.0,0.13393738946922173
792.0,0.13440330047719173
793.0,0.1344612658603757
794.0,0.1340028782438355
795.0,0.13335323996674214
796.0,0.13077862339513913
797.0,0.1245480476528702
798.0,0.11627971527817138
799.0,0.10979325819639474
800.0,0.10781858577292486
801.0,0.11147900344252382
802.0,0.12119901668283267
803.0,0.13498411834273893
804.0,0.14807472294443863
805.0,0.15593022512501664
806.0,0.1571185012750742
807.0,0.15336558910208098
808.0,0.14753911550781595
809.0,0.14178664362301346
810.0,0.13636614382155388
811.0,0.13035440914543073
812.0,0.12316799015596691
813.0,0.11556093196024397
814.0,0.11010382374123318
815.0,0.11130790453810518
816.0,0.12216768395155136
817.0,0.1393604648692337
818.0,0.15435259130591417
819.0,0.15935397002056712
820.0,0.1513704599557223
821.0,0.13128539040471876
822.0,0.10407342493659627
823.0,0.07833451126899166
824.0,0.06310747942828565
825.0,0.06471407015581454
826.0,0.08253538061734278
827.0,0.10884743194902019
828.0,0.13392129471972036
829.0,0.1521744502136455
830.0,0.16216695127663067
831.0,0.1635254274113736
832.0,0.15686641296256032
833.0,0.14396368102182217
834.0,0.12963995967649838
835.0,0.12075333340608274
836.0,0.12065171397544594
837.0,0.1268621696718003
838.0,0.13562599147752308
839.0,0.14514088009468223
840.0,0.15249175291604816
841.0,0.15349918366768167
842.0,0.14623218160403217
843.0,0.13336722188051703
844.0,0.12207908031518472
845.0,0.11902361737619471
846.0,0.12437341855352224
847.0,0.13246301439752894
848.0,0.13820427333405183
849.0,0.13942178084770918
850.0,0.13468193725355732
851.0,0.12512150972867553
852.0,0.11630548846261407
853.0,0.11481570802849
854.0,0.12361932356093752
855.0,0.1398551609580883
856.0,0.15671859686942563
857.0,0.1672821087128037
858.0,0.16812540804669945
859.0,0.1597137285903557
860.0,0.1444904846618979
861.0,0.12657831151624
862.0,0.11033748858708892
863.0,0.09843785505389924
864.0,0.09116084989134021
865.0,0.08764207334040985
866.0,0.0874902017909519
867.0,0.09113765223596926
868.0,0.0991582261883801
869.0,0.11077375574944881
870.0,0.12348977768876385
871.0,0.13404847210261533
872.0,0.14040722348288281
873.0,0.14320323776004878
874.0,0.1448063477092008
875.0,0.1467782829293961
876.0,0.1490591576931799
877.0,0.1510684030958241
878.0,0.15220062947641522
879.0,0.15191726281869572
880.0,0.149884344633278
881.0,0.1459835635171814
882.0,0.1408909300467957
883.0,0.1362406741072021
884.0,0.13381764954881198
885.0,0.13461518379508086
886.0,0.13865737257282373
887.0,0.14526007417735098
888.0,0.15249468526755466
889.0,0.15746425832492938
890.0,0.15718981396204829
891.0,0.14983001990285905
892.0,0.13554953139802467
893.0,0.11635821325250062
894.0,0.09532901875631972
895.0,0.07563346070043453
896.0,0.06066868109148471
897.0,0.05317318531507259
898.0,0.05404126202283066
899.0,0.06219771418939457
900.0,0.07569895008107352
901.0,0.09211573283765362
902.0,0.10809983970218895
903.0,0.12078325959683012
904.0,0.12932728048812142
905.0,0.13523944690974776
906.0,0.14114591639034485
907.0,0.14909509675444588
908.0,0.1594424030585901
909.0,0.17016157186206887
910.0,0.17761842627585012
911.0,0.17748505777729606
912.0,0.16639876681650045
913.0,0.14601275628419952
914.0,0.12340303779317119
915.0,0.10567455279390714
916.0,0.09517168340789417
917.0,0.09125665072028794
918.0,0.09311552317523974
919.0,0.09948477618293483
920.0,0.10894706088333539
921.0,0.12090181171499781
922.0,0.1345330314478025
923.0,0.14552234202201264
924.0,0.14797509125559571
925.0,0.1404984396999704
926.0,0.12730623275863878
927.0,0.11359311177798931
928.0,0.10307096295089846
929.0,0.09893379390522561
930.0,0.10262123106523341
931.0,0.11263623191171707
932.0,0.12468684223455667
933.0,0.13333707794938088
934.0,0.13499232936626704
935.0,0.12960953667746739
936.0,0.12015943735712087
937.0,0.1101711469964256
938.0,0.10273041212471695
939.0,0.10005857274600993
940.0,0.10310885918960894
941.0,0.11169410467585278
942.0,0.12393923009375868
943.0,0.13693582918645542
944.0,0.1484257981190763
945.0,0.15771831979851275
946.0,0.1644956003267446
947.0,0.16803377618893955
948.0,0.16811872940456546
949.0,0.16517279340906554
950.0,0.15920970587872918
951.0,0.15029686356835192
952.0,0.1404922138567118
953.0,0.13292589927524467
954.0,0.12888368843883297
955.0,0.12737443784384822
956.0,0.1272011999979591
957.0,0.12784965672632043
958.0,0.12910008569287057
959.0,0.13101560730090245
960.0,0.13393218518877614
961.0,0.13814498775513023
962.0,0.14360513911974415
963.0,0.14967384082947394
964.0,0.15521587230175055
965.0,0.15852559807225292
966.0,0.15775534961129756
967.0,0.15270286286678675
968.0,0.14542070163019666
969.0,0.13847681053447802
970.0,0.13319918793693097
971.0,0.13050425924186404
972.0,0.13102711820259094
973.0,0.1327583660027783
974.0,0.13154822567892044
975.0,0.12491475846929517
976.0,0.11408335404359177
977.0,0.10227317034190814
978.0,0.0927407030712517
979.0,0.0883726861208009
980.0,0.09066637910205377
981.0,0.09911534124243288
982.0,0.11227222567823825
983.0,0.12973454561720948
984.0,0.15054118294557173
985.0,0.1703013467924293
986.0,0.18309133202642114
987.0,0.18527661681085034
988.0,0.177045333925819
989.0,0.1610744652305145
990.0,0.14181483117558225
991.0,0.12418495290806342
992.0,0.11262768727320804
993.0,0.11026591029620914
994.0,0.1163029386607527
995.0,0.12599490123230622
996.0,0.13372001413400608
997.0,0.1364727069038013
998.0,0.13433966467117964
999.0,0.12921525989208577
1000.0,0.12344469947085224
1001.0,0.11838219740972311
1002.0,0.11434560097459617
1003.0,0.11113190547175977
1004.0,0.10871821160045353
1005.0,0.10743041994321584
1006.0,0.10737790311123596
1007.0,0.10784585054056472
1008.0,0.10697978029068211
1009.0,0.10333098147151953
1010.0,0.09780146575010107
1011.0,0.09320327413773921
1012.0,0.09211278176789617
1013.0,0.0954960609311366
1014.0,0.10280695901195214
1015.0,0.1120725030121138
1016.0,0.1205959761386074
1017.0,0.12506696107915072
1018.0,0.12203311631894287
1019.0,0.11112735936518575
1020.0,0.09627670500462038
1021.0,0.08212217023109802
1022.0,0.07040973833015274
1023.0,0.06183265381258951
1024.0,0.05799599617127138
1025.0,0.059876584645045305
1026.0,0.06667861362932953
1027.0,0.07598778621027358
1028.0,0.0853724677406521
1029.0,0.09447285191416788
1030.0,0.10500069188031913
1031.0,0.11832974840238708
1032.0,0.1337908158630547
1033.0,0.1490899238053181
1034.0,0.16138821490865285
1035.0,0.16819857824261042
1036.0,0.16890959519096516
1037.0,0.16550395643839733
1038.0,0.16068735640050735
1039.0,0.15516045614069768
1040.0,0.14832175302999223
1041.0,0.14075924196095696
1042.0,0.13414666976921008
1043.0,0.12987755361679865
1044.0,0.12945732141972094
1045.0,0.13490823154685277
1046.0,0.14587382253376574
1047.0,0.1581740407334914
1048.0,0.16660892699764213
1049.0,0.168463428729064
1050.0,0.16407186735797374
1051.0,0.1554651558933252
1052.0,0.1450379428871958
1053.0,0.13386854976170115
1054.0,0.12071085128498948
1055.0,0.103629554841285
1056.0,0.08375486989447734
1057.0,0.0669384658420305
1058.0,0.0625836044372372
1059.0,0.07706365362150347
1060.0,0.10638632824202238
1061.0,0.1381721927174417
1062.0,0.16124440397094247
1063.0,0.1709153580249882
1064.0,0.16648442734414537
1065.0,0.15129816413403208
1066.0,0.13281825309068385
1067.0,0.11882233802391234
1068.0,0.11341228672581177
1069.0,0.1153193409616401
1070.0,0.1199752351948718
1071.0,0.12319455478406838
1072.0,0.12415397442944431
1073.0,0.12431649986896076
1074.0,0.12470502363824165
1075.0,0.1255988355559785
1076.0,0.1268917515579649
1077.0,0.12824523149284783
1078.0,0.12933533007760478
1079.0,0.12984452721786827
1080.0,0.12969096370716654
1081.0,0.1297336350181949
1082.0,0.13138967713908867
1083.0,0.13511853709723154
1084.0,0.1398062687853434
1085.0,0.14371863122423595
1086.0,0.14503320716285328
1087.0,0.1411624570497363
1088.0,0.1307046992634764
1089.0,0.11627494537397653
1090.0,0.10346896121642596
1091.0,0.09722143284156815
1092.0,0.09876754331162851
1093.0,0.10549167156327055
1094.0,0.11277484069878096
1095.0,0.11685819782960427
1096.0,0.11597743694594459
1097.0,0.10970157930828645
1098.0,0.09956841384257109
1099.0,0.08884934416001317
1100.0,0.08126396264730995
1101.0,0.0793034039230196
1102.0,0.08264002346628907
1103.0,0.08840737484975525
1104.0,0.09292818107753653
1105.0,0.09399274410836495
1106.0,0.0918044809902534
1107.0,0.08830043637556773
1108.0,0.08527992769418535
1109.0,0.08394675646713634
1110.0,0.08793565455861829
1111.0,0.10130843102728149
1112.0,0.12156507474124623
1113.0,0.13980505282049155
1114.0,0.14800957718656604
1115.0,0.14400124143338966
1116.0,0.13028119148364808
1117.0,0.11200063570252672
1118.0,0.09477332573836822
1119.0,0.08264757641901832
1120.0,0.07785472732848087
1121.0,0.07979968013055794
1122.0,0.08524800643673192
1123.0,0.09235429105035498
1124.0,0.10394627794842348
1125.0,0.1225722424935069
1126.0,0.14496415543314733
1127.0,0.1642684814641603
1128.0,0.17508467383584692
1129.0,0.17480664644477795
1130.0,0.1634472961324992
1131.0,0.1450179996378077
1132.0,0.12581240787731712
1133.0,0.10971878417770259
1134.0,0.0962206949355861
1135.0,0.084207557574833
1136.0,0.07557039804303123
1137.0,0.07552423174096262
1138.0,0.08895937972610934
1139.0,0.11481587970009366
1140.0,0.14590068697916758
1141.0,0.17482994387995976
1142.0,0.1953242777298898
1143.0,0.19742627764029186
1144.0,0.17530060688179738
1145.0,0.1387609218884236
1146.0,0.10597596044215979
1147.0,0.08662988563189045
1148.0,0.07909799724102623
1149.0,0.07909909813079574
1150.0,0.08235483941516375
1151.0,0.08476232857669663
1152.0,0.08376018660887591
1153.0,0.07882456050103825
1154.0,0.07159255936482656
1155.0,0.06460428892126413
1156.0,0.059262036474311275
1157.0,0.054887030667285175
1158.0,0.050549561385554886
1159.0,0.04699053592688979
1160.0,0.04671444806371239
1161.0,0.052570372717301916
1162.0,0.06570932187764983
1163.0,0.08455455976846543
1164.0,0.10546141139489973
1165.0,0.12480200568060806
1166.0,0.140765543560727
1167.0,0.15364085242921233
1168.0,0.16422912347979102
1169.0,0.17235370051482002
1170.0,0.17648323034280144
1171.0,0.1752208633464699
1172.0,0.16934482664019235
1173.0,0.1614531403744781
1174.0,0.1538615343731744
1175.0,0.148206608778241
1176.0,0.14618542649187327
1177.0,0.1481081596677255
1178.0,0.15175858559682642
1179.0,0.15160999719754276
1180.0,0.1404586153851738
1181.0,0.11651056931188952
1182.0,0.08695092328336118
1183.0,0.06314410965924916
1184.0,0.05313478176728731
1185.0,0.059624099759464866
1186.0,0.08038395064047998
1187.0,0.10740600933125033
1188.0,0.1299546846403996
1189.0,0.13845253144523528
1190.0,0.1292194950984611
1191.0,0.10739607767788284
1192.0,0.08387579191603012
1193.0,0.06903606284274827
1194.0,0.06712911361588753
1195.0,0.07621880017101912
1196.0,0.09083858039457782
1197.0,0.10564935389627594
1198.0,0.1178758066399227
1199.0,0.12665700315751793
1200.0,0.13245000489006764
1201.0,0.13624019151149236
1202.0,0.13761180956033314
1203.0,0.13365040223511238
1204.0,0.1227198095674189
1205.0,0.10807142683216531
1206.0,0.09455702980343239
1207.0,0.08381927352028118
1208.0,0.07556026728322374
1209.0,0.07031755454113292
1210.0,0.06819163134199335
1211.0,0.06833345292203369
1212.0,0.0729820319927969
1213.0,0.08749194217129219
1214.0,0.11150166388210603
1215.0,0.13655682202824604
1216.0,0.15600762224585984
1217.0,0.17059470209637528
1218.0,0.1825925782769353
1219.0,0.19151164135253185
1220.0,0.19559815284116555
1221.0,0.19305632399256312
1222.0,0.18198980695846823
1223.0,0.1624993790359448
1224.0,0.13903645663045627
1225.0,0.11861122518046452
1226.0,0.10674775882319187
1227.0,0.10440903109510813
1228.0,0.10831533513607183
1229.0,0.11295758425950042
1230.0,0.11352067354160034
1231.0,0.10804449006551164
1232.0,0.09739040163442136
1233.0,0.08472635710731813
1234.0,0.07384295292106735
1235.0,0.06830854864823
1236.0,0.07063994187230838
1237.0,0.07985012775833678
1238.0,0.0914518904881545
1239.0,0.10075309375630315
1240.0,0.10597519818108236
1241.0,0.10776106725615209
1242.0,0.10743534709776026
1243.0,0.10609828006931143
1244.0,0.10390229980101828
1245.0,0.10014987920948026
1246.0,0.09425335591636086
1247.0,0.08676172512711522
1248.0,0.08052221900630374
1249.0,0.08160732913136737
1250.0,0.09447863241943166
1251.0,0.11544228712180149
1252.0,0.13500316451124805
1253.0,0.14632484173647087
1254.0,0.14818345857535697
1255.0,0.1417506874914609
1256.0,0.1296332565503232
1257.0,0.115497001747358
1258.0,0.10245561402536663
1259.0,0.09188058094258678
1260.0,0.08359933090389615
1261.0,0.07705466189520516
1262.0,0.07083858763421125
1263.0,0.06277004436398481
1264.0,0.05204006955359963
1265.0,0.0403763508647943
1266.0,0.03066808783267516
1267.0,0.0250133554509272
1268.0,0.024541967529466135
1269.0,0.029364804916611642
1270.0,0.03784734469803097
1271.0,0.047625065331984184
1272.0,0.05805230553184182
1273.0,0.07020865501061557
1274.0,0.08386711868062557
1275.0,0.09652890124288849
1276.0,0.1052839461809928
1277.0,0.10865648606647516
1278.0,0.1071049628402595
1279.0,0.10238328222943627
1280.0,0.09609617803583392
1281.0,0.08941369994514436
1282.0,0.08375364032854138
1283.0,0.08024935322912485
1284.0,0.07905665985389532
1285.0,0.0809727834938927
1286.0,0.08885837569995858
1287.0,0.10363590426595237
1288.0,0.1211677355636378
1289.0,0.13625288510159683
1290.0,0.14741187422082425
1291.0,0.1556662003539777
1292.0,0.16174300920560514
1293.0,0.16619903621028087
1294.0,0.16904473760484895
1295.0,0.16709629579919982
1296.0,0.1555258984736827
1297.0,0.1350328261512178
1298.0,0.11393654914195483
1299.0,0.10289801743242488
1300.0,0.10764990834035093
1301.0,0.12537555009301993
1302.0,0.1470876074671249
1303.0,0.16437295437437927
1304.0,0.173454270504375
1305.0,0.17325220942039932
1306.0,0.16495211465089255
1307.0,0.1522445504087584
1308.0,0.13810376851469464
1309.0,0.12143857672936131
1310.0,0.10028576909737574
1311.0,0.07700843791181611
1312.0,0.06009247405071827
1313.0,0.061237448832155095
1314.0,0.08509733654912621
1315.0,0.12327332890174236
1316.0,0.1599771496764958
1317.0,0.18251743590843417
1318.0,0.18361120087995575
1319.0,0.1612466398165644
1320.0,0.1231298996043434
1321.0,0.08460783210390821
1322.0,0.06179806618492345
1323.0,0.06284176117815132
1324.0,0.08287485264874517
1325.0,0.10799619859226683
1326.0,0.12494395945083692
1327.0,0.12871801159949914
1328.0,0.12075667401834056
1329.0,0.10562534765056275
1330.0,0.08859938074441542
1331.0,0.07471234757472434
1332.0,0.07066503697287174
1333.0,0.08018403403721674
1334.0,0.09820239619191806
1335.0,0.11327487121096658
1336.0,0.11515764882769175
1337.0,0.10160212181531958
1338.0,0.07919582281313486
1339.0,0.05792550661935203
1340.0,0.04366969063750048
1341.0,0.037417830748906256
1342.0,0.03850199583795466
1343.0,0.04451679751849302
1344.0,0.052023182422123004
1345.0,0.059469504785573
1346.0,0.06835261340286536
1347.0,0.07978026317311138
1348.0,0.0921592896917025
1349.0,0.10414945849989399
1350.0,0.11639352645960455
1351.0,0.12924143081352402
1352.0,0.1408046505600532
1353.0,0.14667673162479966
1354.0,0.14259211075516587
1355.0,0.12825016695300417
1356.0,0.1086437992863819
1357.0,0.09186098500860496
1358.0,0.08584339318013068
1359.0,0.09701340195471164
1360.0,0.12542571181527928
1361.0,0.16178117950394078
1362.0,0.19094830614551483
1363.0,0.19897827052493744
1364.0,0.18202137149887931
1365.0,0.14873178865340742
1366.0,0.11392593449726207
1367.0,0.08836187736867629
1368.0,0.07559847650607177
1369.0,0.074581265189815
1370.0,0.08026404721148239
1371.0,0.08627599725267165
1372.0,0.08828272835348039
1373.0,0.0858817553996386
1374.0,0.08167408549995825
1375.0,0.07865480361686239
1376.0,0.07905960826822755
1377.0,0.08350686937606389
1378.0,0.09087237833069839
1379.0,0.09917343312799087
1380.0,0.10652485200915862
1381.0,0.11213216940481241
1382.0,0.1165213947765198
1383.0,0.12065941713696182
1384.0,0.12441245947006219
1385.0,0.12783521563993383
1386.0,0.13437568522271226
1387.0,0.14750192258565853
1388.0,0.1647365716317113
1389.0,0.17784947844913257
1390.0,0.17792958912394696
1391.0,0.16140077277098697
1392.0,0.13221105473159234
1393.0,0.09933190396762215
1394.0,0.07112687921271321
1395.0,0.053448016624293104
1396.0,0.04987898000292401
1397.0,0.05873493831784293
1398.0,0.07362379028317512
1399.0,0.09062750707169231
1400.0,0.11228130233937916
1401.0,0.13941224153001808
1402.0,0.1655430758176829
1403.0,0.1821538937970154
1404.0,0.1849337861950534
1405.0,0.17506247969604039
1406.0,0.15750769613454418
1407.0,0.1382740770607439
1408.0,0.12107335801589769
1409.0,0.10632847478056084
1410.0,0.09261509893115216
1411.0,0.07971063749211349
1412.0,0.06881745452428567
1413.0,0.059884560791398034
1414.0,0.05169343888240274
1415.0,0.04383744979050763
1416.0,0.03876448811754951
1417.0,0.042212220387615074
1418.0,0.05825142247358639
1419.0,0.08449532161788587
1420.0,0.11260978986481229
1421.0,0.13310625125286757
1422.0,0.1386547174271311
1423.0,0.12581974828676123
1424.0,0.09917597952101564
1425.0,0.07055139090293927
1426.0,0.054179000244191755
1427.0,0.05938365549861624
1428.0,0.08403005439144384
1429.0,0.11585221965706372
1430.0,0.14044126527917267
1431.0,0.14999049707705647
1432.0,0.1442022605746106
1433.0,0.12801230346163284
1434.0,0.10919821484147552
1435.0,0.09497252544044532
1436.0,0.09152255800464093
1437.0,0.10104978275981913
1438.0,0.11872186915688054
1439.0,0.13430634852228973
1440.0,0.13664020059250115
1441.0,0.12158122248333791
1442.0,0.0962764349223989
1443.0,0.07473936913520351
1444.0,0.06853697009038828
1445.0,0.08092573314980589
1446.0,0.10788511351363206
1447.0,0.1402062508695574
1448.0,0.16788024456317385
1449.0,0.18317662027105042
1450.0,0.18205065795597764
1451.0,0.16816246550956127
1452.0,0.15139780261648217
1453.0,0.1374250232908284
1454.0,0.1218891945777969
1455.0,0.100507702953477
1456.0,0.07776117961636364
1457.0,0.06335651136977394
1458.0,0.06505256395271242
1459.0,0.08408980543766664
1460.0,0.11426387281416739
1461.0,0.14494296934225726
1462.0,0.16615088056616134
1463.0,0.17051387997943857
1464.0,0.1570031785416911
1465.0,0.13362121657964554
1466.0,0.11247406132977955
1467.0,0.10155462665741855
1468.0,0.1009294609998781
1469.0,0.10599782787106737
1470.0,0.1113122148245913
1471.0,0.11341376810109405
1472.0,0.11183297926819324
1473.0,0.10761018721311011
1474.0,0.10247120873856896
1475.0,0.09806940186443236
1476.0,0.09535338198559185
1477.0,0.09445571007593867
1478.0,0.09468546101198083
1479.0,0.09507735052561406
1480.0,0.09536694444394822
1481.0,0.09625514167578453
1482.0,0.0982002503791265
1483.0,0.09996056126278008
1484.0,0.09704360151651636
1485.0,0.083961794677189
1486.0,0.06031525904808044
1487.0,0.03266916588017488
1488.0,0.010258660167215106
1489.0,0.0
1490.0,0.005663729128181361
1491.0,0.026032686144592754
1492.0,0.0534517653337544
1493.0,0.07767962811756335
1494.0,0.09152159122656423
1495.0,0.0943938499457887
1496.0,0.09085656355109673
1497.0,0.08765051967098458
1498.0,0.09052934660247935
1499.0,0.10100898071689013
1500.0,0.11607275736231493
1501.0,0.13021017294444315
1502.0,0.1388032221367137
1503.0,0.139277911653664
1504.0,0.13076334136158219
1505.0,0.11609864446536644
1506.0,0.10146683148589208
1507.0,0.09238717402276497
1508.0,0.0902544114616124
1509.0,0.09265495786099498
1510.0,0.09683638251752402
1511.0,0.1047087506111194
1512.0,0.12212963569014013
1513.0,0.14981189979442588
1514.0,0.18004524973042868
1515.0,0.203448854573419
1516.0,0.21470937190605088
1517.0,0.21175933508023947
1518.0,0.19596518342005598
1519.0,0.1732805558184627
1520.0,0.14999400777887884
1521.0,0.12674433612109393
1522.0,0.10079612506731428
1523.0,0.07356929850978877
1524.0,0.0508035462381351
1525.0,0.037506839199287545
1526.0,0.03467678190775558
1527.0,0.03937406684597178
1528.0,0.047396079733951435
1529.0,0.05660690225202647
1530.0,0.06647727573270834
1531.0,0.07612405480604478
1532.0,0.0844120778088886
1533.0,0.09029998808389361
1534.0,0.09174161415683202
1535.0,0.08613260267152145
1536.0,0.07494985996164982
1537.0,0.06466618021960824
1538.0,0.06105977662838857
1539.0,0.06496690827380058
1540.0,0.07402210586451174
1541.0,0.08697916874813005
1542.0,0.10804861659780163
1543.0,0.14381655173963315
1544.0,0.193912062110579
1545.0,0.24810419712243947
1546.0,0.2921156442020414
1547.0,0.31326320492541027
1548.0,0.3012087355134926
1549.0,0.2565633408859086
1550.0,0.19757758225958677
1551.0,0.1474886329881453
1552.0,0.11579621953029229
1553.0,0.09756220729346032
1554.0,0.08618348882936644
1555.0,0.08194238269613463
1556.0,0.09346609862564148
1557.0,0.12639232738254869
1558.0,0.17329452016802904
1559.0,0.21842016210126336
1560.0,0.2484273367775487
1561.0,0.2560770608556767
1562.0,0.24068255480245482
1563.0,0.21017233741153674
1564.0,0.17664178470783032
1565.0,0.14730438762166198
1566.0,0.12089005273954823
1567.0,0.09518015455181239
1568.0,0.07299614311213276
1569.0,0.060720092473579124
1570.0,0.06327435686298055
1571.0,0.07873317143721303
1572.0,0.09918446653095792
1573.0,0.11735568487280634
1574.0,0.13040797756397826
1575.0,0.13818681463915972
1576.0,0.14192365799188655
1577.0,0.1433936331979716
1578.0,0.14369022337287551
1579.0,0.14268316849430118
1580.0,0.14007608894678292
1581.0,0.13685657698214948
1582.0,0.13612731690176594
1583.0,0.1423408706946696
1584.0,0.15691732489160914
1585.0,0.17555085315909458
1586.0,0.18980281009929012
1587.0,0.19187134635663128
1588.0,0.17961541837462358
1589.0,0.15769927606605538
1590.0,0.13413755230548619
1591.0,0.11508324313811136
1592.0,0.1034482303823584
1593.0,0.09910217592828618
1594.0,0.09970968352571485
1595.0,0.1029225966200753
1596.0,0.10788317951759274
1597.0,0.11629798141317849
1598.0,0.12775429182442855
1599.0,0.0
