0.0,0.0
1.0,0.0
2.0,0.0
3.0,0.0
4.0,0.0
5.0,0.0
6.0,0.0
7.0,0.0
8.0,0.0
9.0,0.0
10.0,0.0
11.0,0.0
12.0,0.0
13.0,0.0
14.0,0.0
15.0,0.0
16.0,0.0
17.0,0.0
18.0,0.0
19.0,0.0
20.0,0.0
21.0,0.0
22.0,0.0
23.0,0.0
24.0,0.0
25.0,0.0
26.0,0.0
27.0,0.0
28.0,0.0
29.0,0.0
30.0,0.0
31.0,0.0
32.0,0.0
33.0,0.0
34.0,0.0
35.0,0.0
36.0,0.0
37.0,0.0
38.0,0.0
39.0,0.0
40.0,0.0
41.0,0.0
42.0,0.0
43.0,0.0
44.0,0.0
45.0,0.0
46.0,0.0
47.0,0.0
48.0,0.0
49.0,0.0
50.0,0.0
51.0,0.0
52.0,0.0
53.0,0.0
54.0,0.0
55.0,0.0
56.0,0.0
57.0,0.0
58.0,0.0
59.0,0.0
60.0,0.0
61.0,0.0
62.0,0.0
63.0,0.0
64.0,0.0
65.0,0.0
66.0,0.0
67.0,0.0
68.0,0.0
69.0,0.0
70.0,0.0
71.0,0.0
72.0,0.0
73.0,0.0
74.0,0.0
75.0,0.0
76.0,0.0
77.0,0.0
78.0,0.0
79.0,0.0
80.0,0.0
81.0,0.0
82.0,0.0
83.0,0.0
84.0,0.0
85.0,0.0
86.0,0.0
87.0,0.0
88.0,0.0
89.0,0.0
90.0,0.0
91.0,0.0
92.0,0.0
93.0,0.0
94.0,0.0
95.0,0.0
96.0,0.0
97.0,0.0
98.0,0.0
99.0,0.0
100.0,0.0
101.0,0.0
102.0,0.0
103.0,0.0
104.0,0.0
105.0,0.0
106.0,0.0
107.0,0.0
108.0,0.0
109.0,0.0
110.0,0.0
111.0,0.0
112.0,0.0
113.0,0.0
114.0,0.0
115.0,0.0
116.0,0.0
117.0,0.0
118.0,0.0
119.0,0.0
120.0,0.0
121.0,0.0
122.0,0.0
123.0,0.0
124.0,0.0
125.0,0.18391053761714948
126.0,0.18475685118296611
127.0,0.1853120164436469
128.0,0.18555851001280765
129.0,0.18555722876682196
130.0,0.18535243328673376
131.0,0.18499175791498174
132.0,0.18453515921350272
133.0,0.18405010607794264
134.0,0.1837210897857811
135.0,0.18413708847872645
136.0,0.1859203830968874
137.0,0.18883145831935716
138.0,0.19183322326783872
139.0,0.19411076185151166
140.0,0.19538067504794487
141.0,0.19527918656139084
142.0,0.193586088818688
143.0,0.19084890465568827
144.0,0.1879852887745495
145.0,0.18541791999996374
146.0,0.18305683923350252
147.0,0.1808401288406764
148.0,0.17879542444990668
149.0,0.1769063430801242
150.0,0.17513172940695104
151.0,0.17345863972391148
152.0,0.1718982529609472
153.0,0.17045903578965338
154.0,0.16911590478186106
155.0,0.16782239552113565
156.0,0.16662771327262266
157.0,0.16567863817068906
158.0,0.16499164507573172
159.0,0.1643677600337757
160.0,0.16359516722386605
161.0,0.1625964621739697
162.0,0.1613423293769597
163.0,0.15983217313628578
164.0,0.15818698995492816
165.0,0.1566254326091384
166.0,0.15535409865270178
167.0,0.15446285681758237
168.0,0.15391120066373976
169.0,0.15356671068324762
170.0,0.15328096950393413
171.0,0.15293551816672235
172.0,0.152435923928948
173.0,0.15176072500017387
174.0,0.15098385556599025
175.0,0.15020444728575785
176.0,0.14945729211218997
177.0,0.14871195120005035
178.0,0.14792752088159503
179.0,0.14709740697179324
180.0,0.1462752271174968
181.0,0.14561161492107122
182.0,0.14530423688770142
183.0,0.14543409521731598
184.0,0.14587524577443764
185.0,0.14635822945058552
186.0,0.14656802873657584
187.0,0.14607646997161067
188.0,0.14453732147190604
189.0,0.1421293710916482
190.0,0.1394763097298936
191.0,0.13703199320695228
192.0,0.1349298645693045
193.0,0.13349494054570663
194.0,0.13304966233375964
195.0,0.13325057419644512
196.0,0.13331176599415862
197.0,0.13278862277149134
198.0,0.1317135000007753
199.0,0.13017285272870274
200.0,0.1282716226560403
201.0,0.1262469804093885
202.0,0.12432825587535666
203.0,0.12257366612162302
204.0,0.12093092004465372
205.0,0.11938492058328415
206.0,0.11795573628580654
207.0,0.11665435857272302
208.0,0.11545659044748786
209.0,0.11431356997277425
210.0,0.11322243564999979
211.0,0.11226068505368238
212.0,0.11154355787370386
213.0,0.11115769683703643
214.0,0.11113625107237743
215.0,0.11143957406854124
216.0,0.11192869489474247
217.0,0.11244860532047381
218.0,0.11297302138830981
219.0,0.11358320116696904
220.0,0.11428624646027566
221.0,0.11497420558367585
222.0,0.11554584605126036
223.0,0.11590865227392202
224.0,0.11589015275942288
225.0,0.11542090729699978
226.0,0.1147458231513194
227.0,0.11427506560666043
228.0,0.11427706411576884
229.0,0.11484641874315255
230.0,0.11603352839252822
231.0,0.11770606912152601
232.0,0.1194954626791237
233.0,0.12107888418754792
234.0,0.12242083050787561
235.0,0.12362281341915188
236.0,0.12470325968134623
237.0,0.12564156888470024
238.0,0.12643289123522378
239.0,0.12704312899476228
240.0,0.12742046785112338
241.0,0.12760299673906467
242.0,0.12772890959768488
243.0,0.12791427346843776
244.0,0.12819391703837713
245.0,0.12859933755997344
246.0,0.1291374711486274
247.0,0.1296668095601431
248.0,0.1300572542814274
249.0,0.13049869885487356
250.0,0.13125906488597416
251.0,0.13217858948439398
252.0,0.13280468029661477
253.0,0.13290224266628933
254.0,0.13231327618290462
255.0,0.13058220724013783
256.0,0.1275377948656039
257.0,0.12384329506738649
258.0,0.12037427831659041
259.0,0.11739764339931004
260.0,0.11479679564847983
261.0,0.11257629837000022
262.0,0.11075321895291453
263.0,0.10923388081099408
264.0,0.10795061205461998
265.0,0.10694967172872286
266.0,0.10627703788739006
267.0,0.10589039986031797
268.0,0.10569936229373432
269.0,0.10564551921324936
270.0,0.10577391145235698
271.0,0.10617712221557163
272.0,0.10682953975623555
273.0,0.10757872994285553
274.0,0.10830620859143328
275.0,0.10899617920797734
276.0,0.10966994918363587
277.0,0.11035707710198786
278.0,0.11109822029825105
279.0,0.11196464445998885
280.0,0.1130739738586456
281.0,0.11448706941242595
282.0,0.11611671669248264
283.0,0.11781141999928153
284.0,0.11949458034286128
285.0,0.12110989544353756
286.0,0.12254176060300088
287.0,0.1237565912374897
288.0,0.12489995717628982
289.0,0.1261999878442692
290.0,0.1278137335604349
291.0,0.1297741324375999
292.0,0.13200148166667658
293.0,0.1343277556115773
294.0,0.13654590964730823
295.0,0.13837928881652473
296.0,0.13959819149205904
297.0,0.1402601831161825
298.0,0.14067638437757937
299.0,0.1411085930558154
300.0,0.14159346385069949
301.0,0.1420346382664286
302.0,0.14237135198095646
303.0,0.1427082113431244
304.0,0.14328240181346427
305.0,0.14430509661548063
306.0,0.14585577916903583
307.0,0.14789324749716407
308.0,0.1503120271553324
309.0,0.1530251273990858
310.0,0.15588337499966573
311.0,0.15860900966889824
312.0,0.16108770603191577
313.0,0.16358048710763937
314.0,0.16651574959686533
315.0,0.17018343353306858
316.0,0.17481475475018368
317.0,0.18060746236156447
318.0,0.18726268089711973
319.0,0.19402496962952429
320.0,0.20058003246012893
321.0,0.2073676634678741
322.0,0.21470546015789171
323.0,0.22218388499650912
324.0,0.2289337596665188
325.0,0.23409844300094956
326.0,0.23709791210902473
327.0,0.23784266979036697
328.0,0.23672785155058715
329.0,0.23416304344786545
330.0,0.23002016843931244
331.0,0.22370394948706182
332.0,0.21468997754391703
333.0,0.20327134320504348
334.0,0.19084012688637073
335.0,0.17899819968534816
336.0,0.16841729657734988
337.0,0.15893336742557168
338.0,0.15036551973243031
339.0,0.1426311234793488
340.0,0.13565919747112729
341.0,0.1295249680896108
342.0,0.12445826086526666
343.0,0.12047035061040406
344.0,0.11717516440725174
345.0,0.11415942084095011
346.0,0.11130283429703841
347.0,0.10860722030165071
348.0,0.10604321177673703
349.0,0.1036634914168679
350.0,0.10163490435695297
351.0,0.1001691204034105
352.0,0.09939081530176742
353.0,0.09923706996450507
354.0,0.0995047361085303
355.0,0.10001110901462577
356.0,0.10069036657279234
357.0,0.1015567970471235
358.0,0.10262452295171785
359.0,0.10383081750573125
360.0,0.10511925418388192
361.0,0.10657260562618302
362.0,0.10832922180891517
363.0,0.11042035194381608
364.0,0.11272444346075419
365.0,0.11502592951727991
366.0,0.11685267539369776
367.0,0.11750070367926323
368.0,0.11677502220794914
369.0,0.11538181546126405
370.0,0.11431596852927164
371.0,0.11411847836131206
372.0,0.11496493992642788
373.0,0.11689200582830246
374.0,0.11969857263387151
375.0,0.12302039896359003
376.0,0.12652053948262476
377.0,0.13004207546442323
378.0,0.133566031573695
379.0,0.13717879318391743
380.0,0.14111173380697206
381.0,0.14562102583782932
382.0,0.150810841266033
383.0,0.15661838635632172
384.0,0.1629672346740784
385.0,0.169851867536841
386.0,0.17731792876888733
387.0,0.1854107204892777
388.0,0.1941242108590217
389.0,0.20337920714726088
390.0,0.21305536834492497
391.0,0.22329332582137315
392.0,0.23464501010443842
393.0,0.247461238645183
394.0,0.2613591828795525
395.0,0.27542007370428007
396.0,0.2888581102540902
397.0,0.30195412330466964
398.0,0.31593213191411584
399.0,0.33087908608325267
400.0,0.34481957445860556
401.0,0.35553207981611157
402.0,0.3621433883166199
403.0,0.36463473865192686
404.0,0.36333775076812436
405.0,0.35926438307565767
406.0,0.35327709284314845
407.0,0.3444698905979171
408.0,0.3311652753972244
409.0,0.31387237164353454
410.0,0.2952133706811514
411.0,0.27714958848663934
412.0,0.2600251680590997
413.0,0.2436544925240332
414.0,0.22793216526103116
415.0,0.21298289636454396
416.0,0.19924497484004627
417.0,0.18732807111146424
418.0,0.17757486410774748
419.0,0.16977407940488623
420.0,0.16326812896952372
421.0,0.15737194492917383
422.0,0.15175625016407393
423.0,0.14653562051757185
424.0,0.1418714265161089
425.0,0.13760357981769666
426.0,0.13344499926678183
427.0,0.12922910197961707
428.0,0.12488933544777768
429.0,0.12044128653755935
430.0,0.116048834568046
431.0,0.11205391650149571
432.0,0.10903857022675584
433.0,0.10749026965722344
434.0,0.10726377204545337
435.0,0.1076676428431519
436.0,0.10812892472635785
437.0,0.10838702465991251
438.0,0.10810073775424003
439.0,0.10703635228169585
440.0,0.10549138545011807
441.0,0.10407493783921618
442.0,0.10316465436014674
443.0,0.1027862579786775
444.0,0.10284076551974522
445.0,0.10313160974680322
446.0,0.10338097708929068
447.0,0.10331619165494207
448.0,0.10275814050240396
449.0,0.10171767675421794
450.0,0.10036632683042614
451.0,0.09889540130565602
452.0,0.09737849393263728
453.0,0.09579482122608685
454.0,0.09411398041358601
455.0,0.0923618386064909
456.0,0.09061000090972053
457.0,0.08884352146123155
458.0,0.08696035069260138
459.0,0.08495363733563117
460.0,0.08295565702302075
461.0,0.08108423126402903
462.0,0.07939652851217209
463.0,0.07799792642757711
464.0,0.07696782877065304
465.0,0.0761871814796768
466.0,0.07543694411866864
467.0,0.07464290758735048
468.0,0.07386553882300417
469.0,0.07311979015878858
470.0,0.07235691618574419
471.0,0.07153534138924217
472.0,0.07050225406629623
473.0,0.0689277816394209
474.0,0.06669992337007723
475.0,0.06419738741640653
476.0,0.061950843881369316
477.0,0.06022217847851277
478.0,0.05915378736047586
479.0,0.05891816219905102
480.0,0.05938932937001108
481.0,0.06006993691515855
482.0,0.06045858529161213
483.0,0.060372981457716926
484.0,0.059893962426552844
485.0,0.05922065744608436
486.0,0.05860281985557256
487.0,0.05826547348130785
488.0,0.05843248150472549
489.0,0.05920300995954389
490.0,0.06037826193399802
491.0,0.06154945958185504
492.0,0.0623594768136497
493.0,0.06265580135050179
494.0,0.062432721660241386
495.0,0.06183494572234917
496.0,0.06113227849528122
497.0,0.06069191124365769
498.0,0.06091930293609389
499.0,0.06193410482255102
500.0,0.06339866100010855
501.0,0.06477651504379325
502.0,0.06572126685895957
503.0,0.06607358180854084
504.0,0.06575283118478588
505.0,0.06493689008091527
506.0,0.06409704194663329
507.0,0.06388727487033748
508.0,0.06482912829652927
509.0,0.06691054708767494
510.0,0.06960150319731973
511.0,0.07235220098500675
512.0,0.07488506295920157
513.0,0.0768470101143643
514.0,0.07789223342398771
515.0,0.07823313385002391
516.0,0.07851613578269097
517.0,0.07912773468868439
518.0,0.08000674542094391
519.0,0.08105447400486405
520.0,0.08225385059184528
521.0,0.08353486858321978
522.0,0.08482115801302845
523.0,0.08613599601302416
524.0,0.08752508795467356
525.0,0.0889289241359713
526.0,0.09024616144083646
527.0,0.09145241224076138
528.0,0.09259220122560327
529.0,0.09370710926790747
530.0,0.09476612669075687
531.0,0.09564723248768968
532.0,0.0961755437583715
533.0,0.09621377623342928
534.0,0.09577214345155444
535.0,0.09501109749026695
536.0,0.09411995556688132
537.0,0.09321178607891323
538.0,0.09237513530075897
539.0,0.0916676191224888
540.0,0.09101202799550696
541.0,0.09021994834942201
542.0,0.08912505372653318
543.0,0.08767179749308449
544.0,0.0858831361232314
545.0,0.08383873950124496
546.0,0.08166942092310145
547.0,0.07945556695915534
548.0,0.07712880019865959
549.0,0.07460618495302813
550.0,0.0719923077792018
551.0,0.06947427251550889
552.0,0.06710180562436704
553.0,0.06482619824691935
554.0,0.06264421610827825
555.0,0.06057889710159535
556.0,0.05864020910674324
557.0,0.05700645286431359
558.0,0.05604556171095068
559.0,0.05584434596028037
560.0,0.0559807554438089
561.0,0.05595740265995619
562.0,0.055583887259517725
563.0,0.054750562131584773
564.0,0.05332931666144122
565.0,0.051491403668864275
566.0,0.04970471322953267
567.0,0.04836155628323985
568.0,0.04754782713389685
569.0,0.04716832487993905
570.0,0.047075318311444486
571.0,0.04710324798501128
572.0,0.047171025728408006
573.0,0.04735533235362725
574.0,0.047747381014485835
575.0,0.04823796337434427
576.0,0.04856942797540839
577.0,0.048549548475769325
578.0,0.04813247431928769
579.0,0.04736483758165841
580.0,0.046381971250298526
581.0,0.04537377214801891
582.0,0.04453256575973791
583.0,0.04399493790023121
584.0,0.0437368757283213
585.0,0.043573799182574605
586.0,0.04328156431005044
587.0,0.04272904179948896
588.0,0.041858952631933205
589.0,0.04066255000655532
590.0,0.039256161186285984
591.0,0.03785897151582027
592.0,0.03668596013288958
593.0,0.03583022505160849
594.0,0.035223241562444996
595.0,0.03470562053914969
596.0,0.03415514823277997
597.0,0.03354325555894602
598.0,0.03286541086218504
599.0,0.032121839101793365
600.0,0.03135043007346758
601.0,0.030562150841649247
602.0,0.029653433014627348
603.0,0.028527743109900625
604.0,0.027268032498246414
605.0,0.02606967966342369
606.0,0.02506020200438365
607.0,0.024311878324034197
608.0,0.023921874549497624
609.0,0.023905058582091576
610.0,0.024126963349732786
611.0,0.024450069647543135
612.0,0.02487269116641315
613.0,0.02544444201690392
614.0,0.026156232576247537
615.0,0.02695511979795917
616.0,0.027803171691238804
617.0,0.028758736645803334
618.0,0.029933304707995517
619.0,0.031294989465733086
620.0,0.03261350038667972
621.0,0.033612147240888665
622.0,0.034118459615411975
623.0,0.03407188934211117
624.0,0.03356985095895973
625.0,0.03291178952222096
626.0,0.03247885308478632
627.0,0.03256321834661306
628.0,0.03323165514805812
629.0,0.03434629864994401
630.0,0.035630355923696455
631.0,0.03677765081961051
632.0,0.03757087699048413
633.0,0.03792724450770166
634.0,0.03807190170685951
635.0,0.03855283796331048
636.0,0.0400802337874821
637.0,0.04323799779828222
638.0,0.04808178108246705
639.0,0.054098820953133106
640.0,0.06061319646671083
641.0,0.06728027920938207
642.0,0.07420832049373287
643.0,0.08168434584282647
644.0,0.0895811109364079
645.0,0.09725656315860343
646.0,0.10427279788954069
647.0,0.11072712294337628
648.0,0.11677643161463422
649.0,0.1223543920849267
650.0,0.1273565584089093
651.0,0.13165886789827252
652.0,0.13494184768649475
653.0,0.13705789356133402
654.0,0.13859107503426754
655.0,0.14039684373237074
656.0,0.14266118612532883
657.0,0.14506092900061318
658.0,0.1475713581827538
659.0,0.15066798649920604
660.0,0.15503085858815815
661.0,0.16098591863974965
662.0,0.16821095405030814
663.0,0.1764477649827684
664.0,0.18618751267809633
665.0,0.1981548279471788
666.0,0.21263094196537297
667.0,0.2296327770000082
668.0,0.24919032140854117
669.0,0.2711101958737946
670.0,0.29496037791322727
671.0,0.3204404643144324
672.0,0.3475821708055802
673.0,0.376529109593551
674.0,0.4073066318073783
675.0,0.43978287118121734
676.0,0.47383273810721194
677.0,0.5096789319825427
678.0,0.547430484016417
679.0,0.5859928926295309
680.0,0.6248177473461408
681.0,0.6669689885879498
682.0,0.7155540841926158
683.0,0.7677390762049608
684.0,0.8172879624697367
685.0,0.8613677937283525
686.0,0.9009062340367493
687.0,0.9368944409479798
688.0,0.9685695423516972
689.0,0.993224274760535
690.0,1.0052896207339437
691.0,0.9976744570653849
692.0,0.9686195956754973
693.0,0.9247141684930811
694.0,0.8748976794945605
695.0,0.8233145654305328
696.0,0.7688472842054498
697.0,0.7087690275194192
698.0,0.6442059754734538
699.0,0.5811883242023492
700.0,0.5244095746645315
701.0,0.47382635533323963
702.0,0.4279939993304931
703.0,0.386452111745325
704.0,0.3489642718792784
705.0,0.315399776438734
706.0,0.2861714794642927
707.0,0.2615163593564246
708.0,0.2403445843945327
709.0,0.22081414871322064
710.0,0.20187462772070439
711.0,0.1835354446645243
712.0,0.16604002234622087
713.0,0.14955752862316302
714.0,0.13418005472297653
715.0,0.12016597814498851
716.0,0.10808328206322888
717.0,0.09809330269434079
718.0,0.08948892650344134
719.0,0.08148070975856747
720.0,0.07399746286967868
721.0,0.06730145152970962
722.0,0.06142888576160831
723.0,0.05624037979130965
724.0,0.051604276800483795
725.0,0.047564637528487955
726.0,0.044289123406723835
727.0,0.04172471610326574
728.0,0.03951947655499377
729.0,0.0373366703197808
730.0,0.03505691948612491
731.0,0.03268014029729263
732.0,0.030269243466036433
733.0,0.027966367282438134
734.0,0.02593500974285065
735.0,0.024292410768151126
736.0,0.023046823222697993
737.0,0.022097801526202804
738.0,0.021352111328874768
739.0,0.020846983032751593
740.0,0.020676937849798405
741.0,0.02084564892273627
742.0,0.021233219249100585
743.0,0.021662448036194826
744.0,0.021967764212186047
745.0,0.022053477147362874
746.0,0.021940177374390135
747.0,0.0217360935329671
748.0,0.021565911338965835
749.0,0.02150013884613927
750.0,0.021574903410626955
751.0,0.021804544535201156
752.0,0.02211867623969503
753.0,0.02237911863781933
754.0,0.02248227611769822
755.0,0.022420596423355865
756.0,0.02224451431539294
757.0,0.02199403282816026
758.0,0.021651995212815217
759.0,0.02115823917984444
760.0,0.02047344469203627
761.0,0.01963896498229717
762.0,0.018784917157362357
763.0,0.018080737755737403
764.0,0.01766697953424777
765.0,0.017573416608373763
766.0,0.017704407029192792
767.0,0.017928831370828305
768.0,0.018195310634807643
769.0,0.018557246903685015
770.0,0.019107543293360923
771.0,0.0198272564452667
772.0,0.020501438691560056
773.0,0.020740399471044543
774.0,0.020162391933743196
775.0,0.018755120672295317
776.0,0.016960152332463993
777.0,0.015323146213778865
778.0,0.014136935392495567
779.0,0.013509768642920292
780.0,0.013444992162149672
781.0,0.013747409393493684
782.0,0.014123838311083478
783.0,0.01441885094141325
784.0,0.01466872889610138
785.0,0.014900502307449243
786.0,0.015053473062820025
787.0,0.015078864906180905
788.0,0.014961376869832788
789.0,0.014667114965131234
790.0,0.014179477472316612
791.0,0.013566607219002574
792.0,0.012890367863964816
793.0,0.012078982039128744
794.0,0.011045695136501749
795.0,0.00986320669296789
796.0,0.008703308663292192
797.0,0.007683146463801471
798.0,0.006843057946499198
799.0,0.006188849929344015
800.0,0.00569820324664147
801.0,0.005338806356894155
802.0,0.0050860445851574065
803.0,0.00493464174327754
804.0,0.0048963819059417435
805.0,0.004985312861562535
806.0,0.005193267472926311
807.0,0.0055231055357363446
808.0,0.006118862909511191
809.0,0.007154993979610835
810.0,0.008485562852976303
811.0,0.009654858401186683
812.0,0.01028203269759595
813.0,0.01029646649220739
814.0,0.00984218771088205
815.0,0.009136674636693265
816.0,0.008359763590221003
817.0,0.007580783534521379
818.0,0.006785067000949385
819.0,0.005956206593919211
820.0,0.0051559526770705855
821.0,0.004465078555528856
822.0,0.0038842607722701927
823.0,0.003384230801791066
824.0,0.002993873009204534
825.0,0.0027629989122386345
826.0,0.0027151993372262484
827.0,0.002985866690613348
828.0,0.0038312886625025966
829.0,0.005220007579004066
830.0,0.0066461449688401675
831.0,0.007423716034709066
832.0,0.007131236826825732
833.0,0.005856440382828704
834.0,0.004117640171759335
835.0,0.0025449632645209996
836.0,0.0015840904642471787
837.0,0.001570565750834585
838.0,0.0026043579632593628
839.0,0.0042851814466085825
840.0,0.005832787537602385
841.0,0.006449978908324244
842.0,0.0058036172856236745
843.0,0.004216251406456206
844.0,0.002396191416096205
845.0,0.0009055347923774271
846.0,2.9367241099281793e-05
847.0,0.0
848.0,0.0007925337400364607
849.0,0.001961972406350293
850.0,0.0031207405761219664
851.0,0.004405449637981229
852.0,0.00604757316561777
853.0,0.007837889622364591
854.0,0.009341352611361015
855.0,0.010259146974861327
856.0,0.010313192992393055
857.0,0.009234734502194503
858.0,0.007253835403363135
859.0,0.005145915504135068
860.0,0.003616996405878148
861.0,0.002840446953507547
862.0,0.0026421019789023836
863.0,0.002785753783090983
864.0,0.0030679530458203874
865.0,0.0033995171833408055
866.0,0.0037839731623334483
867.0,0.004244875420272465
868.0,0.004759136175294165
869.0,0.005198591707404471
870.0,0.0053236201097459634
871.0,0.0049852102963350575
872.0,0.004331198856011659
873.0,0.003692295345138291
874.0,0.0032960152632357798
875.0,0.003259846041277603
876.0,0.003726605976883346
877.0,0.00467949876930196
878.0,0.005810574019923159
879.0,0.006753907877014714
880.0,0.0073671781274525505
881.0,0.007715776312312822
882.0,0.007915999485303832
883.0,0.008071063733953499
884.0,0.008227978123379331
885.0,0.008390604481262276
886.0,0.008555070599601394
887.0,0.008724560635055278
888.0,0.008917977480583678
889.0,0.009164319475106264
890.0,0.009484585771594223
891.0,0.009872395407849649
892.0,0.010297366494718796
893.0,0.010729937387389907
894.0,0.011154492011552428
895.0,0.01155858343982015
896.0,0.011943179979687218
897.0,0.012338355977431645
898.0,0.012808618243753067
899.0,0.013443562127724823
900.0,0.014279353612098367
901.0,0.015238321518155712
902.0,0.01620655946656921
903.0,0.017150816032754257
904.0,0.018092199257649544
905.0,0.019024084059731466
906.0,0.019918372252507643
907.0,0.020742576048645517
908.0,0.021347438121986223
909.0,0.021475791135666167
910.0,0.02109910645298399
911.0,0.020567693121428685
912.0,0.02033449750309882
913.0,0.020655948401333682
914.0,0.021625278338138362
915.0,0.023202150072205385
916.0,0.025115621086181456
917.0,0.026902674513597735
918.0,0.027989022294749324
919.0,0.028030088487841096
920.0,0.027274160185890017
921.0,0.026419844177365023
922.0,0.026088989365450108
923.0,0.02651385836422318
924.0,0.02766548361198097
925.0,0.02926317746099308
926.0,0.030794170333194884
927.0,0.03166234118192751
928.0,0.03135286373650999
929.0,0.029825112629835032
930.0,0.027649464752232775
931.0,0.02563287882064405
932.0,0.0242851575976257
933.0,0.023704299993992775
934.0,0.023760556333865368
935.0,0.024166043357238445
936.0,0.02461413426025562
937.0,0.02486344819685829
938.0,0.0247994446687462
939.0,0.024502523456787245
940.0,0.02416224561152379
941.0,0.023868365143617357
942.0,0.02353982710530396
943.0,0.023120763426473373
944.0,0.02269982289532871
945.0,0.02242720529504179
946.0,0.022454723428024084
947.0,0.02296962369982486
948.0,0.024060807241448046
949.0,0.02553509799737519
950.0,0.026983866827389347
951.0,0.028022461505511395
952.0,0.02851347356711481
953.0,0.028599519696547088
954.0,0.028584786346265628
955.0,0.028728735264033897
956.0,0.029179233987124853
957.0,0.03002428689783951
958.0,0.031231150807254707
959.0,0.03263940574577723
960.0,0.0341058356030971
961.0,0.03562836910692971
962.0,0.0372483802567643
963.0,0.03892969738591298
964.0,0.040607510548403336
965.0,0.04224999223374984
966.0,0.04383629773169952
967.0,0.04534478736518899
968.0,0.04679318965151724
969.0,0.04823647329091005
970.0,0.049709139555311144
971.0,0.05120497361427501
972.0,0.052727865112418115
973.0,0.05428540397143701
974.0,0.05581884108864456
975.0,0.05722599831361208
976.0,0.05844664182831254
977.0,0.05954901772537409
978.0,0.06074157004135296
979.0,0.062340329729409005
980.0,0.06470498128446825
981.0,0.06796495471414485
982.0,0.07184318855433502
983.0,0.07586706558770494
984.0,0.07973385978383421
985.0,0.08335445703778585
986.0,0.08671223201755429
987.0,0.08993475483416011
988.0,0.09329551167858206
989.0,0.09702227479907391
990.0,0.10114825880570545
991.0,0.10560007037485761
992.0,0.11034651657424388
993.0,0.11543432715543409
994.0,0.12095413889937992
995.0,0.12694839104558905
996.0,0.1333511829645391
997.0,0.14000010485228775
998.0,0.14675125457098645
999.0,0.15363957326356512
1000.0,0.16078767101970795
1001.0,0.1681011829254814
1002.0,0.17525620324182645
1003.0,0.1819747136830346
1004.0,0.18817675916695545
1005.0,0.19391796786426632
1006.0,0.19931751978319223
1007.0,0.20448709484881203
1008.0,0.2095576949712513
1009.0,0.21474050170146944
1010.0,0.2200739506807075
1011.0,0.225221403354982
1012.0,0.22968592145479658
1013.0,0.23316288404749513
1014.0,0.235666657278889
1015.0,0.23742436180302523
1016.0,0.2387157832760748
1017.0,0.2396897147334494
1018.0,0.24028639350923992
1019.0,0.24035776198366396
1020.0,0.24001390297517156
1021.0,0.2396880381895135
1022.0,0.23969384880753894
1023.0,0.2399955022542601
1024.0,0.2405102917063593
1025.0,0.2412875022555783
1026.0,0.2423510741246374
1027.0,0.2436467196422557
1028.0,0.2451267570444547
1029.0,0.24683331657057953
1030.0,0.24891925265180773
1031.0,0.2516188515619956
1032.0,0.2551925039998808
1033.0,0.2597519920449964
1034.0,0.2651470677527285
1035.0,0.2710065852461433
1036.0,0.2769155913819874
1037.0,0.2826367938441867
1038.0,0.2882052323362459
1039.0,0.2939832805365422
1040.0,0.3005232395080677
1041.0,0.30834261227497206
1042.0,0.3177245400822175
1043.0,0.3286090202661015
1044.0,0.3407074000024982
1045.0,0.3537036911227499
1046.0,0.36745719566797347
1047.0,0.38200823625728264
1048.0,0.3974906867146225
1049.0,0.41407390959620805
1050.0,0.4318994820237526
1051.0,0.45110737894082586
1052.0,0.47174786356601117
1053.0,0.493552073911458
1054.0,0.5162538270949842
1055.0,0.5403293214163764
1056.0,0.566512833789986
1057.0,0.5944937766839579
1058.0,0.6230107836500319
1059.0,0.6510737810473388
1060.0,0.678503438255101
1061.0,0.7056166267596538
1062.0,0.7324097809146526
1063.0,0.7579145432901643
1064.0,0.7813802992349649
1065.0,0.8035883335086161
1066.0,0.8252685154880934
1067.0,0.8452785646404827
1068.0,0.8617525463042551
1069.0,0.8738653147469796
1070.0,0.8815638907104807
1071.0,0.8848162711116005
1072.0,0.8839057572186994
1073.0,0.8793615176928926
1074.0,0.8709576326074748
1075.0,0.8577701934592067
1076.0,0.8401492212735326
1077.0,0.8200759956367862
1078.0,0.7989050181773053
1079.0,0.7764027257598742
1080.0,0.7522618423094058
1081.0,0.7269354930841548
1082.0,0.7011078359782932
1083.0,0.6751591845919265
1084.0,0.6489215572231459
1085.0,0.6221388174891354
1086.0,0.5952264476631872
1087.0,0.569149832167529
1088.0,0.5446973619709703
1089.0,0.5220541942762063
1090.0,0.500890853510926
1091.0,0.4806712272709197
1092.0,0.46103793116484637
1093.0,0.44171800350863943
1094.0,0.4223350260476094
1095.0,0.40296942018736687
1096.0,0.3844687318312846
1097.0,0.3679949464268682
1098.0,0.3542903859489934
1099.0,0.3431388960404089
1100.0,0.3335433662777235
1101.0,0.3245948965122778
1102.0,0.3161064457273574
1103.0,0.30820606926182603
1104.0,0.30087710729787065
1105.0,0.2939562783674331
1106.0,0.2871768333470377
1107.0,0.2802027998084982
1108.0,0.2728496504264315
1109.0,0.26533049371720924
1110.0,0.25820300212575464
1111.0,0.2520780860398807
1112.0,0.24726569919049762
1113.0,0.24364938525435428
1114.0,0.24079083500261467
1115.0,0.23821833097385003
1116.0,0.23564382853444288
1117.0,0.23298949837473082
1118.0,0.23032391957525433
1119.0,0.22771467878129564
1120.0,0.22514083030862347
1121.0,0.2224950484650809
1122.0,0.21972442645168577
1123.0,0.21693570640411264
1124.0,0.2143130273489432
1125.0,0.21199008963471638
1126.0,0.2100581116571683
1127.0,0.2085674502859658
1128.0,0.20743150475422173
1129.0,0.2063956748656356
1130.0,0.20503086641835827
1131.0,0.20296768410664334
1132.0,0.2002722039830338
1133.0,0.19751539551960168
1134.0,0.1955040801794118
1135.0,0.1948005870656444
1136.0,0.1954376266766748
1137.0,0.19683428983244494
1138.0,0.1980085650652869
1139.0,0.1979286831734437
1140.0,0.19571070663634
1141.0,0.19124182844721743
1142.0,0.1855121866560528
1143.0,0.18004101235957787
1144.0,0.17592366006770876
1145.0,0.17336402944813822
1146.0,0.17191384008257093
1147.0,0.17086611597606166
1148.0,0.16973300745774234
1149.0,0.1683785176210011
1150.0,0.16686783336736433
1151.0,0.1652618177123878
1152.0,0.16340219179416793
1153.0,0.16073540733745328
1154.0,0.1565690526168234
1155.0,0.15092145212875369
1156.0,0.14472246812969553
1157.0,0.13894524558191423
1158.0,0.1339322395237757
1159.0,0.12969312114035497
1160.0,0.12614231552511956
1161.0,0.12298406810587133
1162.0,0.11981022092283686
1163.0,0.11629179568143588
1164.0,0.11236261107117367
1165.0,0.10825020421943832
1166.0,0.10424848101397644
1167.0,0.10041365810791252
1168.0,0.09663030465750304
1169.0,0.09291686807127673
1170.0,0.08945245064239445
1171.0,0.0864146346359121
1172.0,0.08392653064908198
1173.0,0.08207016898969981
1174.0,0.0807764274376658
1175.0,0.07979980937541833
1176.0,0.07893956625436772
1177.0,0.07821708408150073
1178.0,0.07769334321037927
1179.0,0.07727886583232166
1180.0,0.07685652430139199
1181.0,0.07640528470515781
1182.0,0.0759431054533603
1183.0,0.07546388101142965
1184.0,0.07496289932545433
1185.0,0.07441304333120147
1186.0,0.07365178618192503
1187.0,0.07249167644089351
1188.0,0.07103057056164211
1189.0,0.06963436660297373
1190.0,0.06859084549953948
1191.0,0.06794123572915348
1192.0,0.06761180907053121
1193.0,0.06749892098580515
1194.0,0.06748616675429664
1195.0,0.06749511606369725
1196.0,0.0675117492248799
1197.0,0.06754831927050134
1198.0,0.06758013888214437
1199.0,0.06757822940627838
1200.0,0.06756436663382095
1201.0,0.06755856356514045
1202.0,0.06751861254972868
1203.0,0.06739393069197394
1204.0,0.06718762694740629
1205.0,0.06692043874586716
1206.0,0.06658053213038477
1207.0,0.06613094114704077
1208.0,0.06550036261058195
1209.0,0.06445726337638442
1210.0,0.062720117269928
1211.0,0.060386940558506214
1212.0,0.05806158933112912
1213.0,0.0565729464761832
1214.0,0.056464081061111324
1215.0,0.057633619167497735
1216.0,0.059439466045150074
1217.0,0.06120258502914737
1218.0,0.06252778444220156
1219.0,0.06317450691255402
1220.0,0.06312184676680854
1221.0,0.06267823506855014
1222.0,0.06220477295716201
1223.0,0.06174094376732511
1224.0,0.06113406678372112
1225.0,0.060417622548453453
1226.0,0.05981296345705733
1227.0,0.05952531574281679
1228.0,0.05964896183117707
1229.0,0.060161929014344515
1230.0,0.06088056092843272
1231.0,0.06150685030704993
1232.0,0.06172101797442947
1233.0,0.06131853342389618
1234.0,0.06040122083307782
1235.0,0.059332391322661215
1236.0,0.058423320656552674
1237.0,0.05771585975151325
1238.0,0.0571346650926258
1239.0,0.056655778069442955
1240.0,0.056305799326285516
1241.0,0.05613670745837099
1242.0,0.05619550496813164
1243.0,0.05646280932409285
1244.0,0.05680822927274835
1245.0,0.05700565629186208
1246.0,0.05678307523166318
1247.0,0.05602040835132274
1248.0,0.05490838723023646
1249.0,0.053833976583211596
1250.0,0.053107506141733596
1251.0,0.05282933834080561
1252.0,0.05294941899921829
1253.0,0.053310658503288144
1254.0,0.05372820759312315
1255.0,0.054080418204682956
1256.0,0.05434741013835394
1257.0,0.054578923848052116
1258.0,0.054806350491028236
1259.0,0.05492383500673184
1260.0,0.0547062802749593
1261.0,0.05409458824822877
1262.0,0.05334422691338263
1263.0,0.05284074136043557
1264.0,0.05285995592483286
1265.0,0.05354735638067787
1266.0,0.054871551602217156
1267.0,0.05650359099434675
1268.0,0.05790066714466262
1269.0,0.058480866364958056
1270.0,0.057984175259832155
1271.0,0.05675373078048368
1272.0,0.05549990913813989
1273.0,0.05474297633949293
1274.0,0.054566345252153106
1275.0,0.0548353913060822
1276.0,0.0553397142103601
1277.0,0.05586245263324162
1278.0,0.056264599661267595
1279.0,0.05650285466300935
1280.0,0.056627589965290465
1281.0,0.05672961080065232
1282.0,0.056861670997381486
1283.0,0.05699656071948357
1284.0,0.05709618232776094
1285.0,0.05719772324933377
1286.0,0.05744839832331085
1287.0,0.05804381404229836
1288.0,0.05906577632567156
1289.0,0.06039338130921765
1290.0,0.06176082420136954
1291.0,0.06288752848885641
1292.0,0.06351273852452854
1293.0,0.06351006102755219
1294.0,0.06306995157970707
1295.0,0.06258095865925167
1296.0,0.06226912052123687
1297.0,0.062087649317130414
1298.0,0.06196831595841712
1299.0,0.061968003052305445
1300.0,0.062222205102634945
1301.0,0.062862614957342
1302.0,0.06395312356738024
1303.0,0.06538461415660869
1304.0,0.06685054608847814
1305.0,0.06793752850710107
1306.0,0.06827293586247993
1307.0,0.06783034927216364
1308.0,0.06702429050708093
1309.0,0.06619102281263334
1310.0,0.06512100626088105
1311.0,0.06354724157330839
1312.0,0.06170985749876759
1313.0,0.060179438392104975
1314.0,0.059458530744031624
1315.0,0.059924852341066814
1316.0,0.061733585851892134
1317.0,0.0644336511444368
1318.0,0.06708363775308829
1319.0,0.06887457205403387
1320.0,0.06961252722203261
1321.0,0.0696220808765734
1322.0,0.06935161204240253
1323.0,0.06899484063249053
1324.0,0.06844877086467854
1325.0,0.0676930053987832
1326.0,0.06694448157771848
1327.0,0.06649501104600744
1328.0,0.06660152486897303
1329.0,0.06748558792004954
1330.0,0.06911779044760677
1331.0,0.0710606573475704
1332.0,0.07276650396178547
1333.0,0.07399987233068672
1334.0,0.07484012426751299
1335.0,0.07540242839092048
1336.0,0.07566722206990673
1337.0,0.07545224823138516
1338.0,0.07462262567021488
1339.0,0.0732857831921851
1340.0,0.07178480492312055
1341.0,0.0705434334974279
1342.0,0.06998652057639301
1343.0,0.07038229793367143
1344.0,0.07154492346723194
1345.0,0.07292443074210414
1346.0,0.0741236412328627
1347.0,0.07516460861617974
1348.0,0.07615457926166384
1349.0,0.07705830806377494
1350.0,0.07781278385393561
1351.0,0.07839265833864625
1352.0,0.07878486576088141
1353.0,0.0790026276126003
1354.0,0.07912288781772661
1355.0,0.07920432580097454
1356.0,0.07916592854032582
1357.0,0.07891780364282748
1358.0,0.07857563627167402
1359.0,0.07839247530254165
1360.0,0.07854326909200875
1361.0,0.07903429651591493
1362.0,0.07975454677722135
1363.0,0.08058602406929272
1364.0,0.08150508047743873
1365.0,0.08254899232691734
1366.0,0.08372499283913558
1367.0,0.0849365981522309
1368.0,0.08597814622057807
1369.0,0.08656873283104713
1370.0,0.08649484744934045
1371.0,0.0858705046626284
1372.0,0.08511693802836937
1373.0,0.0845999820926098
1374.0,0.08439248530331415
1375.0,0.08443063674906003
1376.0,0.0846874380893799
1377.0,0.08520771153525711
1378.0,0.08609026604397543
1379.0,0.0874303825234603
1380.0,0.08917767912060592
1381.0,0.09102886529186566
1382.0,0.09252422593033324
1383.0,0.09325033483699685
1384.0,0.09311760299670539
1385.0,0.09245090405436789
1386.0,0.09175900806671167
1387.0,0.09137761392344332
1388.0,0.09135905243501707
1389.0,0.09160235090386999
1390.0,0.0919386472610802
1391.0,0.09222420155059285
1392.0,0.09236238269597614
1393.0,0.09229700495684312
1394.0,0.09207469625660394
1395.0,0.09183824202514265
1396.0,0.0917326312791586
1397.0,0.0918122009302901
1398.0,0.09203279653382325
1399.0,0.09231221067929313
1400.0,0.09261184195783013
1401.0,0.09295987910370991
1402.0,0.09337118694215549
1403.0,0.09380275597583507
1404.0,0.0941906851771043
1405.0,0.09446993643227138
1406.0,0.09455141591554916
1407.0,0.09439892961922136
1408.0,0.09413400379221785
1409.0,0.09399655007630028
1410.0,0.09421050246193086
1411.0,0.09483361417802788
1412.0,0.09571909210938946
1413.0,0.09661286720933614
1414.0,0.09731737061631122
1415.0,0.09777711008699196
1416.0,0.09805137608451633
1417.0,0.09830360204649152
1418.0,0.09874147984703685
1419.0,0.09956239352643784
1420.0,0.10088564664153099
1421.0,0.1025760513489809
1422.0,0.10424751749186922
1423.0,0.105497219048956
1424.0,0.10615150914686944
1425.0,0.10630930102212713
1426.0,0.10621565115124082
1427.0,0.10609512539863443
1428.0,0.10602971779022588
1429.0,0.10602044817553663
1430.0,0.1060373994816775
1431.0,0.10599781965778607
1432.0,0.10578707714865025
1433.0,0.10528420896640504
1434.0,0.1044876530603422
1435.0,0.10362680950739253
1436.0,0.10312480646199568
1437.0,0.10345649543780694
1438.0,0.10479109529992653
1439.0,0.1067767656174454
1440.0,0.10875090129166459
1441.0,0.11017776965584097
1442.0,0.11088869011733196
1443.0,0.11102567741466973
1444.0,0.11093933596289338
1445.0,0.11098860197852184
1446.0,0.11144837588213524
1447.0,0.11246382370639088
1448.0,0.11389980803180788
1449.0,0.11535609945941283
1450.0,0.11628273033886108
1451.0,0.11626968716996813
1452.0,0.11542217742942529
1453.0,0.11434269479364279
1454.0,0.11368906032945328
1455.0,0.11375721079549839
1456.0,0.11449681756194688
1457.0,0.1156520075152064
1458.0,0.11688686431619186
1459.0,0.11794386159335923
1460.0,0.11867771113324976
1461.0,0.11909451823296036
1462.0,0.11935248014271474
1463.0,0.11959196329479996
1464.0,0.11974223306067888
1465.0,0.11966920932978156
1466.0,0.11946703510263065
1467.0,0.11940353344674387
1468.0,0.11967491231411659
1469.0,0.12030684750354778
1470.0,0.1212037006423557
1471.0,0.1222185275745269
1472.0,0.12324217048679903
1473.0,0.12424067422472256
1474.0,0.12523105205210025
1475.0,0.1262200188788287
1476.0,0.1271192779218174
1477.0,0.12757991455783146
1478.0,0.12713906317317322
1479.0,0.12584083549047087
1480.0,0.12440202038488547
1481.0,0.1236555918488145
1482.0,0.12398357122517073
1483.0,0.12526556118254187
1484.0,0.12706219071672803
1485.0,0.1288641587471191
1486.0,0.1303414622998357
1487.0,0.13135560518589678
1488.0,0.13195448076700733
1489.0,0.13232855324264703
1490.0,0.13264327136949144
1491.0,0.13288794920715602
1492.0,0.13297692943373227
1493.0,0.13297147832102119
1494.0,0.13307347624690535
1495.0,0.13347219702448526
1496.0,0.1342148687916466
1497.0,0.1351848577375111
1498.0,0.13620231469523048
1499.0,0.1371619097076222
1500.0,0.1380388883327197
1501.0,0.1388305168981916
1502.0,0.1395226931899167
1503.0,0.1400670372716248
1504.0,0.14037090526345095
1505.0,0.1403499045774347
1506.0,0.1400654969202188
1507.0,0.13973185373918742
1508.0,0.1395470775341159
1509.0,0.13956891371371705
1510.0,0.13976382715740593
1511.0,0.14008220708934072
1512.0,0.14049266694998083
1513.0,0.14099355782778555
1514.0,0.14158411721406156
1515.0,0.142249856025666
1516.0,0.14296759695844335
1517.0,0.14374040173001817
1518.0,0.1446340927404748
1519.0,0.14568816098870532
1520.0,0.14681028534634188
1521.0,0.14768930851628798
1522.0,0.14783629577250837
1523.0,0.14705357804634445
1524.0,0.1457652968333401
1525.0,0.14474153465674053
1526.0,0.14456158718526513
1527.0,0.14539360678333868
1528.0,0.14705589345671977
1529.0,0.14907588463124447
1530.0,0.1509200309581932
1531.0,0.1521746976405933
1532.0,0.15268987230274159
1533.0,0.15266364437873567
1534.0,0.15252125418917342
1535.0,0.15275482542443647
1536.0,0.15364202387318762
1537.0,0.1550289937486796
1538.0,0.15642836122724793
1539.0,0.15735395102868263
1540.0,0.15761088251957514
1541.0,0.15729298858170618
1542.0,0.15666115202066022
1543.0,0.1559753335251713
1544.0,0.1553584711491466
1545.0,0.15479551343575243
1546.0,0.1542498927881613
1547.0,0.1537994486582223
1548.0,0.15381797581733517
1549.0,0.15498512872047712
1550.0,0.15752692252407463
1551.0,0.16066549479606249
1552.0,0.1633734345557815
1553.0,0.16535201786140924
1554.0,0.1668184113035851
1555.0,0.16789609899456595
1556.0,0.16853432734598253
1557.0,0.16858935153424426
1558.0,0.16793252459758679
1559.0,0.16659018471133208
1560.0,0.16488166279951194
1561.0,0.16335035744284299
1562.0,0.16256898810720388
1563.0,0.16281562464544355
1564.0,0.16378889674463767
1565.0,0.16487435743744078
1566.0,0.1658252348633207
1567.0,0.1668629280795514
1568.0,0.16807948337430179
1569.0,0.16919804903790142
1570.0,0.16980892825591992
1571.0,0.16965407603558377
1572.0,0.1687682067458654
1573.0,0.16750098039555855
1574.0,0.16635767518492706
1575.0,0.16578669291527873
1576.0,0.16604402521266493
1577.0,0.1670336941100724
1578.0,0.16836623933671468
1579.0,0.16979926402753126
1580.0,0.17154902021195229
1581.0,0.1737909749022571
1582.0,0.17618807016062243
1583.0,0.17821196348249113
1584.0,0.1795927861419064
1585.0,0.1803495785798304
1586.0,0.1806521468326069
1587.0,0.18072356288167776
1588.0,0.18071715531499324
1589.0,0.18068592596793923
1590.0,0.1806174988642954
1591.0,0.18051759375533527
1592.0,0.18040713038520428
1593.0,0.1801895691258739
1594.0,0.17974241748647404
1595.0,0.17916395150156522
1596.0,0.17880214192369714
1597.0,0.17905357465019817
1598.0,0.1804077818842567
1599.0,0.18272395810568484
