0.0,0.0
1.0,0.0
2.0,0.0
3.0,0.0
4.0,0.0
5.0,0.0
6.0,0.0
7.0,0.0
8.0,0.0
9.0,0.0
10.0,0.0
11.0,0.0
12.0,0.0
13.0,0.0
14.0,0.0
15.0,0.0
16.0,0.0
17.0,0.0
18.0,0.0
19.0,0.0
20.0,0.0
21.0,0.0
22.0,0.0
23.0,0.0
24.0,0.0
25.0,0.0
26.0,0.0
27.0,0.0
28.0,0.0
29.0,0.0
30.0,0.0
31.0,0.0
32.0,0.0
33.0,0.0
34.0,0.0
35.0,0.0
36.0,0.0
37.0,0.0
38.0,0.0
39.0,0.0
40.0,0.0
41.0,0.0
42.0,0.0
43.0,0.0
44.0,0.0
45.0,0.0
46.0,0.0
47.0,0.0
48.0,0.0
49.0,0.0
50.0,0.0
51.0,0.0
52.0,0.0
53.0,0.0
54.0,0.0
55.0,0.0
56.0,0.0
57.0,0.0
58.0,0.0
59.0,0.0
60.0,0.0
61.0,0.0
62.0,0.0
63.0,0.0
64.0,0.0
65.0,0.0
66.0,0.0
67.0,0.0
68.0,0.0
69.0,0.0
70.0,0.0
71.0,0.0
72.0,0.0
73.0,0.0
74.0,0.0
75.0,0.0
76.0,0.0
77.0,0.0
78.0,0.0
79.0,0.0
80.0,0.0
81.0,0.0
82.0,0.0
83.0,0.0
84.0,0.0
85.0,0.0
86.0,0.0
87.0,0.0
88.0,0.0
89.0,0.0
90.0,0.0
91.0,0.0
92.0,0.0
93.0,0.0
94.0,0.0
95.0,0.0
96.0,0.0
97.0,0.0
98.0,0.0
99.0,0.0
100.0,0.0
101.0,0.0
102.0,0.0
103.0,0.0
104.0,0.0
105.0,0.0
106.0,0.0
107.0,0.0
108.0,0.0
109.0,0.0
110.0,0.0
111.0,0.0
112.0,0.0
113.0,0.0
114.0,0.0
115.0,0.0
116.0,0.0
117.0,0.0
118.0,0.0
119.0,0.0
120.0,0.0
121.0,0.0
122.0,0.0
123.0,0.0
124.0,0.0
125.0,0.0
126.0,0.0
127.0,0.0
128.0,0.0
129.0,0.0
130.0,0.0
131.0,0.0
132.0,0.0
133.0,0.0
134.0,0.0
135.0,0.16511640037245742
136.0,0.16677667320261147
137.0,0.16818451256203143
138.0,0.16931915389460678
139.0,0.17025895353501316
140.0,0.17103384341838895
141.0,0.17163526111813066
142.0,0.17203556192403846
143.0,0.17219885590808603
144.0,0.17197951481087378
145.0,0.17114871448592442
146.0,0.16967381222359795
147.0,0.1678191473342745
148.0,0.16590713997044532
149.0,0.16410117807665786
150.0,0.16245362009506475
151.0,0.1609666479811772
152.0,0.1595948473011033
153.0,0.15828881052098484
154.0,0.15703866904513858
155.0,0.15587201500870393
156.0,0.15480697395224605
157.0,0.15382377343774095
158.0,0.15287540242138314
159.0,0.15187611355579214
160.0,0.1506908000155886
161.0,0.14924135438676822
162.0,0.14760320121055148
163.0,0.14595242630293964
164.0,0.14443443834377487
165.0,0.14315442959367358
166.0,0.14221065734140964
167.0,0.141585927275238
168.0,0.14110567852308012
169.0,0.1405729613529877
170.0,0.13990462175207596
171.0,0.1390679634555717
172.0,0.1380191867674357
173.0,0.13680706420485256
174.0,0.13559925586859217
175.0,0.13458804007831424
176.0,0.13387299016646928
177.0,0.13341262949429294
178.0,0.133068395413033
179.0,0.13271106259531226
180.0,0.13225761884965345
181.0,0.1315785938929304
182.0,0.13057205062322247
183.0,0.12933708465766766
184.0,0.12811300633497014
185.0,0.12705828284112736
186.0,0.12620925478670675
187.0,0.1256032576821477
188.0,0.12522813777642844
189.0,0.12493506047237177
190.0,0.12451769753067304
191.0,0.12384716100762305
192.0,0.12291534103900179
193.0,0.12178700411029855
194.0,0.12056033547656307
195.0,0.11931747068678905
196.0,0.11810833793608735
197.0,0.11695511917286336
198.0,0.11585146921612029
199.0,0.11477601866478698
200.0,0.11370040791030847
201.0,0.11260090599832351
202.0,0.11145985521826378
203.0,0.11027616172834928
204.0,0.1090892595724822
205.0,0.10796573210228126
206.0,0.10695627759324805
207.0,0.10607200058286712
208.0,0.10530147345948127
209.0,0.1046298192483707
210.0,0.10404535195975281
211.0,0.10355793358426113
212.0,0.10321270287455284
213.0,0.10303573319814194
214.0,0.10297034830573654
215.0,0.10291683116545977
216.0,0.10281965026516852
217.0,0.10266941892299519
218.0,0.10245639088270453
219.0,0.10219225432884847
220.0,0.10192873505947134
221.0,0.10169846877853733
222.0,0.10147039760478602
223.0,0.10120947267945178
224.0,0.10093768276295462
225.0,0.10071085796465162
226.0,0.10057922170933672
227.0,0.10059498155396521
228.0,0.10079858496796806
229.0,0.10116309261014084
230.0,0.10159605330855585
231.0,0.1020069969422395
232.0,0.10235406836617567
233.0,0.10261747713746482
234.0,0.1027978236512278
235.0,0.10294498324742699
236.0,0.10314322712519125
237.0,0.10347087132018554
238.0,0.10395535404052791
239.0,0.10456173001101461
240.0,0.10521873542042805
241.0,0.10586398680276249
242.0,0.10650094177397232
243.0,0.10721404134517029
244.0,0.10803841889862742
245.0,0.10884404425733886
246.0,0.10946704166867059
247.0,0.10988286332964299
248.0,0.11014319660948022
249.0,0.11024921047201867
250.0,0.11016810382041888
251.0,0.109864677767406
252.0,0.10922704764363184
253.0,0.10808503735440074
254.0,0.10641503351938916
255.0,0.10441380313918852
256.0,0.1023308366535881
257.0,0.1002984864232425
258.0,0.0983291219888982
259.0,0.09638520467801472
260.0,0.09447481997428882
261.0,0.0926608445603275
262.0,0.09095676136292101
263.0,0.08933013111940855
264.0,0.0878052682375513
265.0,0.08645298349284798
266.0,0.08529093737041202
267.0,0.08436391850592552
268.0,0.0838882431399906
269.0,0.0840218743258726
270.0,0.08457835301019734
271.0,0.08519332483209605
272.0,0.08566778080180887
273.0,0.08594296337968138
274.0,0.08593727947888583
275.0,0.08566977513429173
276.0,0.08533816833457192
277.0,0.08514202552229796
278.0,0.08511907666792386
279.0,0.08523704461362003
280.0,0.08550795910623327
281.0,0.08594116726476002
282.0,0.0865133268160268
283.0,0.08720937854376697
284.0,0.08803825688565368
285.0,0.08898987007877718
286.0,0.09003845457589872
287.0,0.09120561651361472
288.0,0.09256238614115866
289.0,0.09417066779928016
290.0,0.09601900387355292
291.0,0.09800033597345405
292.0,0.09997414762188406
293.0,0.10186112653263302
294.0,0.10365956971551415
295.0,0.10538393045974305
296.0,0.10704221443027608
297.0,0.1086403456214017
298.0,0.11017324837008767
299.0,0.11162172988154787
300.0,0.11298600899987171
301.0,0.11430509507551846
302.0,0.1155805239981103
303.0,0.11672406462424224
304.0,0.11761564286416419
305.0,0.11821387667875059
306.0,0.1187233168887933
307.0,0.11953806061315626
308.0,0.12086142449878279
309.0,0.12256209105801455
310.0,0.12455196930677866
311.0,0.12702660473811941
312.0,0.13027278555350852
313.0,0.13452611185873395
314.0,0.1400739422761497
315.0,0.14701876954933005
316.0,0.15480660186176215
317.0,0.16268842430172364
318.0,0.17073689330770503
319.0,0.179648362956439
320.0,0.18967434389897686
321.0,0.20015448224601728
322.0,0.20986528632914214
323.0,0.2174212494454399
324.0,0.22162469783797106
325.0,0.22229866106505985
326.0,0.22053847319480335
327.0,0.21751637080528355
328.0,0.2132123428940475
329.0,0.2068945629457195
330.0,0.19820780313685718
331.0,0.1875553445564243
332.0,0.1759104941488875
333.0,0.1643247278401775
334.0,0.15341196123279738
335.0,0.143297137775112
336.0,0.13386180978108697
337.0,0.1250262620224979
338.0,0.11691447949357289
339.0,0.10967311266356607
340.0,0.1033354586966524
341.0,0.09785710134251595
342.0,0.09316536825452643
343.0,0.08918568824102034
344.0,0.08586845805963203
345.0,0.08319593822847468
346.0,0.0811090020111724
347.0,0.07941621034680549
348.0,0.07793976207027695
349.0,0.07672821445172817
350.0,0.07591530968983147
351.0,0.0754443055461361
352.0,0.07509131668889157
353.0,0.07465273096812443
354.0,0.07397829329374866
355.0,0.07294965366968068
356.0,0.0716194966071741
357.0,0.07024679416064603
358.0,0.0691142964724498
359.0,0.06834107686910573
360.0,0.06791330470423268
361.0,0.0677883548531389
362.0,0.0679277889184987
363.0,0.068303102739915
364.0,0.06882258037087288
365.0,0.06938241121141475
366.0,0.07009115652147523
367.0,0.0711795143794007
368.0,0.07256477772772929
369.0,0.07393895871053838
370.0,0.07537969282230224
371.0,0.07727802367879827
372.0,0.07967366138834892
373.0,0.08223775086679472
374.0,0.08479361534190265
375.0,0.08740997305928724
376.0,0.09014794407926315
377.0,0.0930204925566253
378.0,0.09606675203710079
379.0,0.09920585363646287
380.0,0.10213652659954396
381.0,0.10480822879835056
382.0,0.10776924914783123
383.0,0.11171454393412249
384.0,0.11692276492959691
385.0,0.12336734592773024
386.0,0.13100574422815064
387.0,0.13965673499306686
388.0,0.14915007841448252
389.0,0.16017717063256343
390.0,0.174034834412498
391.0,0.19066116846046255
392.0,0.20829098678136976
393.0,0.22562311336754295
394.0,0.24289441289773922
395.0,0.2606944552370968
396.0,0.2789840801127089
397.0,0.297129017462324
398.0,0.31375548323036845
399.0,0.3265639197177074
400.0,0.33370872461779366
401.0,0.3353973279521545
402.0,0.3333976507905897
403.0,0.32913357363054657
404.0,0.322630901335619
405.0,0.3127612235676667
406.0,0.29879175016628945
407.0,0.2817443633931297
408.0,0.2635787770631012
409.0,0.24558909896275044
410.0,0.228327876327122
411.0,0.21213249931458744
412.0,0.1970963306363358
413.0,0.1831632898729167
414.0,0.170432406003044
415.0,0.1592460018516941
416.0,0.1497387051685759
417.0,0.14162463237268297
418.0,0.13454824381274805
419.0,0.12837922346560104
420.0,0.12313441381476939
421.0,0.1188051860780786
422.0,0.11520517937244616
423.0,0.11201901711762534
424.0,0.10903557923403608
425.0,0.10620647136930426
426.0,0.10348927523806947
427.0,0.10081977016136613
428.0,0.09819555559386593
429.0,0.09560184889048526
430.0,0.09288691688968889
431.0,0.08995970067710304
432.0,0.0870293482033366
433.0,0.08441549848887854
434.0,0.08223031109547063
435.0,0.08045082041306657
436.0,0.07912178798968009
437.0,0.07826847104995394
438.0,0.07781778681847673
439.0,0.07781994665018403
440.0,0.0785230468091755
441.0,0.07993994462780799
442.0,0.08164608799600465
443.0,0.08318508917224482
444.0,0.0843945438357649
445.0,0.08521283221117819
446.0,0.08555585074878035
447.0,0.0854830917579518
448.0,0.08514508423764047
449.0,0.08450483778543705
450.0,0.08335692577459047
451.0,0.08165256539193036
452.0,0.07956883301693451
453.0,0.07728704791526064
454.0,0.07490798082122184
455.0,0.07252443564030359
456.0,0.07020780337066941
457.0,0.0679671538081034
458.0,0.06578063150421136
459.0,0.06365584759206613
460.0,0.06162444737570802
461.0,0.05970631508168904
462.0,0.05791272837166454
463.0,0.05625945634078398
464.0,0.054748335733391496
465.0,0.05335360705766025
466.0,0.05202291882421231
467.0,0.05069825687909004
468.0,0.049345521561474814
469.0,0.04796615315425132
470.0,0.04657289779503879
471.0,0.04518340039863647
472.0,0.0438755783257902
473.0,0.04277789839037084
474.0,0.04199022576799094
475.0,0.04151565992374845
476.0,0.041254285454791484
477.0,0.04105644813708066
478.0,0.040790898527535896
479.0,0.04039151078413501
480.0,0.039837258829533595
481.0,0.03916684517837944
482.0,0.038495186138588225
483.0,0.037984481093497
484.0,0.03779510082845283
485.0,0.037976849332316626
486.0,0.03841876196374733
487.0,0.03892963759023439
488.0,0.039371475691053454
489.0,0.039631861606955934
490.0,0.03956814067491976
491.0,0.03917771181529042
492.0,0.03868264241221343
493.0,0.03834251847350795
494.0,0.03825392906260845
495.0,0.03839140069017029
496.0,0.03870598540744907
497.0,0.039121137284063884
498.0,0.03954564153355966
499.0,0.03988564246747284
500.0,0.04008612606938766
501.0,0.040191591869741805
502.0,0.04031824151481836
503.0,0.0405512938823482
504.0,0.040904342127321
505.0,0.04138253519830004
506.0,0.04200047940160456
507.0,0.042750315172679965
508.0,0.04359882103946043
509.0,0.044506999926013646
510.0,0.045461963822740925
511.0,0.0464938336092198
512.0,0.04764346953030889
513.0,0.048916617343444026
514.0,0.05033906283316171
515.0,0.05201414054552925
516.0,0.05399216697746015
517.0,0.0561600086116987
518.0,0.05835837755450172
519.0,0.060528521473013096
520.0,0.06265253876337094
521.0,0.06467057529836506
522.0,0.06651707164904054
523.0,0.06816233641063227
524.0,0.06961340019378581
525.0,0.07089531710508956
526.0,0.07203678208553853
527.0,0.0730546220039985
528.0,0.07395386093183925
529.0,0.0747261724765708
530.0,0.07534727536212751
531.0,0.07576791306451469
532.0,0.07589778124021584
533.0,0.07565587483271698
534.0,0.07504183956619673
535.0,0.0741360627341632
536.0,0.07303497036356585
537.0,0.07178120380167602
538.0,0.07033883400820275
539.0,0.06863802602757285
540.0,0.06664816963821543
541.0,0.06441615515623346
542.0,0.062047926785613966
543.0,0.05969359844912979
544.0,0.0575055752769572
545.0,0.055533165117517616
546.0,0.053686203774858804
547.0,0.05182652788164732
548.0,0.049877143127934696
549.0,0.04779005217184491
550.0,0.04552601434114012
551.0,0.04314886384647097
552.0,0.040819754229523664
553.0,0.03865156035156664
554.0,0.03664422651704459
555.0,0.03479645419801175
556.0,0.033160043950884635
557.0,0.03177323997065608
558.0,0.03063741930813707
559.0,0.029756757673402717
560.0,0.02912911256392932
561.0,0.02870186401441037
562.0,0.028390326665698296
563.0,0.028134075399230712
564.0,0.027908718326386056
565.0,0.0276964556012696
566.0,0.027480423960684064
567.0,0.027249996767681084
568.0,0.027048294641137782
569.0,0.026991046755129533
570.0,0.027136681662443263
571.0,0.027385518864240482
572.0,0.02757238974252109
573.0,0.02760511946419708
574.0,0.027456625156707465
575.0,0.0271324441614246
576.0,0.026754646999259987
577.0,0.026533960865273834
578.0,0.026572174563321227
579.0,0.026766589331173637
580.0,0.026941394706429325
581.0,0.026959817690319243
582.0,0.02665528146996632
583.0,0.02589810648373908
584.0,0.024786444236419486
585.0,0.02359102810091218
586.0,0.02249245919551851
587.0,0.02148424515479795
588.0,0.020506849736900423
589.0,0.01952814284920426
590.0,0.018543139148567395
591.0,0.01757112332254765
592.0,0.01663893625781604
593.0,0.01576078202473917
594.0,0.014929208270354197
595.0,0.014131706522387627
596.0,0.013372911512244956
597.0,0.012665179840342572
598.0,0.012011081938615359
599.0,0.011410810553019665
600.0,0.010872010874718646
601.0,0.010402025535801565
602.0,0.009999629748741787
603.0,0.009654575842672083
604.0,0.009356251912274918
605.0,0.00911193914146921
606.0,0.008941049685194533
607.0,0.008830697581609384
608.0,0.008740393253405254
609.0,0.008673544475850212
610.0,0.008696155016605825
611.0,0.00887450346783783
612.0,0.009274887978923951
613.0,0.010047775248611945
614.0,0.011292425282633828
615.0,0.012823186805194065
616.0,0.01429301965048628
617.0,0.015529205003499302
618.0,0.016552664142189533
619.0,0.01735417034310223
620.0,0.01791084854425805
621.0,0.01829585224605934
622.0,0.018569990793999958
623.0,0.01865203462251326
624.0,0.018460247832292165
625.0,0.018071139075988202
626.0,0.017576764239645548
627.0,0.016936967571546252
628.0,0.01614180446462961
629.0,0.015336872613385968
630.0,0.014677550737776629
631.0,0.014194174881898822
632.0,0.01383665047466906
633.0,0.01356752358948271
634.0,0.013417836557319207
635.0,0.013480515958534806
636.0,0.013830722437057325
637.0,0.014482801609197932
638.0,0.015428600008923932
639.0,0.01666902383846533
640.0,0.018215992751565796
641.0,0.020081020625851043
642.0,0.022259786457628536
643.0,0.02470466618288876
644.0,0.027310700284650255
645.0,0.029983544078331065
646.0,0.03271924539149863
647.0,0.035530885950539756
648.0,0.03833171011951822
649.0,0.04107643970945582
650.0,0.04391435253142978
651.0,0.04696366784436176
652.0,0.05009504231117499
653.0,0.05324730963418235
654.0,0.05668508367534629
655.0,0.06062261041691745
656.0,0.06495712244867059
657.0,0.06973346662348165
658.0,0.07535643988784162
659.0,0.0819961911810661
660.0,0.08930493673059395
661.0,0.09688033262077927
662.0,0.10465323850735109
663.0,0.11281609883872633
664.0,0.12158692967386284
665.0,0.13099801041140258
666.0,0.14074380606764664
667.0,0.1501297108787981
668.0,0.1589533341561155
669.0,0.16861860339868767
670.0,0.18103502727614804
671.0,0.19644780309015292
672.0,0.21414587693134335
673.0,0.2347275967077068
674.0,0.2593935670419347
675.0,0.28807600535197103
676.0,0.32159740788937297
677.0,0.36378443249552056
678.0,0.4158992879896274
679.0,0.4725448015159565
680.0,0.5299684660490961
681.0,0.5926541951329415
682.0,0.6639039674376584
683.0,0.7380437941774007
684.0,0.8069020691030452
685.0,0.8667633923331804
686.0,0.9163103919761398
687.0,0.9541116817208254
688.0,0.9794754466870617
689.0,0.9917210351125243
690.0,0.9873905188395451
691.0,0.9623603751340273
692.0,0.9183721537635966
693.0,0.862980460491793
694.0,0.8028717752226601
695.0,0.7402390806800071
696.0,0.674558464266948
697.0,0.605794664737749
698.0,0.5370209133795323
699.0,0.4730300876415678
700.0,0.41676425328520905
701.0,0.36838977132451267
702.0,0.3268603234501897
703.0,0.2906797380108971
704.0,0.2584886005724679
705.0,0.23005205894758537
706.0,0.20637635608063448
707.0,0.18772472600550924
708.0,0.1723059854667372
709.0,0.1583753887627548
710.0,0.14606660534010926
711.0,0.13600893915423906
712.0,0.1278565521464439
713.0,0.1207105697346548
714.0,0.11377308430896185
715.0,0.10646389286049757
716.0,0.09854659098089062
717.0,0.09024831428790973
718.0,0.08206000736327601
719.0,0.07439445654448032
720.0,0.06737226544267998
721.0,0.06093167692219223
722.0,0.054970023740904636
723.0,0.04943021193677324
724.0,0.044358832152842614
725.0,0.039883548572448
726.0,0.03607772595999148
727.0,0.0328378422984516
728.0,0.030007848276156268
729.0,0.027582249271151354
730.0,0.02564647643082686
731.0,0.024210463991550968
732.0,0.02314905118530558
733.0,0.022251915246594367
734.0,0.021346299891860626
735.0,0.02038887602339476
736.0,0.01942565618719426
737.0,0.018501174380057328
738.0,0.017644500428758356
739.0,0.016867311560105763
740.0,0.016169145554418438
741.0,0.015546586295303741
742.0,0.014990843381190097
743.0,0.014500985938100314
744.0,0.014114653338058225
745.0,0.013881097615637356
746.0,0.013785950039737496
747.0,0.013748889448170959
748.0,0.01369742348151226
749.0,0.013605960107496096
750.0,0.013472750547730394
751.0,0.013318055496872303
752.0,0.013189602975304582
753.0,0.01315688972055351
754.0,0.013298439511201576
755.0,0.013634596383033798
756.0,0.014085932555805827
757.0,0.01453515773583891
758.0,0.014920317355242907
759.0,0.015236611713145456
760.0,0.015490750384898694
761.0,0.01569640473265764
762.0,0.0158703690419619
763.0,0.01601712865472249
764.0,0.016124905580357868
765.0,0.016186444281643453
766.0,0.016215136717872197
767.0,0.016239121225388717
768.0,0.016284623148497226
769.0,0.01636349480709695
770.0,0.016463586999691027
771.0,0.01654599041186952
772.0,0.016554557991730334
773.0,0.0164229183078676
774.0,0.01611425271864589
775.0,0.01566357494002084
776.0,0.015156362797075842
777.0,0.014662713504203256
778.0,0.014206872072153584
779.0,0.013789237986524039
780.0,0.013395979347149936
781.0,0.013004908518455413
782.0,0.012571313279950619
783.0,0.012019245177972676
784.0,0.011319554842838295
785.0,0.01054876594378068
786.0,0.009826462492703608
787.0,0.009219085427811413
788.0,0.008738840248176907
789.0,0.00837930836629533
790.0,0.008101348168972525
791.0,0.007838380979995119
792.0,0.007525143153322381
793.0,0.007129950573383004
794.0,0.00667155681016654
795.0,0.0062020850639375735
796.0,0.005770984013634781
797.0,0.005398903668587043
798.0,0.005092343001809538
799.0,0.004848091912921543
800.0,0.004637157344692902
801.0,0.004419482522789647
802.0,0.004177044980096023
803.0,0.003918677689676256
804.0,0.0036554524155334583
805.0,0.0033770907799231947
806.0,0.003044768182739674
807.0,0.002623512301719297
808.0,0.0021204032131601214
809.0,0.0015906829542807338
810.0,0.0011095830153693698
811.0,0.0007707066821357744
812.0,0.0006788434822664752
813.0,0.000846475363849894
814.0,0.0011441438420461691
815.0,0.0013984015346423934
816.0,0.0015168429186929316
817.0,0.0014863481613961588
818.0,0.001326296158637344
819.0,0.0010932747022255052
820.0,0.0008582183037565971
821.0,0.0006636485219801425
822.0,0.0005070198697622597
823.0,0.00037401349607683876
824.0,0.0002630894012531776
825.0,0.00016773531619998505
826.0,7.93568369904657e-05
827.0,1.4205714440773676e-05
828.0,0.0
829.0,3.0357882719947438e-05
830.0,7.394342942632082e-05
831.0,0.0001273958190297908
832.0,0.0002093208900268706
833.0,0.00031377504930102385
834.0,0.00040820229386233364
835.0,0.0004627738060539177
836.0,0.00046395062951729016
837.0,0.00041139108730461893
838.0,0.00032335670311636755
839.0,0.0002337326624215763
840.0,0.00017675435069861023
841.0,0.0001715580610062578
842.0,0.00021554918616584207
843.0,0.000293767563397232
844.0,0.0004016342537910278
845.0,0.0005529048369321832
846.0,0.0007422489162120377
847.0,0.0009303084118384014
848.0,0.00108371876832411
849.0,0.0012074552898486968
850.0,0.0013402064918346668
851.0,0.0015204961325433614
852.0,0.0017472195915752275
853.0,0.00196815050165787
854.0,0.0021049031400055818
855.0,0.0020979014518175826
856.0,0.0019334252710736244
857.0,0.001653457753681753
858.0,0.0013360339518841552
859.0,0.0010693391422051252
860.0,0.0009369880714837076
861.0,0.00096650593449224
862.0,0.0011011443982214542
863.0,0.0012388161744314036
864.0,0.0013027556141846641
865.0,0.0012735214415222906
866.0,0.0011746407838485046
867.0,0.0010632767211913308
868.0,0.001005076752252601
869.0,0.001050845173017137
870.0,0.0012208033408455665
871.0,0.001485797328163077
872.0,0.0017813299857109416
873.0,0.002043115471656032
874.0,0.002243645238593703
875.0,0.00240243259041642
876.0,0.0025622081941662073
877.0,0.0027509023173278996
878.0,0.002950033962828072
879.0,0.003088813190564338
880.0,0.0030995142871631243
881.0,0.0029996668272596755
882.0,0.002888967911025289
883.0,0.0028600012084052523
884.0,0.0029593637897875336
885.0,0.00322656744461966
886.0,0.0036630698363295106
887.0,0.004183110892162195
888.0,0.0046587101744210435
889.0,0.005004835100041488
890.0,0.005224313982189505
891.0,0.005385210647378791
892.0,0.005574592224500852
893.0,0.005847392907105023
894.0,0.006208136937916928
895.0,0.006629462666618166
896.0,0.0070717018648310676
897.0,0.0075059638297648446
898.0,0.007915141604371956
899.0,0.00829147796008975
900.0,0.008651946071938005
901.0,0.009035877677252724
902.0,0.00948450165113579
903.0,0.010018139000823795
904.0,0.010628413050829122
905.0,0.011292782870639978
906.0,0.012003435284928421
907.0,0.012770050680855655
908.0,0.013589276791236726
909.0,0.014425853040216458
910.0,0.015216681618781272
911.0,0.01590928176958689
912.0,0.01650295329138994
913.0,0.017039995322946283
914.0,0.017559041361334002
915.0,0.018054545193475102
916.0,0.018470343128079422
917.0,0.01877301983067127
918.0,0.01902223428816628
919.0,0.019286339193659116
920.0,0.01953404769348953
921.0,0.01968857116948268
922.0,0.01972568197282397
923.0,0.019673828004104707
924.0,0.019570358081184833
925.0,0.01942641883491747
926.0,0.0192135660062578
927.0,0.01888416853184989
928.0,0.018414299654396893
929.0,0.017851137388748273
930.0,0.017297884773188915
931.0,0.016832570550182197
932.0,0.01646171791004576
933.0,0.016160228622334766
934.0,0.015909842896094678
935.0,0.015700451642561147
936.0,0.015529358280302136
937.0,0.015395306098342748
938.0,0.01529523554233364
939.0,0.015225190902404928
940.0,0.015187629860620819
941.0,0.015198673302920768
942.0,0.015270556673137953
943.0,0.015390508326228791
944.0,0.015512599104749863
945.0,0.015571558068932942
946.0,0.0155336226133551
947.0,0.015429823687370642
948.0,0.015336611988679458
949.0,0.015326269251068128
950.0,0.015451755460976185
951.0,0.015741358502064026
952.0,0.016164259286576194
953.0,0.016637459752209566
954.0,0.017080508507756248
955.0,0.01746364221469772
956.0,0.017798400298990075
957.0,0.018108727879324438
958.0,0.018418669589791103
959.0,0.018731248477493426
960.0,0.019006522757138516
961.0,0.01920292483967899
962.0,0.019359599220089632
963.0,0.01960164477074222
964.0,0.02006750016096248
965.0,0.02082816440654134
966.0,0.021861861333356825
967.0,0.023076193849085047
968.0,0.02436713671674376
969.0,0.02569295866542766
970.0,0.027102735143075596
971.0,0.028646891532606245
972.0,0.030270296797088703
973.0,0.03183528353401406
974.0,0.033217217075188585
975.0,0.034365729103017426
976.0,0.03531592237907055
977.0,0.0362105547139418
978.0,0.03725688841062946
979.0,0.038658245071589575
980.0,0.04052838218709398
981.0,0.04279770738311042
982.0,0.04524461335809313
983.0,0.047620461913100195
984.0,0.049800177557402375
985.0,0.051834798273433944
986.0,0.05390881214242702
987.0,0.056254948150300674
988.0,0.059037658972350526
989.0,0.062307773735105196
990.0,0.06602674797257929
991.0,0.0701482781700211
992.0,0.07466221397066619
993.0,0.07957128406386933
994.0,0.0848753682340326
995.0,0.0905652001800517
996.0,0.09662779685506483
997.0,0.103057440499869
998.0,0.1098707292451015
999.0,0.11710825212626069
1000.0,0.12478279327693378
1001.0,0.13283989649322148
1002.0,0.14119690904595644
1003.0,0.14979158145884114
1004.0,0.15847794943490948
1005.0,0.16698972840349646
1006.0,0.17513523937415176
1007.0,0.1829214365604218
1008.0,0.1904221273202772
1009.0,0.19758821372825974
1010.0,0.20413761649201337
1011.0,0.2096615847132533
1012.0,0.2139217623309496
1013.0,0.21698372663394222
1014.0,0.2190526874381958
1015.0,0.22024023634848286
1016.0,0.22043736267593383
1017.0,0.2194505517795315
1018.0,0.2173097516688019
1019.0,0.2143280892039699
1020.0,0.21088750386103455
1021.0,0.20725327377828553
1022.0,0.2035258510966854
1023.0,0.19975837200027224
1024.0,0.19613435508785174
1025.0,0.19288550979009633
1026.0,0.1901174801954831
1027.0,0.18786922120671887
1028.0,0.186246693577092
1029.0,0.18535342245982855
1030.0,0.18520225794338335
1031.0,0.1857792520679622
1032.0,0.18711464537792266
1033.0,0.1891986989958953
1034.0,0.1919241635772138
1035.0,0.1951279093270482
1036.0,0.19868900688441912
1037.0,0.20262606785277698
1038.0,0.20710368582585248
1039.0,0.21234868860961664
1040.0,0.21854101670581294
1041.0,0.22578480010617757
1042.0,0.23411442384635273
1043.0,0.24353865931106355
1044.0,0.2540410610027771
1045.0,0.26552127270995735
1046.0,0.2779043940418165
1047.0,0.291312120452636
1048.0,0.30599188827579205
1049.0,0.3220948335864414
1050.0,0.3396792672989119
1051.0,0.35885605505884816
1052.0,0.3798204463884629
1053.0,0.4027993854232587
1054.0,0.428026847052151
1055.0,0.4557129864299055
1056.0,0.4858047799543276
1057.0,0.5179219514646789
1058.0,0.5517919643621995
1059.0,0.587530053136886
1060.0,0.6250644547920273
1061.0,0.6636658702030959
1062.0,0.7020413659814965
1063.0,0.7388641670231683
1064.0,0.7734047146408062
1065.0,0.8054926384503359
1066.0,0.8344896999643518
1067.0,0.859094934292288
1068.0,0.878477939504391
1069.0,0.8926307551786531
1070.0,0.9015446562240381
1071.0,0.9048748180885142
1072.0,0.9023391017467658
1073.0,0.8937981233452247
1074.0,0.8789932789302983
1075.0,0.8581374762361715
1076.0,0.8326398779640994
1077.0,0.804272387567706
1078.0,0.7737919547275875
1079.0,0.7413039304221185
1080.0,0.7074302956532442
1081.0,0.6731514531248373
1082.0,0.639156491274371
1083.0,0.6056794694331021
1084.0,0.5727114379482476
1085.0,0.5404045636626544
1086.0,0.509289301908774
1087.0,0.47981710896618013
1088.0,0.45202032975782686
1089.0,0.42586677195044703
1090.0,0.40154451924897594
1091.0,0.37920385448180494
1092.0,0.35879387535232066
1093.0,0.34021562649497605
1094.0,0.32338032375182324
1095.0,0.3080311600559835
1096.0,0.2938568062787915
1097.0,0.280864026545208
1098.0,0.26927102024248495
1099.0,0.2589932836180666
1100.0,0.24964243949809067
1101.0,0.2409782322303251
1102.0,0.23298080241981056
1103.0,0.22559855260078984
1104.0,0.2187065288203755
1105.0,0.21219951886090416
1106.0,0.20605114595385984
1107.0,0.20031359050662628
1108.0,0.19508048939491318
1109.0,0.19042361358745538
1110.0,0.18630355575924118
1111.0,0.18255738137740496
1112.0,0.17900550057712666
1113.0,0.17556568722967994
1114.0,0.1722405422940059
1115.0,0.16906693527321542
1116.0,0.16614843735752638
1117.0,0.16362094120165926
1118.0,0.1615421704717216
1119.0,0.15982753844442749
1120.0,0.15827191582179181
1121.0,0.1566702776616518
1122.0,0.15494737661189567
1123.0,0.15317997278656767
1124.0,0.15148122060264646
1125.0,0.14992468595701466
1126.0,0.14857122919967541
1127.0,0.14746316023598577
1128.0,0.14660600273863142
1129.0,0.1459836300968772
1130.0,0.14559282934984608
1131.0,0.14540881469489164
1132.0,0.14533706493309417
1133.0,0.1452808445446675
1134.0,0.14522927592048612
1135.0,0.14522664022588333
1136.0,0.14529016175463877
1137.0,0.14538428122765745
1138.0,0.14543841089509768
1139.0,0.14537420684793662
1140.0,0.14513504575163172
1141.0,0.14468739972885805
1142.0,0.14401636910324112
1143.0,0.1431530437749604
1144.0,0.1421579892314334
1145.0,0.14105008041846218
1146.0,0.13977952775747637
1147.0,0.13828588347637005
1148.0,0.1365401690722771
1149.0,0.13452276252344572
1150.0,0.13221206540390443
1151.0,0.1295993968174481
1152.0,0.12665025054738582
1153.0,0.1232300583991199
1154.0,0.11923868682071914
1155.0,0.11482598333469951
1156.0,0.11029091738747494
1157.0,0.10579537057997099
1158.0,0.1013453883017688
1159.0,0.09696448123483126
1160.0,0.09273345340036515
1161.0,0.0887483611766243
1162.0,0.08510699179077214
1163.0,0.08189705239387057
1164.0,0.07911338992523022
1165.0,0.07662894929247985
1166.0,0.07426240345757634
1167.0,0.07188822535315822
1168.0,0.06951443989595762
1169.0,0.06726142901775685
1170.0,0.06524477090402833
1171.0,0.06348525064770455
1172.0,0.061968645230309025
1173.0,0.060689576867865566
1174.0,0.059595539606454084
1175.0,0.058609868825833286
1176.0,0.057743275519421725
1177.0,0.05708734481560031
1178.0,0.05668175590933812
1179.0,0.05646433654572136
1180.0,0.05634234052312577
1181.0,0.05623392893940369
1182.0,0.05605915656814371
1183.0,0.055770410002187264
1184.0,0.05537930510275565
1185.0,0.054941906724165615
1186.0,0.05451474139077605
1187.0,0.054143195327872894
1188.0,0.05387008462427638
1189.0,0.05370218583876084
1190.0,0.05359290159214673
1191.0,0.05347707015683735
1192.0,0.05331965629258597
1193.0,0.05313050003660173
1194.0,0.05294837279747629
1195.0,0.052823159909530265
1196.0,0.05278794860868137
1197.0,0.052834946600659814
1198.0,0.05291523367822265
1199.0,0.0529539916274276
1200.0,0.05288562327114897
1201.0,0.05267731388875069
1202.0,0.05234770900465199
1203.0,0.051977041905265156
1204.0,0.05166392866420093
1205.0,0.05146318322853288
1206.0,0.05136324349676767
1207.0,0.051323393104911005
1208.0,0.05130719492930636
1209.0,0.051291520358941294
1210.0,0.051272556455271956
1211.0,0.05126028670857902
1212.0,0.05124661151851431
1213.0,0.05117926650920881
1214.0,0.051026269763201196
1215.0,0.05084407847264512
1216.0,0.05074019205545828
1217.0,0.05079380518676215
1218.0,0.051063287064874244
1219.0,0.05160488289095182
1220.0,0.05236587263348342
1221.0,0.05315134406287591
1222.0,0.053749189140730944
1223.0,0.05406717300600493
1224.0,0.054153741271360786
1225.0,0.054131288939073555
1226.0,0.05411787035498425
1227.0,0.05416128399559145
1228.0,0.05425538571494465
1229.0,0.05436904684217514
1230.0,0.05445208546657196
1231.0,0.0544552071945365
1232.0,0.05434150921167501
1233.0,0.054105491062240406
1234.0,0.0537824957828848
1235.0,0.053436868722544134
1236.0,0.05313981766364001
1237.0,0.05292006305371169
1238.0,0.05273431801117062
1239.0,0.05250503634756272
1240.0,0.052187939866494115
1241.0,0.05177198172956376
1242.0,0.051241239544243575
1243.0,0.05061095744807772
1244.0,0.04995728599049995
1245.0,0.04937851036860903
1246.0,0.04893695076122197
1247.0,0.048632484599061825
1248.0,0.04841487296678619
1249.0,0.04819625057722982
1250.0,0.04789168588684141
1251.0,0.04746433687194453
1252.0,0.046944044691609746
1253.0,0.04641290818402874
1254.0,0.04596845485836537
1255.0,0.045717720474991536
1256.0,0.045722734967499234
1257.0,0.04591678711772354
1258.0,0.04614618984083632
1259.0,0.046312963054115946
1260.0,0.04642414713246641
1261.0,0.04650778082908871
1262.0,0.046561929682094036
1263.0,0.04655989128362817
1264.0,0.046481924182230516
1265.0,0.04634960245113687
1266.0,0.0462182223654623
1267.0,0.04613990644229363
1268.0,0.046152835921155946
1269.0,0.04628813959790769
1270.0,0.04653432148468374
1271.0,0.04682178891879299
1272.0,0.04706641086983178
1273.0,0.04722425446645889
1274.0,0.04730222006864482
1275.0,0.047335996479492624
1276.0,0.04737650144185209
1277.0,0.047471454114190924
1278.0,0.04766900619568364
1279.0,0.048003968968110045
1280.0,0.048447779231051175
1281.0,0.048913971398365536
1282.0,0.04932631608124097
1283.0,0.04966362930228885
1284.0,0.04993398294444042
1285.0,0.05014854764412247
1286.0,0.050317654783716706
1287.0,0.05044871805354521
1288.0,0.05055045884301168
1289.0,0.05063485005750979
1290.0,0.05071593326057223
1291.0,0.05080887194462149
1292.0,0.050929811843160464
1293.0,0.051084212953352616
1294.0,0.0512584773227293
1295.0,0.051406744770152876
1296.0,0.05145555030678161
1297.0,0.05138000717427797
1298.0,0.05125471122976459
1299.0,0.051201450874659465
1300.0,0.051301736120501894
1301.0,0.05157312822716609
1302.0,0.05198614436357786
1303.0,0.05246548577149765
1304.0,0.0529225802058815
1305.0,0.05330077378338861
1306.0,0.0535971342112295
1307.0,0.05384200464303336
1308.0,0.05405458165291065
1309.0,0.054206016582623466
1310.0,0.0542417848031399
1311.0,0.05416230088573572
1312.0,0.05404238399165716
1313.0,0.053970265556719466
1314.0,0.05399679931137348
1315.0,0.05413476254666479
1316.0,0.05436189129549904
1317.0,0.05463243629345439
1318.0,0.054910654882830076
1319.0,0.05519733958115246
1320.0,0.05551166484535724
1321.0,0.05585142626068184
1322.0,0.056206418681583534
1323.0,0.05658906861136685
1324.0,0.05700244747051156
1325.0,0.057406616896353055
1326.0,0.05775322554406773
1327.0,0.058027395485834764
1328.0,0.058223302864616626
1329.0,0.05832155034909284
1330.0,0.05834290116968332
1331.0,0.058369646283067754
1332.0,0.058494033415738764
1333.0,0.058757499994119514
1334.0,0.059128667534012254
1335.0,0.05953571404227177
1336.0,0.05993254704000128
1337.0,0.06032741371206677
1338.0,0.06073754518307244
1339.0,0.061156446180939114
1340.0,0.06156362546401003
1341.0,0.06192322974317654
1342.0,0.06217057164213764
1343.0,0.0622690142549711
1344.0,0.06228044041011991
1345.0,0.06234537657757315
1346.0,0.06260015695643142
1347.0,0.06308228957516027
1348.0,0.0637035973940923
1349.0,0.0643148516220581
1350.0,0.06481064696646359
1351.0,0.06516199417212451
1352.0,0.06538602728616413
1353.0,0.06553805362109151
1354.0,0.06568591478536463
1355.0,0.06587264923958308
1356.0,0.06609849678851246
1357.0,0.06634139108161306
1358.0,0.06658944514219184
1359.0,0.06684816769533392
1360.0,0.06713251532808684
1361.0,0.06744688542855157
1362.0,0.06777399342883143
1363.0,0.0680825725003307
1364.0,0.06834657272066197
1365.0,0.06856107282412473
1366.0,0.06874431888866211
1367.0,0.06892457222040535
1368.0,0.0691193193884744
1369.0,0.06932236832948625
1370.0,0.06951985604545818
1371.0,0.0697214554142287
1372.0,0.06995393930687631
1373.0,0.07023017665509945
1374.0,0.07054968496915673
1375.0,0.07091817408949438
1376.0,0.07134014156329599
1377.0,0.07180568877707905
1378.0,0.07230712040043338
1379.0,0.07285671239552843
1380.0,0.07346295875204722
1381.0,0.07412098550667041
1382.0,0.07494274096279206
1383.0,0.0761631422901336
1384.0,0.07778573918860407
1385.0,0.07943879497976053
1386.0,0.08073819513822182
1387.0,0.08159543130873786
1388.0,0.08209338791861312
1389.0,0.0823119438345016
1390.0,0.08230930119461635
1391.0,0.08210082496715197
1392.0,0.08164838814004005
1393.0,0.08093467621957512
1394.0,0.08008303391513177
1395.0,0.07928308848367698
1396.0,0.07857776704452993
1397.0,0.07788308177739543
1398.0,0.07719358361163034
1399.0,0.07663506932999978
1400.0,0.07637106749480599
1401.0,0.07647659270675614
1402.0,0.07687430312019057
1403.0,0.07737440173236079
1404.0,0.07779001529420666
1405.0,0.07800314452297609
1406.0,0.07797362415878906
1407.0,0.0777791412220919
1408.0,0.07758935066929276
1409.0,0.07760550273422764
1410.0,0.07796661692759971
1411.0,0.07863748200520929
1412.0,0.07941411290877665
1413.0,0.08003672109540044
1414.0,0.08034377797940141
1415.0,0.08033841237887945
1416.0,0.08015668798729719
1417.0,0.07997712518919976
1418.0,0.0799199365895851
1419.0,0.08003789151548649
1420.0,0.08031654732965245
1421.0,0.08068195849164998
1422.0,0.08104478456310174
1423.0,0.0813406607359807
1424.0,0.08155876386016006
1425.0,0.08173130258973263
1426.0,0.08191483914295164
1427.0,0.08216978255295969
1428.0,0.08252309324677373
1429.0,0.08295159930185897
1430.0,0.08339908390778103
1431.0,0.08381458628449891
1432.0,0.08416373067600574
1433.0,0.08442460007817011
1434.0,0.08461252015619482
1435.0,0.08478362406800269
1436.0,0.08500291435236454
1437.0,0.08530523157559533
1438.0,0.08568009412862168
1439.0,0.0860866065781222
1440.0,0.08648065591044804
1441.0,0.08684117823126986
1442.0,0.08716751493721908
1443.0,0.0874715228010775
1444.0,0.0877785919336474
1445.0,0.08812084362264166
1446.0,0.08853341270930747
1447.0,0.08903043702702942
1448.0,0.08957961829530184
1449.0,0.09009206134572277
1450.0,0.09042706214990197
1451.0,0.09050382639702932
1452.0,0.09041685105593628
1453.0,0.09037342476219412
1454.0,0.09052523301297957
1455.0,0.0908943729562823
1456.0,0.09141991220429756
1457.0,0.09200065495114373
1458.0,0.09254398259972373
1459.0,0.09299667689418191
1460.0,0.09334450036139566
1461.0,0.0936154102558655
1462.0,0.09385781845418173
1463.0,0.09410251746583442
1464.0,0.09434234082945767
1465.0,0.09456387110971318
1466.0,0.09477907283364144
1467.0,0.09501541023206886
1468.0,0.09529429890863915
1469.0,0.09561630746969448
1470.0,0.09595895306046512
1471.0,0.09628733739079631
1472.0,0.09657137039213345
1473.0,0.09679165367006172
1474.0,0.0969530115750304
1475.0,0.09709733122819608
1476.0,0.09728642114599176
1477.0,0.09757153148328036
1478.0,0.09796113991616313
1479.0,0.0984138750158322
1480.0,0.09887862734073591
1481.0,0.09934715183602459
1482.0,0.099836540473076
1483.0,0.10033611909240259
1484.0,0.100811538114526
1485.0,0.10123715978678427
1486.0,0.1016048517806801
1487.0,0.1019167182397089
1488.0,0.10217881753635154
1489.0,0.1023907645970206
1490.0,0.10251738385107005
1491.0,0.10249867073640341
1492.0,0.1023479152331942
1493.0,0.10219775818308624
1494.0,0.10224871753753295
1495.0,0.10264851289678498
1496.0,0.10336953559149879
1497.0,0.1042247127774164
1498.0,0.10502728790597018
1499.0,0.10570651822898902
1500.0,0.10625828217855772
1501.0,0.1066948777888789
1502.0,0.10703709681574702
1503.0,0.10728070804779509
1504.0,0.1073638352580546
1505.0,0.10724374443365103
1506.0,0.10700772410973768
1507.0,0.10684636847925075
1508.0,0.10693317288763392
1509.0,0.10731177120132208
1510.0,0.10787775893413892
1511.0,0.10846923209424696
1512.0,0.10899379627464477
1513.0,0.10943958887201842
1514.0,0.10981582346302132
1515.0,0.1101445723437144
1516.0,0.11045311255518916
1517.0,0.11074943911597593
1518.0,0.11101609910811046
1519.0,0.1112465638440076
1520.0,0.11147488187792129
1521.0,0.1117757423541983
1522.0,0.11222043609088812
1523.0,0.11280201342119524
1524.0,0.11342297248444638
1525.0,0.11396118987595388
1526.0,0.11434772302440575
1527.0,0.11458800025042286
1528.0,0.11475055820526829
1529.0,0.11493174229770038
1530.0,0.11521995519978369
1531.0,0.11569554507256222
1532.0,0.11637558820938265
1533.0,0.11716257616752251
1534.0,0.11791180107671044
1535.0,0.11854783741093095
1536.0,0.11908615968727683
1537.0,0.11956879967391579
1538.0,0.12000782037526468
1539.0,0.1203621330861887
1540.0,0.12059926522246459
1541.0,0.12075976582633777
1542.0,0.12093529279822388
1543.0,0.12120769423617994
1544.0,0.12162402532397942
1545.0,0.12218918553643301
1546.0,0.12284169895337971
1547.0,0.12347390154317606
1548.0,0.1239791034485636
1549.0,0.12430902647848507
1550.0,0.12450739561959931
1551.0,0.1246897982855408
1552.0,0.1250021207177443
1553.0,0.12553243869793795
1554.0,0.1262399767450495
1555.0,0.12696995267512257
1556.0,0.12753947979524755
1557.0,0.12783801681564666
1558.0,0.12785568819779206
1559.0,0.12769442881489065
1560.0,0.12753739520802992
1561.0,0.1275629342174201
1562.0,0.12787470753857427
1563.0,0.1284416302369343
1564.0,0.1291181439609593
1565.0,0.12970652988255915
1566.0,0.13004079920580044
1567.0,0.13009761581275092
1568.0,0.13001633435667062
1569.0,0.13003146756088654
1570.0,0.13034106552953703
1571.0,0.13099869260510066
1572.0,0.13189786184653338
1573.0,0.13282036217847665
1574.0,0.13355559183207164
1575.0,0.1339765551338174
1576.0,0.13408159108232617
1577.0,0.13400376776260914
1578.0,0.13392906358732548
1579.0,0.13399750471759386
1580.0,0.134237600663784
1581.0,0.13459523905675796
1582.0,0.13498762512846912
1583.0,0.13533283874854096
1584.0,0.13559221196856444
1585.0,0.13578445882488752
1586.0,0.13597274301075288
1587.0,0.13623149544264354
1588.0,0.1366077943926542
1589.0,0.13710832941687043
1590.0,0.13769284392029463
1591.0,0.13829165688063624
1592.0,0.13883305709642904
1593.0,0.13926764623390894
1594.0,0.13960696004968248
1595.0,0.13992523983949545
1596.0,0.1403185773105643
1597.0,0.14087492119989264
1598.0,0.14156891593009494
1599.0,0.0
