0.0,0.0
1.0,0.0
2.0,0.0
3.0,0.0
4.0,0.0
5.0,0.0
6.0,0.0
7.0,0.0
8.0,0.0
9.0,0.0
10.0,0.0
11.0,0.0
12.0,0.0
13.0,0.0
14.0,0.0
15.0,0.0
16.0,0.0
17.0,0.0
18.0,0.0
19.0,0.0
20.0,0.0
21.0,0.0
22.0,0.0
23.0,0.0
24.0,0.0
25.0,0.0
26.0,0.0
27.0,0.0
28.0,0.0
29.0,0.0
30.0,0.0
31.0,0.0
32.0,0.0
33.0,0.0
34.0,0.0
35.0,0.0
36.0,0.0
37.0,0.0
38.0,0.0
39.0,0.0
40.0,0.0
41.0,0.0
42.0,0.0
43.0,0.0
44.0,0.0
45.0,0.0
46.0,0.0
47.0,0.0
48.0,0.0
49.0,0.0
50.0,0.0
51.0,0.0
52.0,0.0
53.0,0.0
54.0,0.0
55.0,0.0
56.0,0.0
57.0,0.0
58.0,0.0
59.0,0.0
60.0,0.0
61.0,0.0
62.0,0.0
63.0,0.0
64.0,0.0
65.0,0.0
66.0,0.0
67.0,0.0
68.0,0.0
69.0,0.0
70.0,0.0
71.0,0.0
72.0,0.0
73.0,0.0
74.0,0.0
75.0,0.0
76.0,0.0
77.0,0.0
78.0,0.0
79.0,0.0
80.0,0.0
81.0,0.0
82.0,0.0
83.0,0.0
84.0,0.0
85.0,0.0
86.0,0.0
87.0,0.0
88.0,0.0
89.0,0.0
90.0,0.0
91.0,0.0
92.0,0.0
93.0,0.0
94.0,0.0
95.0,0.05943753056109835
96.0,0.060975430502555494
97.0,0.0626400512460425
98.0,0.06447872387100234
99.0,0.06631944811836529
100.0,0.06806299007088293
101.0,0.06965847328271618
102.0,0.0711008916497575
103.0,0.07240108261334557
104.0,0.0735809285974996
105.0,0.07466683870219665
106.0,0.07555001501009073
107.0,0.07595210665552926
108.0,0.07585022089850282
109.0,0.07571139784632808
110.0,0.07602451494419402
111.0,0.07685413313942135
112.0,0.07802756017917437
113.0,0.07944844118859756
114.0,0.08115885052422352
115.0,0.08327910712005068
116.0,0.08584709718198263
117.0,0.0887166097104373
118.0,0.09160500117100351
119.0,0.094180612345478
120.0,0.0960724652777098
121.0,0.09708966455365525
122.0,0.09749239304436788
123.0,0.09782532347878967
124.0,0.0984664930484537
125.0,0.09945071957819027
126.0,0.10066586641039005
127.0,0.10189765633837322
128.0,0.10281199102739277
129.0,0.10317009213580058
130.0,0.10301625072986384
131.0,0.10265171335448997
132.0,0.10244068853657891
133.0,0.10289596833435459
134.0,0.10465968790742392
135.0,0.10772083014830787
136.0,0.1110686278175623
137.0,0.11344482452852503
138.0,0.1142589319146188
139.0,0.11374150028689795
140.0,0.11255503749268486
141.0,0.11128242820434905
142.0,0.11007807088373098
143.0,0.10892334329325543
144.0,0.10787544114283161
145.0,0.10701878271948267
146.0,0.106471175368679
147.0,0.10647116549298088
148.0,0.10719403592891248
149.0,0.1084226307348026
150.0,0.1096343781310357
151.0,0.11040386796678944
152.0,0.11065042110692994
153.0,0.11056194830843667
154.0,0.11051429859679722
155.0,0.11095994228395875
156.0,0.11213442736559902
157.0,0.11388645704581817
158.0,0.11577342241245966
159.0,0.11734526852624343
160.0,0.11820731123705766
161.0,0.11803410248324515
162.0,0.11695921993257166
163.0,0.11564170155719322
164.0,0.1146199200876385
165.0,0.1138309566585723
166.0,0.11303917988013892
167.0,0.11233744103500277
168.0,0.11217325439073295
169.0,0.11303680008516748
170.0,0.11495843307134647
171.0,0.11737571696970316
172.0,0.11952458066030108
173.0,0.12082175086588096
174.0,0.12082392819424412
175.0,0.11948516002246169
176.0,0.11752681840255971
177.0,0.11609066107885238
178.0,0.11601684474900831
179.0,0.11734668646529466
180.0,0.11943665092712555
181.0,0.12143563314420841
182.0,0.12282139201585307
183.0,0.12355147198807055
184.0,0.12379604024645645
185.0,0.12380186791208003
186.0,0.12379072827583787
187.0,0.12388799627365267
188.0,0.12411710488164293
189.0,0.12435458056975504
190.0,0.12435593531741454
191.0,0.12373644248206081
192.0,0.12213719829806285
193.0,0.11974180202701186
194.0,0.11738696962812462
195.0,0.11611442168757766
196.0,0.11651734686060108
197.0,0.11835408627201556
198.0,0.12074218271493121
199.0,0.12278246032366258
200.0,0.12406830065541354
201.0,0.1245857359818514
202.0,0.12455608025012427
203.0,0.1243362553035559
204.0,0.12422227462680249
205.0,0.12433703244973057
206.0,0.12463927446690479
207.0,0.1250580906741072
208.0,0.12554765458775238
209.0,0.12606577252274792
210.0,0.12659570623519123
211.0,0.1271635399126878
212.0,0.12787965353387326
213.0,0.12893005974742627
214.0,0.13040025809390882
215.0,0.13215526019773344
216.0,0.13393388362119196
217.0,0.13552749604452083
218.0,0.13682615499710127
219.0,0.1378117012605114
220.0,0.13858999372420666
221.0,0.13933451793891788
222.0,0.14017345989077323
223.0,0.1411223304933404
224.0,0.14214716725428242
225.0,0.14319267846182865
226.0,0.1440872203876164
227.0,0.1446437082722398
228.0,0.1449096189819502
229.0,0.14518386436983596
230.0,0.1457902285973645
231.0,0.14689133157015383
232.0,0.1484857102104942
233.0,0.15041048175121663
234.0,0.152388443878122
235.0,0.1541797771109984
236.0,0.15570401049980248
237.0,0.15702759841813366
238.0,0.15824026989301032
239.0,0.1594780927966769
240.0,0.1609517499753159
241.0,0.16272633082529753
242.0,0.16457109854253577
243.0,0.16604277894285496
244.0,0.16673705507106695
245.0,0.1665612801196562
246.0,0.16581531465273788
247.0,0.16509520287117635
248.0,0.1649796082428253
249.0,0.1657541848051635
250.0,0.16726646431929648
251.0,0.16895066532906952
252.0,0.17009295825222945
253.0,0.1700361829468453
254.0,0.1685604136520885
255.0,0.16621715736520992
256.0,0.16389471425917337
257.0,0.1619222602976037
258.0,0.1600414607666656
259.0,0.1582076295611385
260.0,0.15688155999273448
261.0,0.15674585025832022
262.0,0.15819945804331925
263.0,0.16102942615995963
264.0,0.16451897941319943
265.0,0.16790582323846637
266.0,0.17071567901215004
267.0,0.17283464107626748
268.0,0.17443502178606768
269.0,0.17570620225629835
270.0,0.17644270105505938
271.0,0.1760204920833269
272.0,0.17434121485742435
273.0,0.17235265552851647
274.0,0.1713712625732714
275.0,0.17214710952582396
276.0,0.17452364369211054
277.0,0.17764302932803575
278.0,0.18041661650522045
279.0,0.1821398233734845
280.0,0.18269095967923832
281.0,0.18246760885713043
282.0,0.182133764176509
283.0,0.18227389860967166
284.0,0.18328190624340682
285.0,0.1851818962168659
286.0,0.18757650457397823
287.0,0.189863056199757
288.0,0.191540385895401
289.0,0.19250635725666504
290.0,0.19308018317245573
291.0,0.19378129588577359
292.0,0.1950002833973679
293.0,0.19679646643952536
294.0,0.19894728931278055
295.0,0.20110644970732028
296.0,0.20301996122740776
297.0,0.20459176459593653
298.0,0.20583766472419862
299.0,0.20685179509814672
300.0,0.20773143515032447
301.0,0.20853055776823046
302.0,0.2092507708778909
303.0,0.20989715924979754
304.0,0.2104754348554837
305.0,0.21084247649944646
306.0,0.2107984798272512
307.0,0.21045830940040003
308.0,0.21020871502019367
309.0,0.21020948408974638
310.0,0.21031752158514333
311.0,0.21049646368935623
312.0,0.21102584511205458
313.0,0.2123955685655246
314.0,0.21502761263131256
315.0,0.21905621486577073
316.0,0.2240558523512443
317.0,0.22904721237333386
318.0,0.2329309941407924
319.0,0.2349936854419209
320.0,0.23534583696876155
321.0,0.2348153185998682
322.0,0.2342685139987853
323.0,0.23394873358210225
324.0,0.2336685059126255
325.0,0.23328035995731977
326.0,0.23256741779203555
327.0,0.23121526540549023
328.0,0.22916100498932784
329.0,0.2267308458364342
330.0,0.2243533154449684
331.0,0.22226447430194568
332.0,0.22053267964619067
333.0,0.2191392204612836
334.0,0.2180174034146592
335.0,0.21713832064301766
336.0,0.21658276644248345
337.0,0.2164300095701842
338.0,0.21653422707203496
339.0,0.2165816299026321
340.0,0.2163569600428885
341.0,0.2158770614559428
342.0,0.21532116505247922
343.0,0.2147694154057637
344.0,0.21397608496815906
345.0,0.21270049682024686
346.0,0.21114658013865562
347.0,0.20993605213324146
348.0,0.20974786066273662
349.0,0.2109821820788647
350.0,0.21360500358074813
351.0,0.21698635858469445
352.0,0.22013531576068107
353.0,0.22223406704620602
354.0,0.22306984985852327
355.0,0.2230661998153245
356.0,0.22288667483846097
357.0,0.22296440520376973
358.0,0.22328600992210354
359.0,0.22373702248794286
360.0,0.22438240049126995
361.0,0.2253785723419175
362.0,0.22682757842906506
363.0,0.2286600274812167
364.0,0.23071543073200748
365.0,0.23297356171236475
366.0,0.2355488864266049
367.0,0.2384851826588588
368.0,0.24158995921898208
369.0,0.2444278628750049
370.0,0.24652699031856357
371.0,0.24761434763568013
372.0,0.24792050151030698
373.0,0.24819579087230112
374.0,0.2493056200646045
375.0,0.25174435862184175
376.0,0.2554159649987096
377.0,0.25980130866534096
378.0,0.2640408000036928
379.0,0.26728132619437917
380.0,0.2694000365431861
381.0,0.27121465847542797
382.0,0.27392657267831055
383.0,0.27832008747983555
384.0,0.2844607645604122
385.0,0.2918132175843886
386.0,0.2995949442499123
387.0,0.307237733659331
388.0,0.3145179703039493
389.0,0.32145444440607385
390.0,0.3280157260415092
391.0,0.33404696182142835
392.0,0.3394998201481385
393.0,0.34441708862791565
394.0,0.3487195175263163
395.0,0.3522747506131255
396.0,0.3551274051883533
397.0,0.357381962628693
398.0,0.3589438990962196
399.0,0.35950217602410406
400.0,0.3587009061303541
401.0,0.35645940076256355
402.0,0.35310441423361805
403.0,0.34891328650393494
404.0,0.34369732121885144
405.0,0.33721974981697356
406.0,0.32970942213292964
407.0,0.3219682590830798
408.0,0.3150489958811157
409.0,0.30975477416372943
410.0,0.3062471722069364
411.0,0.30398662746422667
412.0,0.3020696863158129
413.0,0.29953586896477136
414.0,0.2958895320508035
415.0,0.2915027658057312
416.0,0.2873756415484314
417.0,0.28445469261881695
418.0,0.2830316774098476
419.0,0.2827148588682341
420.0,0.28283201816765013
421.0,0.28298907450875915
422.0,0.28317092956258527
423.0,0.2833760586440177
424.0,0.2834823519148816
425.0,0.2833129945374606
426.0,0.2827301548022529
427.0,0.2817031432539552
428.0,0.28036637370562867
429.0,0.2789721630508619
430.0,0.277674006732671
431.0,0.2763946175112252
432.0,0.27509445488755924
433.0,0.2740002438710611
434.0,0.27339236187861876
435.0,0.2733502526502647
436.0,0.2737015079169222
437.0,0.2742511874656737
438.0,0.2753379838299028
439.0,0.2777024884771515
440.0,0.2814199963636469
441.0,0.2854550881120247
442.0,0.288245811811445
443.0,0.2886888460767902
444.0,0.2867387643419625
445.0,0.28337397054769387
446.0,0.27993045838229924
447.0,0.2773947663999503
448.0,0.2762158990654433
449.0,0.27620092861182904
450.0,0.276708006090505
451.0,0.27713828136847046
452.0,0.2773471759958843
453.0,0.27749082468068764
454.0,0.2775706838246006
455.0,0.2774296370265493
456.0,0.27695337755262417
457.0,0.2761792016167056
458.0,0.27526944784550217
459.0,0.27424701214566893
460.0,0.27287075498253077
461.0,0.2710137741917082
462.0,0.2689723580208851
463.0,0.26741098809954456
464.0,0.26699114362825416
465.0,0.2679190104214994
466.0,0.269757080478364
467.0,0.2715968422263575
468.0,0.2725220809401844
469.0,0.27190323387724846
470.0,0.26975390431498986
471.0,0.2669310390101935
472.0,0.2646475116970058
473.0,0.26371385115170076
474.0,0.2641079207549816
475.0,0.2652130467334484
476.0,0.2663840195387073
477.0,0.2674557377019193
478.0,0.2686057861946497
479.0,0.26981121667026975
480.0,0.2707340069864004
481.0,0.27093844947978574
482.0,0.27027067768811774
483.0,0.2690537648184441
484.0,0.26784742962555624
485.0,0.26704109820527955
486.0,0.26674435651463635
487.0,0.2668712569186745
488.0,0.26719065783359053
489.0,0.26745872560709616
490.0,0.26750616196636534
491.0,0.26731261208972007
492.0,0.2670814546824888
493.0,0.2671525935745729
494.0,0.2678377708249557
495.0,0.2692086307698319
496.0,0.2709684156314347
497.0,0.272605270405307
498.0,0.27369977831516
499.0,0.2741651525371751
500.0,0.2742172867849937
501.0,0.2742174939103635
502.0,0.27449488840649394
503.0,0.2751707368558854
504.0,0.2761424876650904
505.0,0.2771411043164926
506.0,0.2778599316936302
507.0,0.27814902740883884
508.0,0.2781020538424349
509.0,0.27805450195942677
510.0,0.278431914590569
511.0,0.27951865006709453
512.0,0.2813110667206855
513.0,0.28342863748513325
514.0,0.2852858692002963
515.0,0.2864451194016956
516.0,0.2868606393057779
517.0,0.2867990897481486
518.0,0.28655692399971
519.0,0.2862265848595241
520.0,0.2856936280897021
521.0,0.28495515723499154
522.0,0.28437937419780335
523.0,0.28477674591048746
524.0,0.2868096541125311
525.0,0.2900903909354099
526.0,0.2933215581473376
527.0,0.2953564319213249
528.0,0.2958807995656242
529.0,0.29523597286795344
530.0,0.2940138809399945
531.0,0.292618674302095
532.0,0.2911627587465784
533.0,0.28969679004264726
534.0,0.2882497955018607
535.0,0.2868024271385464
536.0,0.28531328795632793
537.0,0.2837680787183897
538.0,0.2823255906447133
539.0,0.28135594947602216
540.0,0.28130964053401586
541.0,0.28246570360450596
542.0,0.28450933265955103
543.0,0.2865271222960504
544.0,0.28746033366721535
545.0,0.28673670573175136
546.0,0.2846937631129449
547.0,0.2822989934224679
548.0,0.28030290839526
549.0,0.2787607038785686
550.0,0.2774727510925057
551.0,0.27637953605380694
552.0,0.2755762556328224
553.0,0.27518987814134993
554.0,0.27518089306381344
555.0,0.2753132565861177
556.0,0.2753015397601483
557.0,0.2749791192932558
558.0,0.2743635169680773
559.0,0.2736180999846938
560.0,0.27292350345319416
561.0,0.27238617831628864
562.0,0.27202433763024686
563.0,0.27181056219908634
564.0,0.27174606633771264
565.0,0.2719267078444362
566.0,0.2725176729838331
567.0,0.27350158367302113
568.0,0.27452252106510466
569.0,0.27488558437394517
570.0,0.2739142179583839
571.0,0.27171440457493273
572.0,0.26928545925119135
573.0,0.2676772025325138
574.0,0.2672225010007828
575.0,0.2676126270695781
576.0,0.2682892145895876
577.0,0.268780613238229
578.0,0.2689386136635612
579.0,0.2688346182270026
580.0,0.2686109866149984
581.0,0.26839345183463725
582.0,0.26822920063794137
583.0,0.2681096796417304
584.0,0.2680269610208971
585.0,0.26802741401186236
586.0,0.26818320347719127
587.0,0.26852569093663176
588.0,0.26895877980843164
589.0,0.26924630712401976
590.0,0.26909017637162036
591.0,0.2682601237433283
592.0,0.2668524104138277
593.0,0.2653414103946342
594.0,0.2643370507079767
595.0,0.26421776581225714
596.0,0.2648266904185072
597.0,0.26554793718594305
598.0,0.2657139523558369
599.0,0.2650463821256764
600.0,0.2637542221152059
601.0,0.26231713277616164
602.0,0.261154422862684
603.0,0.26038636650535507
604.0,0.2599291449360536
605.0,0.25967171872090966
606.0,0.2595972610058181
607.0,0.25976764411396536
608.0,0.2601699437500719
609.0,0.2606601340000215
610.0,0.26102975806992373
611.0,0.2611260511055647
612.0,0.26092824312188556
613.0,0.26060460866201296
614.0,0.2604690898583975
615.0,0.26082454808213484
616.0,0.2618156223164995
617.0,0.26322887505417447
618.0,0.2645120439340428
619.0,0.26507750111852435
620.0,0.26464548549856304
621.0,0.2634476122025884
622.0,0.2620669117038617
623.0,0.2610063275044206
624.0,0.2603569500950417
625.0,0.25996327207295744
626.0,0.25968596329786087
627.0,0.25939341571033736
628.0,0.25899328613870776
629.0,0.25851344974759966
630.0,0.25811528543061024
631.0,0.2580545564979079
632.0,0.2585110677578919
633.0,0.2594064462146347
634.0,0.2604577825255965
635.0,0.2614268508851514
636.0,0.26224799369578955
637.0,0.2629507887424046
638.0,0.26358890363163107
639.0,0.2641938873294665
640.0,0.26477028309138373
641.0,0.26532725224236653
642.0,0.2658889045450014
643.0,0.26648803304802837
644.0,0.2671531912054768
645.0,0.26789768946167186
646.0,0.2687081746021077
647.0,0.2695488159727251
648.0,0.27036462033715203
649.0,0.2711136625631152
650.0,0.27187477135543403
651.0,0.2728644851922857
652.0,0.2743255524436344
653.0,0.2763686232356547
654.0,0.2788514404767823
655.0,0.28145374690191644
656.0,0.2839043879789168
657.0,0.28615137183574063
658.0,0.2883377704266336
659.0,0.29055491906762115
660.0,0.2924960415038453
661.0,0.2937769093315489
662.0,0.294701924292541
663.0,0.29606622960739293
664.0,0.29824632085757263
665.0,0.301130633617406
666.0,0.3047264597356602
667.0,0.3093060577743204
668.0,0.3151999987921451
669.0,0.3225383721646903
670.0,0.3311338818737835
671.0,0.34079841906386155
672.0,0.351676584172119
673.0,0.3638935066039643
674.0,0.37716837917119667
675.0,0.39100282940670184
676.0,0.40502775958687137
677.0,0.41911165623013535
678.0,0.4331710261256793
679.0,0.4465134020137922
680.0,0.4578063385512837
681.0,0.4660607558807085
682.0,0.4712172535941498
683.0,0.4737017644431118
684.0,0.4737138760703228
685.0,0.47075188419696407
686.0,0.464218619380824
687.0,0.4548828988485167
688.0,0.4444996428883107
689.0,0.43387003379041345
690.0,0.4226671905660312
691.0,0.41094988246421144
692.0,0.39909483520711164
693.0,0.3867189799000243
694.0,0.37331600224061295
695.0,0.35946269734694536
696.0,0.34637639800174425
697.0,0.33475679377440504
698.0,0.3246061223386607
699.0,0.31568222268497087
700.0,0.3077805731186011
701.0,0.3008971394570284
702.0,0.2950330822645474
703.0,0.2900191815584172
704.0,0.28575297748038864
705.0,0.2823392703218746
706.0,0.2798271431892659
707.0,0.2780031121043255
708.0,0.27645056285523995
709.0,0.2747605342384428
710.0,0.27272389354319154
711.0,0.2704066123767025
712.0,0.2680525805418313
713.0,0.2659016010109991
714.0,0.26408410969425206
715.0,0.26257909025276294
716.0,0.26127537068356144
717.0,0.2601192055096518
718.0,0.2592421171174416
719.0,0.2587647086930296
720.0,0.2585029793760322
721.0,0.2578806290710911
722.0,0.25610439428837745
723.0,0.2529829509012491
724.0,0.249456283938555
725.0,0.24704812591048997
726.0,0.2468426672380812
727.0,0.24873277151659462
728.0,0.2515111536301069
729.0,0.253625555022997
730.0,0.25415542014659953
731.0,0.25319879821521374
732.0,0.2516203397046778
733.0,0.2506482289121772
734.0,0.2511534249106708
735.0,0.25309995354638837
736.0,0.25560786905044874
737.0,0.2575514643488585
738.0,0.2582863164855259
739.0,0.2578780396414952
740.0,0.25682934879951125
741.0,0.2554691019306905
742.0,0.2537673606619545
743.0,0.251726567423039
744.0,0.24965688724931637
745.0,0.24818628302158774
746.0,0.24789145082452582
747.0,0.24889536554337846
748.0,0.250682050079424
749.0,0.25231791931572195
750.0,0.2529905431925477
751.0,0.25244339745061306
752.0,0.2510683773851022
753.0,0.24955359768204652
754.0,0.2484440453872533
755.0,0.24785207193677553
756.0,0.24760468489996149
757.0,0.24757130617764445
758.0,0.24774144676855703
759.0,0.24817715732271728
760.0,0.24883114305319431
761.0,0.24947470190005955
762.0,0.24984489834567158
763.0,0.2498340122901284
764.0,0.24957516967353088
765.0,0.24941147473713499
766.0,0.2498336605021224
767.0,0.25113017216642974
768.0,0.2529983067876895
769.0,0.2546176740046573
770.0,0.25509352306162053
771.0,0.25406983893186663
772.0,0.25200832849113497
773.0,0.24980891470928573
774.0,0.24808949793076274
775.0,0.24693527806113139
776.0,0.2461721542910709
777.0,0.24559009453753836
778.0,0.24510403185237575
779.0,0.24472379586964577
780.0,0.24443130080325703
781.0,0.24419446658967536
782.0,0.24400674737076705
783.0,0.2438645000683719
784.0,0.24374624292952893
785.0,0.24364891713373205
786.0,0.24360448672185256
787.0,0.24364282275205984
788.0,0.24373748406389045
789.0,0.24374480132920212
790.0,0.24346064915791005
791.0,0.24276979564641285
792.0,0.2417802781706652
793.0,0.2408729267136633
794.0,0.2404925018244026
795.0,0.24084599672625798
796.0,0.24174911525466897
797.0,0.24274086103563758
798.0,0.24337992594190683
799.0,0.24349624261738662
800.0,0.24317923534496882
801.0,0.24252970795555276
802.0,0.24152627275800664
803.0,0.2400388107669586
804.0,0.23811522883730785
805.0,0.23620156080113666
806.0,0.23492119856843863
807.0,0.23468476821907525
808.0,0.23535431059239428
809.0,0.2362883744352999
810.0,0.23675403317590088
811.0,0.23640021131830502
812.0,0.23540904252308245
813.0,0.23425766282920776
814.0,0.23325552984348966
815.0,0.23231714704778353
816.0,0.2313572429282717
817.0,0.23057238151286574
818.0,0.23028786084223932
819.0,0.2306877409461194
820.0,0.23159625797842673
821.0,0.23264589785050993
822.0,0.2337595102286958
823.0,0.23511758911809372
824.0,0.23663442313851143
825.0,0.23791813841320442
826.0,0.23865637006919135
827.0,0.2388165772353189
828.0,0.23858234480529772
829.0,0.23797945885646776
830.0,0.2365486486758337
831.0,0.23390605880313525
832.0,0.2304168869973631
833.0,0.22719736489359033
834.0,0.22553260709988598
835.0,0.2259757171953483
836.0,0.2279419222422467
837.0,0.23010629459003618
838.0,0.23130138337490502
839.0,0.23108037378762888
840.0,0.22979670720964196
841.0,0.22825322013026977
842.0,0.22710267161570957
843.0,0.2266166004918373
844.0,0.22663363687092541
845.0,0.2266563784420876
846.0,0.22617934132954387
847.0,0.2249451241623361
848.0,0.22313642254964056
849.0,0.2213685812678005
850.0,0.22033543826663635
851.0,0.2204173353077513
852.0,0.22140103591293467
853.0,0.2225588561282854
854.0,0.22310522345875344
855.0,0.2226648899799434
856.0,0.22143200624400838
857.0,0.2199026767177788
858.0,0.21854164301943296
859.0,0.21753829609814804
860.0,0.21677051024510283
861.0,0.21598829598355285
862.0,0.21492528447240603
863.0,0.21340827266909906
864.0,0.2115309180218879
865.0,0.20962933521891622
866.0,0.20798304455198674
867.0,0.20659998240532787
868.0,0.20538739233960612
869.0,0.20437099484804047
870.0,0.2037621938956411
871.0,0.20377671973755448
872.0,0.20423161125345987
873.0,0.20449513327043642
874.0,0.20382818560232385
875.0,0.2019233171994051
876.0,0.19923699526855454
877.0,0.19678073485255154
878.0,0.19556425557653814
879.0,0.19590138825020595
880.0,0.19716545636978222
881.0,0.1981871662931303
882.0,0.1979911009694747
883.0,0.19638792346563577
884.0,0.193966726483304
885.0,0.19154792350548597
886.0,0.18950814115811637
887.0,0.18779783641784223
888.0,0.18635062939376593
889.0,0.18529767426506558
890.0,0.18496005182349803
891.0,0.18540337156019668
892.0,0.18620011221030305
893.0,0.18685982439410495
894.0,0.18724402691487516
895.0,0.18741633785806336
896.0,0.18737861417769283
897.0,0.18694895318402055
898.0,0.18586746075365138
899.0,0.18414690730327085
900.0,0.18216208253392546
901.0,0.18038014129904484
902.0,0.17906964675060705
903.0,0.17823374810123221
904.0,0.17764488490367716
905.0,0.17696368944728896
906.0,0.17595792495544155
907.0,0.17462836653342584
908.0,0.1732631539641147
909.0,0.17234446635184403
910.0,0.17220713560948392
911.0,0.17277407435377176
912.0,0.1735371009461561
913.0,0.1738284196491071
914.0,0.17323183670769007
915.0,0.17181862643751136
916.0,0.1701530433335061
917.0,0.16895919926312047
918.0,0.16867037665252815
919.0,0.16915597550182276
920.0,0.16971077782814392
921.0,0.16947108897298596
922.0,0.16796923472331504
923.0,0.16543858347531748
924.0,0.16266154265660646
925.0,0.16044555571329394
926.0,0.15917855663011868
927.0,0.15867933944022827
928.0,0.15849206525925896
929.0,0.15825281726038848
930.0,0.1578060517019957
931.0,0.157222243291557
932.0,0.156673877514389
933.0,0.15629469248453273
934.0,0.1561235696437571
935.0,0.15608911751905086
936.0,0.15606352398690532
937.0,0.1559593059116589
938.0,0.1557934988527318
939.0,0.15551658613130237
940.0,0.1548433413855363
941.0,0.15339786322269977
942.0,0.15097525399629674
943.0,0.14790098996220952
944.0,0.14501981871830422
945.0,0.14313812369331583
946.0,0.14248488503604667
947.0,0.14267412512390987
948.0,0.1430844141928882
949.0,0.14328685150064557
950.0,0.1432688551964531
951.0,0.14315490199142078
952.0,0.14293843178470506
953.0,0.1425320018270739
954.0,0.1418815737776762
955.0,0.14107605080783842
956.0,0.14034263322142976
957.0,0.1399419823863997
958.0,0.13996492640617558
959.0,0.14020312109389454
960.0,0.1401637424152679
961.0,0.13920164591300782
962.0,0.1371138813457512
963.0,0.13459197398638625
964.0,0.1328656127691109
965.0,0.13291800026042033
966.0,0.13471880327357916
967.0,0.1371598632678222
968.0,0.13897550665368374
969.0,0.1397633510915874
970.0,0.13984652459183816
971.0,0.13957404593125022
972.0,0.1390194475984274
973.0,0.1379800889021362
974.0,0.13644224715451403
975.0,0.134824025969776
976.0,0.13352446177386834
977.0,0.13257876783669958
978.0,0.13187014742473052
979.0,0.13135955116718018
980.0,0.13107815711078233
981.0,0.13106625638433714
982.0,0.13128493948816602
983.0,0.13162588099179373
984.0,0.13202281528927257
985.0,0.13248146210774323
986.0,0.13300290350885746
987.0,0.13360837658934382
988.0,0.1344283780052255
989.0,0.1355434332354912
990.0,0.13677391890282609
991.0,0.1377228482323301
992.0,0.13799441669301127
993.0,0.1375434384079446
994.0,0.1368051613119778
995.0,0.13638460816155668
996.0,0.1366175812529458
997.0,0.13743908340486669
998.0,0.13856015880137268
999.0,0.13979683002764637
1000.0,0.14124886217845917
1001.0,0.14292246463974764
1002.0,0.14446671582550105
1003.0,0.14540811395342973
1004.0,0.14548763389334599
1005.0,0.14483221895447274
1006.0,0.14386444139345841
1007.0,0.14303631187297422
1008.0,0.14253940436588164
1009.0,0.14224465938060699
1010.0,0.14177434861070032
1011.0,0.1406130756993238
1012.0,0.13849357247468047
1013.0,0.1357273486661093
1014.0,0.13309043182935795
1015.0,0.131384759328196
1016.0,0.13086253449238064
1017.0,0.13101188753031656
1018.0,0.13083380789278667
1019.0,0.12942391960005084
1020.0,0.12661793673266353
1021.0,0.12312525617716581
1022.0,0.12003196581384432
1023.0,0.1180536144141124
1024.0,0.11717797533275873
1025.0,0.11683907593945218
1026.0,0.11633928173967267
1027.0,0.11532570588569144
1028.0,0.1138706889604536
1029.0,0.11228081182459068
1030.0,0.11089350917142336
1031.0,0.109867278119565
1032.0,0.1091718479110271
1033.0,0.10863407302717275
1034.0,0.10791307815174517
1035.0,0.10672955666067249
1036.0,0.10522123775947423
1037.0,0.10393135189045387
1038.0,0.10344755724172883
1039.0,0.10398648966964466
1040.0,0.1052407586780369
1041.0,0.10669919086156096
1042.0,0.10818624088838527
1043.0,0.10982260424986626
1044.0,0.11157336209078735
1045.0,0.11317624039716959
1046.0,0.11434123080984099
1047.0,0.11503251154215545
1048.0,0.11557713499703771
1049.0,0.11621924247663598
1050.0,0.11671863358081955
1051.0,0.11683503936231139
1052.0,0.1168928785013369
1053.0,0.11790247056572807
1054.0,0.12102513341324718
1055.0,0.12624690236124664
1056.0,0.1319885304808162
1057.0,0.13631175807672774
1058.0,0.1383130124990702
1059.0,0.1384081510886389
1060.0,0.13784572291697905
1061.0,0.13798809829569625
1062.0,0.13943819020464415
1063.0,0.14173237170448508
1064.0,0.14372895999230267
1065.0,0.14437536051567296
1066.0,0.14338956608689776
1067.0,0.14130365736268857
1068.0,0.1389069403613458
1069.0,0.13649196330439184
1070.0,0.13389163612592567
1071.0,0.1311142851450013
1072.0,0.1284131989327288
1073.0,0.12600017116335352
1074.0,0.12388714976006468
1075.0,0.12189624740672549
1076.0,0.1197924128782184
1077.0,0.11744906404776824
1078.0,0.11489135886655533
1079.0,0.11223377240105073
1080.0,0.10964464010964331
1081.0,0.10726510089853834
1082.0,0.10508449980673516
1083.0,0.10290972452237644
1084.0,0.10041494682077967
1085.0,0.09735489957307458
1086.0,0.09388419952904702
1087.0,0.09048226917236951
1088.0,0.08742278928144395
1089.0,0.08459879614565194
1090.0,0.08194358695796228
1091.0,0.07968603524598256
1092.0,0.0782716113876937
1093.0,0.07793084331910759
1094.0,0.07820924438398054
1095.0,0.07830202425574649
1096.0,0.07785667544744121
1097.0,0.07702538836329942
1098.0,0.07591669128667602
1099.0,0.07431472081922466
1100.0,0.0717303053950159
1101.0,0.06808742390383432
1102.0,0.06423010991423697
1103.0,0.061310632827082656
1104.0,0.05988037793691081
1105.0,0.05965544692286051
1106.0,0.05990482753765891
1107.0,0.06000962633003204
1108.0,0.05986995993971875
1109.0,0.05964774092887745
1110.0,0.05941311994399251
1111.0,0.05925745900885332
1112.0,0.05929392556695076
1113.0,0.059387594335028715
1114.0,0.059131071132591
1115.0,0.058123961731119445
1116.0,0.05628621209999571
1117.0,0.053989341809790425
1118.0,0.05177795136471525
1119.0,0.04986018674307116
1120.0,0.0481339184824818
1121.0,0.04672583112793777
1122.0,0.046046535874599503
1123.0,0.04644267879615427
1124.0,0.047784674618655126
1125.0,0.04932743445723026
1126.0,0.050224031361731536
1127.0,0.05017686012731709
1128.0,0.04944740892058688
1129.0,0.04839661523779401
1130.0,0.0472417232860643
1131.0,0.04600568658524967
1132.0,0.044776917550264916
1133.0,0.04390540553681338
1134.0,0.04369777666179936
1135.0,0.04412341308513357
1136.0,0.04484445761337166
1137.0,0.045462733774247255
1138.0,0.04576883887725197
1139.0,0.04582222382964363
1140.0,0.04573242736101624
1141.0,0.04549496661934671
1142.0,0.04509803538876897
1143.0,0.04456671150045888
1144.0,0.0438887289879098
1145.0,0.04300999597261457
1146.0,0.041881173753884005
1147.0,0.040656754345790164
1148.0,0.03990811138722389
1149.0,0.04023662810396422
1150.0,0.04169058635664091
1151.0,0.04355597513585463
1152.0,0.04466675056881869
1153.0,0.044225955284319024
1154.0,0.04240467698423045
1155.0,0.04004845954437636
1156.0,0.037863806286447144
1157.0,0.03611624593545451
1158.0,0.03475841385609324
1159.0,0.033844382360125796
1160.0,0.033797728634233304
1161.0,0.0348690568980658
1162.0,0.036682141835289284
1163.0,0.038349261356906666
1164.0,0.03901303070907794
1165.0,0.038488314948914915
1166.0,0.037370587328668964
1167.0,0.03641648270797798
1168.0,0.03595774725241818
1169.0,0.03593744977928243
1170.0,0.036255232544855936
1171.0,0.03725077536588736
1172.0,0.039434445979533106
1173.0,0.042591463437188115
1174.0,0.04572073551356981
1175.0,0.04778195665069809
1176.0,0.048385507149907275
1177.0,0.04793791569451106
1178.0,0.047128299528324646
1179.0,0.046165687810223455
1180.0,0.04490588477209373
1181.0,0.04346503646071864
1182.0,0.0421809041971275
1183.0,0.04128199798990412
1184.0,0.040777165040722985
1185.0,0.04053924258493996
1186.0,0.0405721021435797
1187.0,0.041138719115514866
1188.0,0.04234287149222227
1189.0,0.0437921147264444
1190.0,0.04461992906609524
1191.0,0.04400757400577493
1192.0,0.042129060708324895
1193.0,0.04030329307333047
1194.0,0.040129995848420114
1195.0,0.042318142776380296
1196.0,0.04605372019230125
1197.0,0.049565931582324585
1198.0,0.051502825822242804
1199.0,0.05179952697778431
1200.0,0.05128288610933068
1201.0,0.05095899758931874
1202.0,0.0514959780542274
1203.0,0.05282647951407668
1204.0,0.05425742846558779
1205.0,0.05490170852757942
1206.0,0.05413526351767137
1207.0,0.052239528886936726
1208.0,0.05052144241141199
1209.0,0.05037588318561234
1210.0,0.05222884446105036
1211.0,0.05541437223424639
1212.0,0.05887200813793381
1213.0,0.061883217566306936
1214.0,0.06443870141946997
1215.0,0.0665729543623011
1216.0,0.06778492870539093
1217.0,0.06762593974936637
1218.0,0.06626053241103386
1219.0,0.06444421820846652
1220.0,0.06304972483016236
1221.0,0.062478402430953484
1222.0,0.06249729052027411
1223.0,0.06274760852659622
1224.0,0.06311304283956129
1225.0,0.06355950025595603
1226.0,0.06398925555783747
1227.0,0.06418438221783782
1228.0,0.06395101117901161
1229.0,0.0633597124499074
1230.0,0.06262080599548323
1231.0,0.061733363526914775
1232.0,0.060590270588469886
1233.0,0.05931640167754881
1234.0,0.05839622137438555
1235.0,0.05853150826835446
1236.0,0.059986282246529576
1237.0,0.06216149698983228
1238.0,0.0641044212731123
1239.0,0.06530045419810021
1240.0,0.0657872003261657
1241.0,0.06583902981992173
1242.0,0.06566765910950279
1243.0,0.06524579691541457
1244.0,0.06458277759759798
1245.0,0.06391015355003832
1246.0,0.06343768991514487
1247.0,0.06317125504424878
1248.0,0.06301782528080349
1249.0,0.06291204840772707
1250.0,0.06282350856240498
1251.0,0.06277100013668385
1252.0,0.06283708115627903
1253.0,0.06313336970810801
1254.0,0.06375306280528459
1255.0,0.06469179868970104
1256.0,0.06579700702755062
1257.0,0.06691348360387961
1258.0,0.06810203329278569
1259.0,0.06938498848284691
1260.0,0.07035005269420369
1261.0,0.07036409626596901
1262.0,0.06905270926270823
1263.0,0.06684153086386196
1264.0,0.06498063846234478
1265.0,0.06466742422071678
1266.0,0.06615348275291966
1267.0,0.06855127218500157
1268.0,0.0704628965957626
1269.0,0.0709183298628491
1270.0,0.0699781290103775
1271.0,0.06844723554052806
1272.0,0.06714113790124662
1273.0,0.0665012825148246
1274.0,0.06650220014032482
1275.0,0.06699036203310835
1276.0,0.06793371531389727
1277.0,0.0692284499200814
1278.0,0.0706312796211924
1279.0,0.07186864799503911
1280.0,0.07277813979293457
1281.0,0.0733955104027349
1282.0,0.07374292084361633
1283.0,0.07346092288943973
1284.0,0.07217636715429165
1285.0,0.07017682772072714
1286.0,0.06847546147722539
1287.0,0.06831694221331613
1288.0,0.07019505731427911
1289.0,0.07331062242663178
1290.0,0.07634821503801575
1291.0,0.07868551870637347
1292.0,0.0803903661539821
1293.0,0.08159332230383143
1294.0,0.0822274931514172
1295.0,0.08202869353198078
1296.0,0.08102067980694028
1297.0,0.07972804557670138
1298.0,0.07854824347744771
1299.0,0.07736741422980381
1300.0,0.07614764283760828
1301.0,0.07530175554891377
1302.0,0.075351682183186
1303.0,0.07643399673152368
1304.0,0.07795648831505897
1305.0,0.07890027501941616
1306.0,0.07854798766383153
1307.0,0.07708345532754196
1308.0,0.07561918238722082
1309.0,0.07542944378645433
1310.0,0.07701688916494626
1311.0,0.0797899272721192
1312.0,0.0825876337344047
1313.0,0.08449951193333549
1314.0,0.0854024822240646
1315.0,0.08587669729066544
1316.0,0.08658924377145494
1317.0,0.08783437170116365
1318.0,0.08941722349167125
1319.0,0.09067151776016796
1320.0,0.09079836999847285
1321.0,0.0895556527484348
1322.0,0.08758904237663967
1323.0,0.08619185275579888
1324.0,0.08652613002495196
1325.0,0.08868451305632463
1326.0,0.09149792358894787
1327.0,0.09321674023512022
1328.0,0.09270048304643708
1329.0,0.0902644448633188
1330.0,0.08743138390365135
1331.0,0.08571824365537328
1332.0,0.08561429640003793
1333.0,0.08667790222885419
1334.0,0.0880979097048894
1335.0,0.08930466137104137
1336.0,0.09026753381976854
1337.0,0.09121065048443316
1338.0,0.09240592930934832
1339.0,0.09412362268914154
1340.0,0.09636309439508073
1341.0,0.09868284126305465
1342.0,0.10051399803242317
1343.0,0.10161396191873584
1344.0,0.10217113987420479
1345.0,0.10256894675314693
1346.0,0.10312918745783495
1347.0,0.10394885502908635
1348.0,0.10508081179680745
1349.0,0.10672458722971773
1350.0,0.10898482157977363
1351.0,0.11170799126254538
1352.0,0.11470346280740074
1353.0,0.11793665953209292
1354.0,0.1214178896901259
1355.0,0.12499207949858171
1356.0,0.12806449553643817
1357.0,0.12991409098883944
1358.0,0.13055386340985792
1359.0,0.13095088262423177
1360.0,0.1324346486258826
1361.0,0.13576522291152943
1362.0,0.14056705676111225
1363.0,0.14575910478963172
1364.0,0.15066136379730605
1365.0,0.15530298656909924
1366.0,0.15983621614858845
1367.0,0.16422815862933493
1368.0,0.16826449631722207
1369.0,0.1718277805590629
1370.0,0.17517007120258948
1371.0,0.1786743505605224
1372.0,0.18246776957423355
1373.0,0.18648380218908894
1374.0,0.1907039878231841
1375.0,0.19517535682179477
1376.0,0.19997848610476654
1377.0,0.205345755360118
1378.0,0.21162449131680172
1379.0,0.2189074730181877
1380.0,0.22686156787768375
1381.0,0.23496205330915165
1382.0,0.24285164750835964
1383.0,0.2505349403442033
1384.0,0.2582015165585293
1385.0,0.265681186845669
1386.0,0.27246435262625546
1387.0,0.2784209746291276
1388.0,0.28387979387468065
1389.0,0.2889551988760082
1390.0,0.2935087390914283
1391.0,0.29766302338936923
1392.0,0.30224234856364474
1393.0,0.30886221649253265
1394.0,0.3184971933563634
1395.0,0.33005772424196056
1396.0,0.3410496522949802
1397.0,0.3494269318513764
1398.0,0.35502464524462574
1399.0,0.35956709144411825
1400.0,0.36515294490346173
1401.0,0.37251826972652125
1402.0,0.38092180705399203
1403.0,0.38912239788671366
1404.0,0.396177760271165
1405.0,0.40198350819126005
1406.0,0.4071743346671376
1407.0,0.41257072821032825
1408.0,0.41881927036537503
1409.0,0.42599640468633637
1410.0,0.4332666455972043
1411.0,0.43937196911101606
1412.0,0.44363597256683984
1413.0,0.44671742460259567
1414.0,0.4506633944323677
1415.0,0.45741095419910327
1416.0,0.46687951412160134
1417.0,0.4767966156373654
1418.0,0.4842996398990158
1419.0,0.4880101476156985
1420.0,0.48896719400192723
1421.0,0.4897388448740483
1422.0,0.4924228139160859
1423.0,0.4974410559618403
1424.0,0.5037814250720808
1425.0,0.5100250127444055
1426.0,0.5155354814802577
1427.0,0.5204072625872594
1428.0,0.5247767012602196
1429.0,0.5286336543265944
1430.0,0.5318507250768787
1431.0,0.5344876950711756
1432.0,0.5369366643521217
1433.0,0.5396463031707874
1434.0,0.5427606551955242
1435.0,0.5458979416447592
1436.0,0.5483397399815303
1437.0,0.5494720096590476
1438.0,0.549377341853393
1439.0,0.5493297398510925
1440.0,0.5510261689880279
1441.0,0.5550690073952389
1442.0,0.560191644202133
1443.0,0.5637381973152343
1444.0,0.5636415268003585
1445.0,0.5602989610741232
1446.0,0.5562009787055816
1447.0,0.5537554682983645
1448.0,0.5537068853307671
1449.0,0.555102554894258
1450.0,0.5563732558979523
1451.0,0.5567852100394408
1452.0,0.5564933852581656
1453.0,0.5557151453119658
1454.0,0.5542539070823004
1455.0,0.5514956203895899
1456.0,0.5475254916857989
1457.0,0.5437446835611395
1458.0,0.5418307811077081
1459.0,0.5424105004675611
1460.0,0.5444823506341344
1461.0,0.5460890771988417
1462.0,0.5459076376044524
1463.0,0.5441072529183726
1464.0,0.5413341137306414
1465.0,0.5378297131559099
1466.0,0.5337121630569891
1467.0,0.5292505633011976
1468.0,0.5249888779260444
1469.0,0.5214606843842461
1470.0,0.5186807527055569
1471.0,0.5161964536727099
1472.0,0.5136388449278508
1473.0,0.5108754416741355
1474.0,0.5077619075748337
1475.0,0.503961707546085
1476.0,0.4989034322996265
1477.0,0.4926167852464739
1478.0,0.4863952302671475
1479.0,0.4819962319602066
1480.0,0.4803632482632634
1481.0,0.48072052611714644
1482.0,0.48090168695399904
1483.0,0.47899695756858207
1484.0,0.4747254088835511
1485.0,0.46879169776064644
1486.0,0.46169459551676606
1487.0,0.45370781824421835
1488.0,0.4451400138853039
1489.0,0.4368223114971518
1490.0,0.42993767386099635
1491.0,0.4249437048266148
1492.0,0.4212636052803117
1493.0,0.418216137701903
1494.0,0.4155657859381715
1495.0,0.41310949631832117
1496.0,0.4103817314903361
1497.0,0.4066102489395903
1498.0,0.4012775370017061
1499.0,0.39481552201572423
1500.0,0.3884091383258117
1501.0,0.38316350013479905
1502.0,0.3793364880263528
1503.0,0.3762149934538237
1504.0,0.37271264947550886
1505.0,0.36821954868507434
1506.0,0.36294261901269687
1507.0,0.3575996304607111
1508.0,0.35285412195489063
1509.0,0.3488266493647806
1510.0,0.3450662346166149
1511.0,0.3409240123769818
1512.0,0.3359104829137962
1513.0,0.3299201883431253
1514.0,0.32311511857439223
1515.0,0.3157593903503655
1516.0,0.3084563720752326
1517.0,0.30196775619890204
1518.0,0.2965344509290144
1519.0,0.29168198299309067
1520.0,0.28673333680065305
1521.0,0.2814260102894688
1522.0,0.27615607685694943
1523.0,0.27160973991010584
1524.0,0.2680112512163467
1525.0,0.2651143925501499
1526.0,0.2629443769431695
1527.0,0.26149095907539077
1528.0,0.25986521030619425
1529.0,0.2567515393114187
1530.0,0.2514442544415083
1531.0,0.24443249056951155
1532.0,0.23712121630547645
1533.0,0.23082250310707364
1534.0,0.22584513120579108
1535.0,0.2217265836999458
1536.0,0.2180448900800379
1537.0,0.21455208726539488
1538.0,0.21110553202005666
1539.0,0.20765379488685642
1540.0,0.20417110872302446
1541.0,0.2006147228314058
1542.0,0.19684502586383767
1543.0,0.19241795914537718
1544.0,0.18685348098856946
1545.0,0.18049742125540713
1546.0,0.17460783938821856
1547.0,0.17053181742383716
1548.0,0.16863857954507566
1549.0,0.16774252003366663
1550.0,0.1659699718166907
1551.0,0.16243216708064978
1552.0,0.1577111553633217
1553.0,0.15283575946996697
1554.0,0.14841118710999934
1555.0,0.14439706259824603
1556.0,0.14014104149367423
1557.0,0.1347613097799324
1558.0,0.12800810203572277
1559.0,0.1207583865893479
1560.0,0.11478098273540227
1561.0,0.1118519389159145
1562.0,0.11206519446288843
1563.0,0.11326516654548335
1564.0,0.11261232919128827
1565.0,0.10867155034873432
1566.0,0.10215762739514156
1567.0,0.09517418347677964
1568.0,0.08981565411755854
1569.0,0.08676483072510666
1570.0,0.0849891099264033
1571.0,0.08262871446025111
1572.0,0.07828709529759992
1573.0,0.07209274043510383
1574.0,0.06574290048682796
1575.0,0.061278424878062454
1576.0,0.05952291337893001
1577.0,0.059499336945649794
1578.0,0.05931314769545937
1579.0,0.057495473363059824
1580.0,0.05377362381875728
1581.0,0.04916395625224734
1582.0,0.045235474468494186
1583.0,0.04290887356937967
1584.0,0.04175557580808664
1585.0,0.040410032325670975
1586.0,0.03769466091971663
1587.0,0.0333818245965517
1588.0,0.028180657474210613
1589.0,0.023014988403238013
1590.0,0.018234704265656876
1591.0,0.01407697981936007
1592.0,0.0111733098982153
1593.0,0.009854836865611283
1594.0,0.009639818755005303
1595.0,0.009529819977118215
1596.0,0.008648308814843686
1597.0,0.0066139793858169815
1598.0,0.0037556905956374065
1599.0,0.0
