0.0,0.0
1.0,0.0
2.0,0.0
3.0,0.0
4.0,0.0
5.0,0.0
6.0,0.0
7.0,0.0
8.0,0.0
9.0,0.0
10.0,0.0
11.0,0.0
12.0,0.0
13.0,0.0
14.0,0.0
15.0,0.0
16.0,0.0
17.0,0.0
18.0,0.0
19.0,0.0
20.0,0.0
21.0,0.0
22.0,0.0
23.0,0.0
24.0,0.0
25.0,0.0
26.0,0.0
27.0,0.0
28.0,0.0
29.0,0.0
30.0,0.0
31.0,0.0
32.0,0.0
33.0,0.0
34.0,0.0
35.0,0.0
36.0,0.0
37.0,0.0
38.0,0.0
39.0,0.0
40.0,0.0
41.0,0.0
42.0,0.0
43.0,0.0
44.0,0.0
45.0,0.0
46.0,0.0
47.0,0.0
48.0,0.0
49.0,0.0
50.0,0.0
51.0,0.0
52.0,0.0
53.0,0.0
54.0,0.0
55.0,0.0
56.0,0.0
57.0,0.0
58.0,0.0
59.0,0.0
60.0,0.0
61.0,0.0
62.0,0.0
63.0,0.0
64.0,0.0
65.0,0.0
66.0,0.0
67.0,0.0
68.0,0.0
69.0,0.0
70.0,0.0
71.0,0.0
72.0,0.0
73.0,0.0
74.0,0.0
75.0,0.0
76.0,0.0
77.0,0.0
78.0,0.0
79.0,0.0
80.0,0.0
81.0,0.0
82.0,0.0
83.0,0.0
84.0,0.0
85.0,0.0
86.0,0.0
87.0,0.0
88.0,0.0
89.0,0.0
90.0,0.0
91.0,0.0
92.0,0.0
93.0,0.0
94.0,0.0
95.0,0.0
96.0,0.0
97.0,0.0
98.0,0.1471534974337449
99.0,0.1467962192391598
100.0,0.14522076478787455
101.0,0.1426036610702343
102.0,0.1382333244939003
103.0,0.1318980486526768
104.0,0.12433746577091981
105.0,0.11667595406276215
106.0,0.10914624337139328
107.0,0.10124570958973661
108.0,0.09296743835351845
109.0,0.08493011962033675
110.0,0.07768320261642697
111.0,0.07138888195594412
112.0,0.06590363987447861
113.0,0.06104871467726597
114.0,0.056881195437851806
115.0,0.053504157588133816
116.0,0.05080166653636592
117.0,0.048578795486613535
118.0,0.046769357564631575
119.0,0.0453877275181786
120.0,0.04442129396091382
121.0,0.04381005441945246
122.0,0.043450340648600705
123.0,0.04319423686144325
124.0,0.04287054769085946
125.0,0.04227350835111948
126.0,0.041295941365789235
127.0,0.04019628135956027
128.0,0.03953095134233192
129.0,0.03980209495300341
130.0,0.04111687822300153
131.0,0.04312532300964783
132.0,0.04526306728659496
133.0,0.04711712345139546
134.0,0.04858301239015822
135.0,0.04970514401213649
136.0,0.05059926858632863
137.0,0.05142355654396741
138.0,0.05231566104084612
139.0,0.05335347964611464
140.0,0.05442064795485674
141.0,0.05517418905269306
142.0,0.05521205323659112
143.0,0.0542966611659203
144.0,0.05256022317053394
145.0,0.05042259086372364
146.0,0.04807369019226687
147.0,0.04522351176903133
148.0,0.0417319058241889
149.0,0.03804149033472898
150.0,0.034795855354454897
151.0,0.03240105089282558
152.0,0.031030597699791607
153.0,0.03064370056855953
154.0,0.03089448189173144
155.0,0.03133082213097377
156.0,0.03174364086504983
157.0,0.03220641823684639
158.0,0.03274019851210713
159.0,0.033243106243535825
160.0,0.033707721741665864
161.0,0.0342103245320709
162.0,0.0347474815469106
163.0,0.03517676054662516
164.0,0.03527614658065964
165.0,0.03488555257557974
166.0,0.03401071263058947
167.0,0.03289697931462893
168.0,0.03195676158776667
169.0,0.03156252999043435
170.0,0.03186484671256046
171.0,0.03272415291574765
172.0,0.03383493670519905
173.0,0.034903503829397386
174.0,0.035802070089198834
175.0,0.03654774555358581
176.0,0.037218138082413976
177.0,0.03796462549803842
178.0,0.038945155915867724
179.0,0.040202575547000075
180.0,0.04160312361549262
181.0,0.04286653501849741
182.0,0.043703039216338724
183.0,0.043934525823684345
184.0,0.04359552859699162
185.0,0.04293287873984014
186.0,0.04227573604897389
187.0,0.04188445307939709
188.0,0.04182473448276697
189.0,0.04198053256356932
190.0,0.0421400535225504
191.0,0.042113803322520516
192.0,0.0418355052746206
193.0,0.041367256176642
194.0,0.04088667147146158
195.0,0.040613822851618575
196.0,0.040696610605062966
197.0,0.041143470034039786
198.0,0.04180870058691949
199.0,0.04247446845277297
200.0,0.04293452693291294
201.0,0.04307838171253636
202.0,0.04295473768257668
203.0,0.04272168840214158
204.0,0.04251505326526034
205.0,0.04235761338416849
206.0,0.042221041413411375
207.0,0.0420899600889027
208.0,0.041954251025335954
209.0,0.04180612506855291
210.0,0.04164142605719584
211.0,0.0414588484429535
212.0,0.04125763938134325
213.0,0.04104000419197246
214.0,0.04081680879589816
215.0,0.04059560947470159
216.0,0.04036557600108076
217.0,0.04007672449641059
218.0,0.0396355372551313
219.0,0.03900521067266466
220.0,0.03828955921273641
221.0,0.037606081371661826
222.0,0.036929115438963434
223.0,0.03619746612054048
224.0,0.035471690640328124
225.0,0.034907970395676
226.0,0.03465916639365313
227.0,0.034849589452884466
228.0,0.035540799504387544
229.0,0.036604713871434214
230.0,0.037734021541202034
231.0,0.038595604123679184
232.0,0.039022165050431046
233.0,0.03910594467835332
234.0,0.03911434725866153
235.0,0.03929834499458068
236.0,0.03973778224388519
237.0,0.04037049705914414
238.0,0.04105224394313495
239.0,0.04159742707795938
240.0,0.041874808597306135
241.0,0.0418675008016704
242.0,0.041677687209200565
243.0,0.04145898402715059
244.0,0.041409028057652286
245.0,0.04179167144121548
246.0,0.04265594172059023
247.0,0.04362279034987232
248.0,0.04427145354651091
249.0,0.044606922766537604
250.0,0.044821725833375015
251.0,0.0448651404114257
252.0,0.04442797306405649
253.0,0.04316159178000184
254.0,0.04098787378982144
255.0,0.03820331974945529
256.0,0.035227322355641355
257.0,0.03230050432524173
258.0,0.0294594982448379
259.0,0.02666831350072779
260.0,0.024017011281353418
261.0,0.02180335629401614
262.0,0.02043276653984355
263.0,0.020123758172400474
264.0,0.020597074030992257
265.0,0.0212393178931915
266.0,0.021622548175653733
267.0,0.021717027934748667
268.0,0.02164312012066011
269.0,0.021567900112320293
270.0,0.021736894072058754
271.0,0.022325392820769452
272.0,0.02329830180714637
273.0,0.024409782864588225
274.0,0.025344327210674533
275.0,0.025804460560843456
276.0,0.025564416029571324
277.0,0.024727372020853344
278.0,0.02378425233633158
279.0,0.023278996326935142
280.0,0.023435415207495647
281.0,0.024119107075521395
282.0,0.025025843021966254
283.0,0.02581287227489676
284.0,0.026266591238519432
285.0,0.02640089299188214
286.0,0.026411756853627566
287.0,0.026542714138508228
288.0,0.0269391731276854
289.0,0.02763919662334463
290.0,0.02858593891371336
291.0,0.02963989150025076
292.0,0.03064898113118736
293.0,0.03150975267172845
294.0,0.032219943484561864
295.0,0.032876306986287684
296.0,0.033583748855349815
297.0,0.0343486648819073
298.0,0.03514778468481411
299.0,0.0360758714820662
300.0,0.03715339244699806
301.0,0.038100058855117636
302.0,0.03870362990925841
303.0,0.03922778741195437
304.0,0.040256803469262914
305.0,0.04228574399347457
306.0,0.045563842349627015
307.0,0.050097851767904655
308.0,0.055576665986119045
309.0,0.06151024668069721
310.0,0.0675154794990605
311.0,0.0735147976917821
312.0,0.07961246234439595
313.0,0.08607137058656272
314.0,0.0937967874248376
315.0,0.1037400407723103
316.0,0.1151742482543257
317.0,0.1260746335448943
318.0,0.1356933674979372
319.0,0.14484470030527546
320.0,0.15361936190685438
321.0,0.16045330825717768
322.0,0.16301703115136595
323.0,0.15947450833381654
324.0,0.14919409976780268
325.0,0.13353890357867942
326.0,0.11568717957991798
327.0,0.09851930137387904
328.0,0.08261081441770596
329.0,0.06727526811095624
330.0,0.05280932269643873
331.0,0.04040539283253036
332.0,0.031081459357018948
333.0,0.024836381196021107
334.0,0.020591055792913704
335.0,0.01719267958961107
336.0,0.014330673268350413
337.0,0.012084098259653675
338.0,0.010372976817942525
339.0,0.00919887711495243
340.0,0.008738254430760095
341.0,0.009122445663007406
342.0,0.010214913518613422
343.0,0.011525962494369935
344.0,0.012422421252942295
345.0,0.012463288706663411
346.0,0.011648884310464569
347.0,0.010383511498598563
348.0,0.009193986489939354
349.0,0.008420071072349822
350.0,0.008082476987016751
351.0,0.008027866679916784
352.0,0.008126413854504355
353.0,0.008411035832691593
354.0,0.008966594189487698
355.0,0.009730062314893317
356.0,0.01050899025695079
357.0,0.011120645077402236
358.0,0.011477511244556038
359.0,0.011600820642091725
360.0,0.011612537101478415
361.0,0.011665390610892279
362.0,0.011870871463753485
363.0,0.01225492013674806
364.0,0.012767070677430825
365.0,0.01332829487948245
366.0,0.013845467945692802
367.0,0.014256557651880553
368.0,0.014595916056343639
369.0,0.014970797854410078
370.0,0.015450575974429837
371.0,0.01602508435518063
372.0,0.016684243542373023
373.0,0.01744104564304788
374.0,0.01827842841348809
375.0,0.019159808061841754
376.0,0.020082237618065435
377.0,0.02109997823520765
378.0,0.02230480145392927
379.0,0.02378301155609802
380.0,0.02558152764887195
381.0,0.027662180405314818
382.0,0.029901364663632857
383.0,0.03204174111405084
384.0,0.03372433101879252
385.0,0.03486682146579151
386.0,0.03588757944523019
387.0,0.03751859362483018
388.0,0.040349180964204534
389.0,0.0442661912128986
390.0,0.048495586669161594
391.0,0.05260952912240385
392.0,0.057006053377374466
393.0,0.06188154962681175
394.0,0.06653258573352111
395.0,0.06977786712233552
396.0,0.07062631762160493
397.0,0.06855260289801318
398.0,0.06380085568631993
399.0,0.05759147877966081
400.0,0.051395399222914306
401.0,0.04584485560120294
402.0,0.04068642967889885
403.0,0.0357804561237412
404.0,0.03135333646148203
405.0,0.027555380250164074
406.0,0.024339863374223503
407.0,0.02158873433503422
408.0,0.019260585108836825
409.0,0.017471834355885674
410.0,0.016314181360052638
411.0,0.01565698615384864
412.0,0.01524643677538512
413.0,0.014908196198369528
414.0,0.014584610472807957
415.0,0.014287273389901933
416.0,0.01407845819970227
417.0,0.014032728336768108
418.0,0.014240584704921233
419.0,0.014765969834459935
420.0,0.015521980054285234
421.0,0.01627338549305063
422.0,0.016781477664402134
423.0,0.016963446067324972
424.0,0.01694784033345137
425.0,0.01696640542758049
426.0,0.017156982260049636
427.0,0.017501557105961518
428.0,0.017958199994736856
429.0,0.018545664983027843
430.0,0.019335398973666595
431.0,0.02038315787260786
432.0,0.021654285875272572
433.0,0.02304909377772174
434.0,0.024490963743916183
435.0,0.025952591432713945
436.0,0.027429267707566984
437.0,0.028916835565122534
438.0,0.030399667797709473
439.0,0.03192972512707565
440.0,0.03364744769725908
441.0,0.03551321801033386
442.0,0.03717135954728895
443.0,0.03822808088108326
444.0,0.03855181366325228
445.0,0.038280888687005576
446.0,0.03764887371698672
447.0,0.036786510444044074
448.0,0.03565868395954769
449.0,0.0342811834373154
450.0,0.03277573163282804
451.0,0.03112382849385381
452.0,0.02917193300630211
453.0,0.026918027653451138
454.0,0.024616935091408665
455.0,0.022633125341816995
456.0,0.021249878517483778
457.0,0.020581453564343655
458.0,0.02050662898189809
459.0,0.020711816614756906
460.0,0.020905651981631357
461.0,0.021020223984747732
462.0,0.021121183382201092
463.0,0.021176696721964483
464.0,0.021056905761937583
465.0,0.02064927392718502
466.0,0.01996269897362063
467.0,0.019145002433644642
468.0,0.01839859407622274
469.0,0.01785705228568185
470.0,0.017520603840570026
471.0,0.017285830945494796
472.0,0.01704131939020853
473.0,0.016751012360846584
474.0,0.016423204426960603
475.0,0.01606202430356768
476.0,0.01565465076638156
477.0,0.015175896568386193
478.0,0.01461101730397002
479.0,0.013977386294071137
480.0,0.013332236081798732
481.0,0.012738065730452941
482.0,0.012209629813825174
483.0,0.011733242497692531
484.0,0.011338457637197596
485.0,0.011097847170513708
486.0,0.011072690769188098
487.0,0.01126208973773124
488.0,0.011593683071565497
489.0,0.012018269623362887
490.0,0.012601909040000803
491.0,0.01340014896798497
492.0,0.014311151048420234
493.0,0.015150592065475699
494.0,0.01579958962612743
495.0,0.016242756960819005
496.0,0.016531863080076092
497.0,0.01674783532617352
498.0,0.016950475600993498
499.0,0.017168425909573404
500.0,0.01740326211160559
501.0,0.0176282564691837
502.0,0.01780532984735278
503.0,0.017898977150223983
504.0,0.017912344138751868
505.0,0.0179340902960905
506.0,0.018099704779436787
507.0,0.01849098295500118
508.0,0.019104236303757016
509.0,0.019913634659827262
510.0,0.02092506862776139
511.0,0.02218997095727715
512.0,0.023738820979188613
513.0,0.02549405771467611
514.0,0.027392817722109553
515.0,0.02956166920948161
516.0,0.032121139862211934
517.0,0.034918834504348684
518.0,0.0376475877165065
519.0,0.04011123537721378
520.0,0.04223855216093547
521.0,0.0439936440713084
522.0,0.045434700465048106
523.0,0.04671675302457057
524.0,0.047977886716744744
525.0,0.04920328767174115
526.0,0.05010124077045852
527.0,0.05016477972704625
528.0,0.04881966971032814
529.0,0.0457797226932985
530.0,0.041513709035752744
531.0,0.037022284180244946
532.0,0.032994540239531134
533.0,0.02943866949560081
534.0,0.026180931116341455
535.0,0.023169719633151786
536.0,0.02036142040469313
537.0,0.017714525065622932
538.0,0.015238503615079724
539.0,0.013026154225384168
540.0,0.011247213319197424
541.0,0.010005293836809814
542.0,0.00920914430622588
543.0,0.008640105613174298
544.0,0.008125644588222514
545.0,0.007594041060675516
546.0,0.007034012298420822
547.0,0.006458374346770879
548.0,0.005863264441904825
549.0,0.005228563105367734
550.0,0.004537969421082699
551.0,0.0038154279268620694
552.0,0.003119409265047224
553.0,0.002449831904589972
554.0,0.0017344070498712671
555.0,0.0009805058351153861
556.0,0.0003392144172684186
557.0,0.0
558.0,4.984041947192486e-05
559.0,0.0003986385069871812
560.0,0.0008541354067120865
561.0,0.0013012036175145125
562.0,0.0017555643964420886
563.0,0.002241995742988223
564.0,0.0027439449405998184
565.0,0.003243400694890375
566.0,0.003733006551131124
567.0,0.004205714524411375
568.0,0.004676238301974722
569.0,0.005201454412735562
570.0,0.00583283132350898
571.0,0.006560715261050343
572.0,0.007285744686849449
573.0,0.00784992223881642
574.0,0.00810557299592507
575.0,0.007985349719680568
576.0,0.0075980619932420335
577.0,0.007196465725789969
578.0,0.0069765181064443405
579.0,0.0069421364710350875
580.0,0.007029723687163425
581.0,0.007263694212062077
582.0,0.007790001562815729
583.0,0.008760591181588562
584.0,0.010082612458699902
585.0,0.011420529041862137
586.0,0.0125014490754492
587.0,0.01328767883252946
588.0,0.01385513045572423
589.0,0.014262605427541375
590.0,0.014499363452480707
591.0,0.014524974201554741
592.0,0.014374332423179481
593.0,0.014144405809267846
594.0,0.013897772470251868
595.0,0.013647850025805541
596.0,0.013406053787550276
597.0,0.013187149828687794
598.0,0.012997427294206387
599.0,0.012832138487041178
600.0,0.012683199894358066
601.0,0.012581277653361866
602.0,0.012616782653638747
603.0,0.012934255871889733
604.0,0.01365866937569521
605.0,0.014679435559196707
606.0,0.015612465726593194
607.0,0.016026635333316164
608.0,0.015737485324836264
609.0,0.014971814009968942
610.0,0.014259372823950511
611.0,0.014175057312914296
612.0,0.014986822211974782
613.0,0.016468973435691148
614.0,0.018050228148733916
615.0,0.019170347041481628
616.0,0.01960525530596885
617.0,0.019485317862726836
618.0,0.019151174710119123
619.0,0.0189344526337894
620.0,0.018972857278419963
621.0,0.019206507228844594
622.0,0.019420957854587806
623.0,0.019354216433107363
624.0,0.018856352868496906
625.0,0.01796585113632071
626.0,0.016865692353128903
627.0,0.01574465092798344
628.0,0.01470499534182751
629.0,0.013752666737757657
630.0,0.012920200565516904
631.0,0.012357337161604143
632.0,0.012226600823609268
633.0,0.012573159786349652
634.0,0.013259575827253622
635.0,0.014044051963067017
636.0,0.014770465787866394
637.0,0.015450601101693107
638.0,0.016115505254574336
639.0,0.016696238341293856
640.0,0.017040457920357133
641.0,0.01703653197898708
642.0,0.016768156107398013
643.0,0.01649688888876094
644.0,0.016492731511301595
645.0,0.016863186140405217
646.0,0.017515831210618782
647.0,0.01822092409670345
648.0,0.01874092686790002
649.0,0.01899017156036409
650.0,0.019087428837123943
651.0,0.0192118450772501
652.0,0.019406657309748665
653.0,0.019651170838506093
654.0,0.02001786877309908
655.0,0.020657717731337177
656.0,0.021714398812974267
657.0,0.023283434508139855
658.0,0.025404141796905422
659.0,0.02806108376886235
660.0,0.03121657970342212
661.0,0.03482746010709209
662.0,0.0388940626317158
663.0,0.04356814542355242
664.0,0.049065034132145635
665.0,0.05531019473838267
666.0,0.062086038262028465
667.0,0.06977322047017392
668.0,0.0792925467675305
669.0,0.091201209785084
670.0,0.10539029128477706
671.0,0.12157415679501299
672.0,0.13995062368243666
673.0,0.16163162345167542
674.0,0.18719364594825744
675.0,0.2147984379970445
676.0,0.24292187430252205
677.0,0.27414804292762146
678.0,0.3107837047625735
679.0,0.34907486244020386
680.0,0.3827660095440873
681.0,0.40936688790848935
682.0,0.4294920693580629
683.0,0.443279322450758
684.0,0.4479261634920138
685.0,0.438121278930141
686.0,0.4116591041285825
687.0,0.37268664728610174
688.0,0.32857702732623756
689.0,0.2850636686374555
690.0,0.2446963408140012
691.0,0.2074870768573875
692.0,0.173406993291001
693.0,0.14381679712315698
694.0,0.12001646224003631
695.0,0.10198355229351447
696.0,0.08812466633233768
697.0,0.07644205126587994
698.0,0.06629378614697623
699.0,0.05817598686761333
700.0,0.0518217450164945
701.0,0.046296333900846365
702.0,0.04144696432072825
703.0,0.03764626735437909
704.0,0.03467409259874055
705.0,0.03196782371819934
706.0,0.029411789122105514
707.0,0.027181501372016637
708.0,0.025254635217588584
709.0,0.02345193243359195
710.0,0.021648585869158243
711.0,0.019833704346210734
712.0,0.018097567469666342
713.0,0.016667263185901005
714.0,0.01581021963995194
715.0,0.015572787495639007
716.0,0.015672346311142005
717.0,0.01562736504938045
718.0,0.015055500814558309
719.0,0.013917996021660162
720.0,0.01252939922010865
721.0,0.01132435595602288
722.0,0.010580356536421698
723.0,0.010335815846750918
724.0,0.010452693558717863
725.0,0.010792087136361095
726.0,0.011310310233673793
727.0,0.012019949727596069
728.0,0.012845824534748529
729.0,0.013499985278506765
730.0,0.013606005032628266
731.0,0.012921955095417992
732.0,0.011590388273764685
733.0,0.010150730335591607
734.0,0.009202251731253386
735.0,0.009019663060758243
736.0,0.009439262417974104
737.0,0.010059882435100531
738.0,0.010531530229892616
739.0,0.010776689463463107
740.0,0.010901696764908209
741.0,0.011010319257787782
742.0,0.011191564679061572
743.0,0.011499342406257329
744.0,0.011899958731225957
745.0,0.012284413690369311
746.0,0.012535339355857822
747.0,0.012604252905927482
748.0,0.012543478228150662
749.0,0.012432921381587803
750.0,0.012238025101240335
751.0,0.011861889395493985
752.0,0.01135022441119754
753.0,0.010931286910471294
754.0,0.010887029648109614
755.0,0.01135548374924017
756.0,0.012223918477961782
757.0,0.013242509872149255
758.0,0.014250392864626482
759.0,0.01520949033502944
760.0,0.016104661150006694
761.0,0.016934120777411465
762.0,0.01771586996532981
763.0,0.018462646919247927
764.0,0.019157950782792532
765.0,0.019744331422340555
766.0,0.020143737353840507
767.0,0.020309989596077827
768.0,0.02025331182950124
769.0,0.019998426670236935
770.0,0.0195416995212781
771.0,0.018852266717659327
772.0,0.017923227416910603
773.0,0.01686996714781519
774.0,0.015894934507253322
775.0,0.01511972423681146
776.0,0.014521848463346476
777.0,0.014038333000709058
778.0,0.013646743353415813
779.0,0.013369568179560642
780.0,0.013218693049517005
781.0,0.013120199791222587
782.0,0.012956363595272302
783.0,0.012670397722919557
784.0,0.012280970037046923
785.0,0.011822307303897939
786.0,0.011256290480167075
787.0,0.01043666564104534
788.0,0.009309907874805734
789.0,0.008081017249972122
790.0,0.0071003896568371805
791.0,0.006627685897845514
792.0,0.006643864548387668
793.0,0.006882604119179403
794.0,0.00715106054066067
795.0,0.007531653197077937
796.0,0.008109838228842203
797.0,0.008723459693994962
798.0,0.008977322807495691
799.0,0.008497243236731733
800.0,0.0072880862519605905
801.0,0.005819324501465328
802.0,0.004782431563348732
803.0,0.00465238151676961
804.0,0.005407013848350628
805.0,0.006550888274600208
806.0,0.007428464670947321
807.0,0.007626412946180328
808.0,0.007141987023314866
809.0,0.006326986656355615
810.0,0.005615297470146385
811.0,0.00527471440646321
812.0,0.005335237997277031
813.0,0.005618429478574216
814.0,0.0058919778311232185
815.0,0.0059984920768783034
816.0,0.005914169529064872
817.0,0.005795278724178787
818.0,0.005907003845183223
819.0,0.0064711895606241465
820.0,0.0075210387928436595
821.0,0.008780497638814666
822.0,0.00977075665377003
823.0,0.0100872829426083
824.0,0.009647944807222142
825.0,0.008742550253883541
826.0,0.007820733690853732
827.0,0.0071887282842149625
828.0,0.006854148681219585
829.0,0.0066878259293554065
830.0,0.006588882600502
831.0,0.006507906557539411
832.0,0.006446057097694025
833.0,0.0064104867026062995
834.0,0.006429039302872669
835.0,0.006606079300708806
836.0,0.007013576991052151
837.0,0.007545617481073297
838.0,0.007997719129703096
839.0,0.00825479375631566
840.0,0.008336559310267277
841.0,0.008321136178240873
842.0,0.008311340957720681
843.0,0.008402155456825044
844.0,0.008616594203295969
845.0,0.008878870003865558
846.0,0.008982173350977701
847.0,0.008675559212739242
848.0,0.007938778388360018
849.0,0.0070855587545618215
850.0,0.006564979377756824
851.0,0.006659838728252154
852.0,0.007327125383964156
853.0,0.008259463800146277
854.0,0.009114791954389079
855.0,0.009730768535490764
856.0,0.010113581195889398
857.0,0.01038267510172497
858.0,0.010727424729604612
859.0,0.011273335374143684
860.0,0.01197272443086897
861.0,0.01265085035818675
862.0,0.01316667379683309
863.0,0.013485697146024711
864.0,0.01363627888847091
865.0,0.013594981901144942
866.0,0.013197171841166616
867.0,0.012305825970801931
868.0,0.011009872227529943
869.0,0.009625762676778171
870.0,0.008528574356943763
871.0,0.007939649390693138
872.0,0.007824776166667435
873.0,0.007965881837705302
874.0,0.008148670665523328
875.0,0.008262079479804757
876.0,0.00831921094536156
877.0,0.008387809921868467
878.0,0.008503423698025592
879.0,0.008667608616545891
880.0,0.008880857083952087
881.0,0.009200132563300212
882.0,0.00973077352493329
883.0,0.010550840267807615
884.0,0.01163856530813387
885.0,0.012851218563422473
886.0,0.014018065215395226
887.0,0.015078577196989074
888.0,0.016059560283922247
889.0,0.01692368349460366
890.0,0.017555011758158157
891.0,0.017848366405604
892.0,0.017840425498941853
893.0,0.017761368224818108
894.0,0.017880786593880038
895.0,0.018310267222764576
896.0,0.018974124290983885
897.0,0.01972168460661211
898.0,0.02039172438800857
899.0,0.02087931983537472
900.0,0.02126090490837293
901.0,0.021791499644821688
902.0,0.02273884965479342
903.0,0.024205791205615945
904.0,0.026082003867840597
905.0,0.028165722165952672
906.0,0.03040736565274832
907.0,0.032918533976937475
908.0,0.03559922906998275
909.0,0.03805307791749693
910.0,0.03991803623217707
911.0,0.04110953810398013
912.0,0.04177713528500224
913.0,0.04217097711696055
914.0,0.04251475881846234
915.0,0.042877728847847824
916.0,0.043165731010458924
917.0,0.04314556464248259
918.0,0.042510306501877176
919.0,0.04115188469585712
920.0,0.03934675490415246
921.0,0.0375214136523091
922.0,0.03587797079993188
923.0,0.03438376717892713
924.0,0.032968532110814464
925.0,0.03157493825666077
926.0,0.030171919394204105
927.0,0.028776842495669253
928.0,0.027428609614684574
929.0,0.02606029634791515
930.0,0.024494640745526514
931.0,0.0226948261883968
932.0,0.020899877414053053
933.0,0.01951132338460479
934.0,0.018824787637930634
935.0,0.018786412420162157
936.0,0.01901733599218708
937.0,0.019099315441649084
938.0,0.018841527986291906
939.0,0.018296528329731804
940.0,0.017677762755469395
941.0,0.01723208405118956
942.0,0.017083524290988805
943.0,0.01718163145874843
944.0,0.017355363733758233
945.0,0.017441206255663866
946.0,0.01736968008912032
947.0,0.017161394021788706
948.0,0.01693204779394336
949.0,0.016852121670912157
950.0,0.01702326917206759
951.0,0.017390056428800926
952.0,0.01767583645853818
953.0,0.01748565219114015
954.0,0.016643946313581015
955.0,0.0153961044906471
956.0,0.014326203577441632
957.0,0.014007285481243859
958.0,0.014612880269408518
959.0,0.015806094799386994
960.0,0.01699453779319579
961.0,0.017735857171821606
962.0,0.01792683404612533
963.0,0.01777583948244585
964.0,0.01757108102801061
965.0,0.017470733519619475
966.0,0.01750733876439775
967.0,0.01763764126996223
968.0,0.017817991434392833
969.0,0.018039740188709602
970.0,0.018302132804891486
971.0,0.018596690442751113
972.0,0.018904161769414618
973.0,0.019207453384526146
974.0,0.019506850698733952
975.0,0.019828979508345
976.0,0.02021898511820544
977.0,0.0207194468147891
978.0,0.0213468224295999
979.0,0.022026492199965275
980.0,0.022594772191240897
981.0,0.02293804356179896
982.0,0.023114714582115475
983.0,0.02339913727815479
984.0,0.024152793068166978
985.0,0.02557937335146962
986.0,0.02759130873770843
987.0,0.029902967894696098
988.0,0.032242171298893924
989.0,0.03448931098136518
990.0,0.03669082295667059
991.0,0.03891031550072557
992.0,0.04114008624987253
993.0,0.043347362728775096
994.0,0.04558516337046631
995.0,0.04809815521729233
996.0,0.051178672128595004
997.0,0.0549204228406609
998.0,0.059111206686894624
999.0,0.06334217775032513
1000.0,0.06724898987907924
1001.0,0.07070443742538582
1002.0,0.073817773999204
1003.0,0.0767585665791064
1004.0,0.07964648784770884
1005.0,0.08249488549119327
1006.0,0.08507429814275658
1007.0,0.08694551502313264
1008.0,0.0877844035536614
1009.0,0.0876015765510102
1010.0,0.08652255753342997
1011.0,0.08454226012768981
1012.0,0.08161326762528351
1013.0,0.07779685542466369
1014.0,0.07340303752164312
1015.0,0.06888635783995503
1016.0,0.06450113533952553
1017.0,0.06024297941372023
1018.0,0.05621661618514445
1019.0,0.052706581677167186
1020.0,0.04986090573164159
1021.0,0.04761145187549948
1022.0,0.045870602611660705
1023.0,0.044623488371487885
1024.0,0.04388908469208169
1025.0,0.043601534502289624
1026.0,0.04351320810397105
1027.0,0.04335046024053385
1028.0,0.04303407392227179
1029.0,0.04267133686854985
1030.0,0.04239080375983417
1031.0,0.04226914102613269
1032.0,0.04232385028157726
1033.0,0.04255075996779542
1034.0,0.04297220237743371
1035.0,0.04362076216695207
1036.0,0.044511198517809214
1037.0,0.045630761073227444
1038.0,0.04695206377679639
1039.0,0.04846225891180328
1040.0,0.05018670724525934
1041.0,0.05219445594122343
1042.0,0.054571760907442146
1043.0,0.05738111101871751
1044.0,0.06065914150452559
1045.0,0.06446960053111708
1046.0,0.06891051869465595
1047.0,0.07406419464961694
1048.0,0.07999590438689774
1049.0,0.08680258781380995
1050.0,0.09457441581173881
1051.0,0.10329899551363134
1052.0,0.1131300657533083
1053.0,0.12470552114856792
1054.0,0.13867798546476495
1055.0,0.15506821715118474
1056.0,0.17340448725883828
1057.0,0.19329430882024495
1058.0,0.21441757138636902
1059.0,0.2363514964421825
1060.0,0.25864032278640553
1061.0,0.2808984830132709
1062.0,0.3028246912437262
1063.0,0.3239820366966143
1064.0,0.3428599487781606
1065.0,0.35699601135491793
1066.0,0.3649427887278877
1067.0,0.36710768208092875
1068.0,0.363994682535371
1069.0,0.35519408147127723
1070.0,0.3406364505906686
1071.0,0.3214041961350789
1072.0,0.2994882962688863
1073.0,0.27685285157148337
1074.0,0.2544829666901971
1075.0,0.23253558701812305
1076.0,0.21153788035473753
1077.0,0.19238184486915239
1078.0,0.17537297470055024
1079.0,0.16017595690049463
1080.0,0.14645136759042765
1081.0,0.13404838006969597
1082.0,0.1228666273269238
1083.0,0.11285786298506476
1084.0,0.10403428098312961
1085.0,0.09637943333326293
1086.0,0.08977223380537425
1087.0,0.0840027581248097
1088.0,0.07885385412817264
1089.0,0.07418115473822534
1090.0,0.06993101861013323
1091.0,0.06604579758112405
1092.0,0.062403093092407574
1093.0,0.058913707440552354
1094.0,0.055603089699819946
1095.0,0.05262102490765175
1096.0,0.05013608784482418
1097.0,0.048175881949774874
1098.0,0.046589612269118064
1099.0,0.04517666439456941
1100.0,0.043810035049533624
1101.0,0.04245133147246494
1102.0,0.041109680184113484
1103.0,0.039763876949897414
1104.0,0.03837288577756939
1105.0,0.0369518340114095
1106.0,0.0355656132005982
1107.0,0.03426648741080557
1108.0,0.03307233182855873
1109.0,0.03198319683193579
1110.0,0.031020445224816423
1111.0,0.03025100811734724
1112.0,0.029713956640975703
1113.0,0.02935547176041431
1114.0,0.02906847542027713
1115.0,0.028772739670180875
1116.0,0.02844773700904632
1117.0,0.028120361524696227
1118.0,0.027820927057018607
1119.0,0.027549417258494455
1120.0,0.027309904866250886
1121.0,0.02712870929897135
1122.0,0.027018368298552115
1123.0,0.026966095590636077
1124.0,0.02696635079488846
1125.0,0.02705130724183162
1126.0,0.027304656625327967
1127.0,0.02779450461633666
1128.0,0.028463178026786773
1129.0,0.029189590950409752
1130.0,0.029978163104412647
1131.0,0.030900071925339986
1132.0,0.03187500928461148
1133.0,0.03267257373119012
1134.0,0.03307470029581874
1135.0,0.033025127778834734
1136.0,0.03265880038920162
1137.0,0.03211449688624868
1138.0,0.03133414424425439
1139.0,0.03025798460462134
1140.0,0.02906833713936939
1141.0,0.02812753122621288
1142.0,0.027751580033904433
1143.0,0.02793846017791929
1144.0,0.028325201058644334
1145.0,0.028443625495393365
1146.0,0.02804680591600435
1147.0,0.027220467393269
1148.0,0.026263285810689235
1149.0,0.025433983391469614
1150.0,0.02478256721987733
1151.0,0.024262887283981627
1152.0,0.023856053074704203
1153.0,0.023595764844435096
1154.0,0.023520130988444687
1155.0,0.023570319034411147
1156.0,0.023595475422167805
1157.0,0.023448973210879853
1158.0,0.023105028569182867
1159.0,0.022701187493066155
1160.0,0.02245688474292791
1161.0,0.02253666898460864
1162.0,0.0229278647807432
1163.0,0.023439933442548827
1164.0,0.023843913120563373
1165.0,0.02403626093563946
1166.0,0.024062115038058662
1167.0,0.0240242761114242
1168.0,0.024022463357576226
1169.0,0.0241021615837079
1170.0,0.02421183864900918
1171.0,0.024225070242209018
1172.0,0.023992710178278837
1173.0,0.02345282125178659
1174.0,0.022810841890502906
1175.0,0.022484584703234597
1176.0,0.02279764263251413
1177.0,0.023733283838786118
1178.0,0.024940541120941503
1179.0,0.025981986711442112
1180.0,0.02663645841414601
1181.0,0.026963822044491464
1182.0,0.027045544720280035
1183.0,0.026869677042936954
1184.0,0.02642424629394119
1185.0,0.02580191866415571
1186.0,0.025252573934612207
1187.0,0.02502891101785093
1188.0,0.02518559108773273
1189.0,0.025565749801181897
1190.0,0.025955912183496355
1191.0,0.026217220470709457
1192.0,0.02633806842221874
1193.0,0.02640405918887681
1194.0,0.02650309905729016
1195.0,0.026673776766600432
1196.0,0.026895202472145316
1197.0,0.027102263263807297
1198.0,0.027231667268543036
1199.0,0.02726729201520328
1200.0,0.027242822676805167
1201.0,0.027174963089542314
1202.0,0.02703467021525982
1203.0,0.026816322397843012
1204.0,0.026586946324024086
1205.0,0.026481050076434406
1206.0,0.026617960470384228
1207.0,0.026995712515167858
1208.0,0.027473784268347554
1209.0,0.027853267194898723
1210.0,0.028014322165838698
1211.0,0.02799679474147093
1212.0,0.027999740419439312
1213.0,0.028297001767569274
1214.0,0.029020469179378533
1215.0,0.030013964611324953
1216.0,0.030931807156100014
1217.0,0.03148241847107919
1218.0,0.03161221883488513
1219.0,0.031506809929625845
1220.0,0.03144380463595095
1221.0,0.03159151725389685
1222.0,0.03193225367741469
1223.0,0.032324112498406374
1224.0,0.03261833925881699
1225.0,0.03276654120322224
1226.0,0.03279506021906531
1227.0,0.03273821448134205
1228.0,0.03262196876140694
1229.0,0.03245373241604102
1230.0,0.03222943880016221
1231.0,0.03193080737121193
1232.0,0.03148952904998767
1233.0,0.030850338376580758
1234.0,0.030114476649172106
1235.0,0.029509405196664604
1236.0,0.029209238444033045
1237.0,0.029199634979284517
1238.0,0.029287703913013968
1239.0,0.02923851673417327
1240.0,0.02893184290745887
1241.0,0.02844007739558052
1242.0,0.027964390120596247
1243.0,0.027688525305872014
1244.0,0.02765633161167677
1245.0,0.027786759864636065
1246.0,0.027988094221653048
1247.0,0.028207997641184895
1248.0,0.028434244918511792
1249.0,0.02863712570458876
1250.0,0.028731868078091444
1251.0,0.028664001577958564
1252.0,0.028471522939425856
1253.0,0.028229992971319423
1254.0,0.0279827169155068
1255.0,0.027744507813103073
1256.0,0.027531249643849204
1257.0,0.02740439615252395
1258.0,0.027447467367992168
1259.0,0.02766205644711034
1260.0,0.027945925713687786
1261.0,0.02817828436055199
1262.0,0.02829829869027381
1263.0,0.02831301818992643
1264.0,0.028266355320145042
1265.0,0.028186911267784498
1266.0,0.02807805249511408
1267.0,0.027953425141290983
1268.0,0.027811249590846035
1269.0,0.02759019955059505
1270.0,0.027253343490765636
1271.0,0.026885819333472463
1272.0,0.02666751640399012
1273.0,0.026765801089329647
1274.0,0.02718227586150511
1275.0,0.0277112955005121
1276.0,0.02807930945115117
1277.0,0.028137694596321094
1278.0,0.027958369112240505
1279.0,0.027773751889821535
1280.0,0.02782844448442881
1281.0,0.028211619502813062
1282.0,0.02878053303287592
1283.0,0.02925464732687902
1284.0,0.029409896386300233
1285.0,0.029230784761700906
1286.0,0.02889123981617643
1287.0,0.0286139431239487
1288.0,0.02852299920090011
1289.0,0.028587125897735495
1290.0,0.028710863133358355
1291.0,0.028823669958805885
1292.0,0.02890595374403567
1293.0,0.028966570069194175
1294.0,0.028984441315212058
1295.0,0.028925014968747255
1296.0,0.028794515339582015
1297.0,0.02865567017302429
1298.0,0.028600586225076358
1299.0,0.028678292698968405
1300.0,0.028850644219742656
1301.0,0.02908260440031684
1302.0,0.02943268285497201
1303.0,0.029949392388138908
1304.0,0.030550721545079353
1305.0,0.030965309743465466
1306.0,0.030850665565621258
1307.0,0.030139790587028342
1308.0,0.029176608984560343
1309.0,0.028474776921463704
1310.0,0.028356483741134426
1311.0,0.028775116985177193
1312.0,0.029386582226650602
1313.0,0.029806705207604874
1314.0,0.029874349626797296
1315.0,0.02968344505241715
1316.0,0.029505527037303393
1317.0,0.029679023876213247
1318.0,0.030346617829383665
1319.0,0.03126381613607512
1320.0,0.031951933452002014
1321.0,0.03204843266755848
1322.0,0.03157412243499637
1323.0,0.030914231875067727
1324.0,0.030521981614629767
1325.0,0.030579865695331207
1326.0,0.03095360225184598
1327.0,0.03140283382365891
1328.0,0.03175200805083999
1329.0,0.03197882002099388
1330.0,0.032130755593772355
1331.0,0.032199238845588174
1332.0,0.032154902882714304
1333.0,0.03201243524846927
1334.0,0.03187299370796942
1335.0,0.031885338703528575
1336.0,0.03211522368921343
1337.0,0.03248202901408669
1338.0,0.03282764727366609
1339.0,0.0330321682859985
1340.0,0.033076849953658775
1341.0,0.03303183136157539
1342.0,0.03296945425969743
1343.0,0.032911682328189036
1344.0,0.032861154684170696
1345.0,0.032811489934653555
1346.0,0.032735018294538364
1347.0,0.03261245831188246
1348.0,0.03247101645845989
1349.0,0.032382130970529416
1350.0,0.03242614464500342
1351.0,0.03262097279623639
1352.0,0.032885891801257866
1353.0,0.033114468796427966
1354.0,0.033272106588045004
1355.0,0.03337307253988968
1356.0,0.0334110132564506
1357.0,0.03334545120397754
1358.0,0.033129783634727294
1359.0,0.03280798510156155
1360.0,0.03253699384336811
1361.0,0.032462563712206835
1362.0,0.03260137972360287
1363.0,0.03283173952339452
1364.0,0.03298368967354958
1365.0,0.03295223400239013
1366.0,0.03277711175341132
1367.0,0.032636494705687843
1368.0,0.032719885301690614
1369.0,0.033072062216501545
1370.0,0.03356955169158226
1371.0,0.03405633902086429
1372.0,0.034451062723923453
1373.0,0.03475401543084559
1374.0,0.03495612974993499
1375.0,0.03491623542803785
1376.0,0.034512076693175735
1377.0,0.03386922486989886
1378.0,0.033292245757854055
1379.0,0.03302711839017012
1380.0,0.03311242863429626
1381.0,0.033397856023097174
1382.0,0.033726953314639124
1383.0,0.034107850776667774
1384.0,0.03455851936752825
1385.0,0.0349353857205903
1386.0,0.0350210036741322
1387.0,0.03469268181207069
1388.0,0.03407143940880834
1389.0,0.0334771799757274
1390.0,0.0331754572897016
1391.0,0.033193598843662325
1392.0,0.03340610183762423
1393.0,0.03368387566585104
1394.0,0.03395975027886998
1395.0,0.034232474503191106
1396.0,0.0344827909227802
1397.0,0.034657823422163656
1398.0,0.03474189076716949
1399.0,0.034765633794249434
1400.0,0.03475381495727346
1401.0,0.034711963347386035
1402.0,0.03464951759179255
1403.0,0.034595521917631655
1404.0,0.03459982064207323
1405.0,0.034695075335060305
1406.0,0.0348623201457037
1407.0,0.03503530073063032
1408.0,0.03513927077123821
1409.0,0.03514898593568297
1410.0,0.03511356003657258
1411.0,0.03513501957908163
1412.0,0.03530465547029866
1413.0,0.035616644686712655
1414.0,0.03595939695415648
1415.0,0.036232037393674074
1416.0,0.036430912992435796
1417.0,0.03657882245058274
1418.0,0.036661535782837124
1419.0,0.036658948139004006
1420.0,0.03657187727879088
1421.0,0.03642040576461002
1422.0,0.03622589493842949
1423.0,0.03597867374497224
1424.0,0.03569964595983859
1425.0,0.03556781672763893
1426.0,0.03580746515812387
1427.0,0.03644337884088595
1428.0,0.03726555329564997
1429.0,0.038003592017947146
1430.0,0.0384916287488517
1431.0,0.03872329533200653
1432.0,0.038805520040413315
1433.0,0.03883646517189699
1434.0,0.038853296107956424
1435.0,0.03884169492463411
1436.0,0.03868050481789698
1437.0,0.03816099755939108
1438.0,0.037254847415056774
1439.0,0.036250852156845634
1440.0,0.03548416541470702
1441.0,0.03505559976844315
1442.0,0.03490768422886213
1443.0,0.03500211120442959
1444.0,0.03542894481742091
1445.0,0.03631722766623806
1446.0,0.037460405264315697
1447.0,0.03832488962193608
1448.0,0.03854117787418578
1449.0,0.03818638451176585
1450.0,0.037604443994431004
1451.0,0.03711608578532284
1452.0,0.036838895064810355
1453.0,0.03669962699845926
1454.0,0.03664711787212933
1455.0,0.03670382809121838
1456.0,0.036865469188387415
1457.0,0.037034789630498735
1458.0,0.03702095019507106
1459.0,0.036710155351544704
1460.0,0.036217483742173436
1461.0,0.03584443997024063
1462.0,0.035893036235630074
1463.0,0.036408660396036956
1464.0,0.03710001363280155
1465.0,0.037537617911622134
1466.0,0.03745925005004442
1467.0,0.0369555885116419
1468.0,0.03640007084962933
1469.0,0.036177310598041905
1470.0,0.03640747662893038
1471.0,0.03690249340401252
1472.0,0.03733292891479448
1473.0,0.037454003523501166
1474.0,0.037283144203772524
1475.0,0.037091981941166294
1476.0,0.03720173771043571
1477.0,0.03774945402800603
1478.0,0.03853952081316196
1479.0,0.03908337567769886
1480.0,0.03895558263314686
1481.0,0.03817012595320886
1482.0,0.03717998709138887
1483.0,0.03652436737201886
1484.0,0.03645529063540721
1485.0,0.03680853339139005
1486.0,0.03722276991901011
1487.0,0.03751218597500699
1488.0,0.03768859105927237
1489.0,0.037777323160037596
1490.0,0.037764979457280475
1491.0,0.03761115596319818
1492.0,0.037336502159333616
1493.0,0.03706590971995779
1494.0,0.036933660387389045
1495.0,0.03697680415725214
1496.0,0.03710972330084559
1497.0,0.03718943689436485
1498.0,0.037123191938579145
1499.0,0.03693470548267661
1500.0,0.036725949381088877
1501.0,0.036591988064635976
1502.0,0.03656197402479758
1503.0,0.036597461133089926
1504.0,0.03666073490937818
1505.0,0.036745541786854866
1506.0,0.03684236224604891
1507.0,0.03692455566477573
1508.0,0.036958438519075446
1509.0,0.03692677657218215
1510.0,0.03684674809234367
1511.0,0.03674902018761219
1512.0,0.0366404067102985
1513.0,0.036514410765643865
1514.0,0.03638290745428051
1515.0,0.03625897436793299
1516.0,0.036131508936942204
1517.0,0.036006056396271295
1518.0,0.03593826390930761
1519.0,0.035980969121840116
1520.0,0.03613048683760613
1521.0,0.036342895052248754
1522.0,0.03657533521975644
1523.0,0.03679766469717959
1524.0,0.036992691361532916
1525.0,0.03714141644569153
1526.0,0.03722108299139051
1527.0,0.03723640972455982
1528.0,0.03720607108536737
1529.0,0.037088913308899525
1530.0,0.03681380994233126
1531.0,0.03641159433186034
1532.0,0.03603744640769875
1533.0,0.035873852086283325
1534.0,0.03599294472723065
1535.0,0.0362841457923036
1536.0,0.036546396373048594
1537.0,0.036663606115277185
1538.0,0.03666696298444589
1539.0,0.03666071057373777
1540.0,0.03673914893469228
1541.0,0.03693014046348283
1542.0,0.0371810285497811
1543.0,0.03740242312809331
1544.0,0.03753355330561779
1545.0,0.03758425806033837
1546.0,0.03762207555635244
1547.0,0.03771711895893863
1548.0,0.03788780125093569
1549.0,0.03809043747710575
1550.0,0.03828367111147805
1551.0,0.038472146263223025
1552.0,0.038651259053193845
1553.0,0.03877108697665318
1554.0,0.038761856142144224
1555.0,0.038584505596847375
1556.0,0.03827890549056815
1557.0,0.03792883827709095
1558.0,0.03755117377046156
1559.0,0.037125602938128416
1560.0,0.036758048310039364
1561.0,0.036633958439758335
1562.0,0.03682342813664514
1563.0,0.03720853694196383
1564.0,0.03756782800311359
1565.0,0.037731882852510806
1566.0,0.0376948584511772
1567.0,0.0375442830409362
1568.0,0.037301416284042696
1569.0,0.03695841920448985
1570.0,0.03657556591100308
1571.0,0.03623667098308741
1572.0,0.03597532016853836
1573.0,0.03579070349456978
1574.0,0.03568965426273311
1575.0,0.03568822844460741
1576.0,0.03579993941998818
1577.0,0.036010695680723515
1578.0,0.036281533087225065
1579.0,0.03660470228965248
1580.0,0.036989024380885444
1581.0,0.03731350944114996
1582.0,0.03735488258763422
1583.0,0.037018509524452764
1584.0,0.03645966677475272
1585.0,0.03600723136413441
1586.0,0.035930572321051124
1587.0,0.03622267253929676
1588.0,0.036667090778693366
1589.0,0.037138167329176484
1590.0,0.03763918521132273
1591.0,0.03811247019311513
1592.0,0.03841868157304656
1593.0,0.03842921500824357
1594.0,0.03814116078082304
1595.0,0.03771385724571226
1596.0,0.03734008775123806
1597.0,0.03708110589843008
1598.0,0.03691789980181777
1599.0,0.0
