0.0,0.0
1.0,0.0
2.0,0.0
3.0,0.0
4.0,0.0
5.0,0.0
6.0,0.0
7.0,0.0
8.0,0.0
9.0,0.0
10.0,0.0
11.0,0.0
12.0,0.0
13.0,0.0
14.0,0.0
15.0,0.0
16.0,0.0
17.0,0.0
18.0,0.0
19.0,0.0
20.0,0.0
21.0,0.0
22.0,0.0
23.0,0.0
24.0,0.0
25.0,0.0
26.0,0.0
27.0,0.0
28.0,0.0
29.0,0.0
30.0,0.0
31.0,0.0
32.0,0.0
33.0,0.0
34.0,0.0
35.0,0.0
36.0,0.0
37.0,0.0
38.0,0.0
39.0,0.0
40.0,0.0
41.0,0.0
42.0,0.0
43.0,0.0
44.0,0.0
45.0,0.0
46.0,0.0
47.0,0.0
48.0,0.0
49.0,0.0
50.0,0.0
51.0,0.0
52.0,0.0
53.0,0.0
54.0,0.0
55.0,0.0
56.0,0.0
57.0,0.0
58.0,0.0
59.0,0.0
60.0,0.0
61.0,0.0
62.0,0.0
63.0,0.0
64.0,0.0
65.0,0.0
66.0,0.0
67.0,0.0
68.0,0.0
69.0,0.0
70.0,0.0
71.0,0.0
72.0,0.0
73.0,0.0
74.0,0.0
75.0,0.0
76.0,0.0
77.0,0.0
78.0,0.0
79.0,0.0
80.0,0.28270503007073966
81.0,0.4411281045309877
82.0,0.4439736018454603
83.0,0.4064063232433419
84.0,0.3883457274201998
85.0,0.40807677860467895
86.0,0.4520825126269849
87.0,0.505002320782712
88.0,0.5599757797847978
89.0,0.6175426080505801
90.0,0.6799569787291829
91.0,0.7450946165926974
92.0,0.809874416733804
93.0,0.873208671526687
94.0,0.9291922358138468
95.0,0.9666164769822752
96.0,0.9826707750946337
97.0,0.9874979556967997
98.0,0.9909540520755005
99.0,0.9939539562423033
100.0,0.9949693602803554
101.0,0.9944686100255752
102.0,0.9928129147675155
103.0,0.9897450522658655
104.0,0.9856055747273155
105.0,0.9812756060235066
106.0,0.9770609461903221
107.0,0.9726679850723378
108.0,0.9680523973316302
109.0,0.9635386479585746
110.0,0.9594007541158058
111.0,0.9556706106992983
112.0,0.9521872683861677
113.0,0.948844420822132
114.0,0.9458002456455252
115.0,0.9432047432972673
116.0,0.9409043555629494
117.0,0.9387113366944183
118.0,0.936707734244936
119.0,0.9350903138240862
120.0,0.9339356300141667
121.0,0.9331869567811741
122.0,0.9327204318271699
123.0,0.9323892950058656
124.0,0.9320740728119351
125.0,0.9316746813700664
126.0,0.9311387774265804
127.0,0.9305441475051879
128.0,0.9300505116651586
129.0,0.9297461965602547
130.0,0.9295970619512801
131.0,0.9295451569681962
132.0,0.9295747486374656
133.0,0.9297066000335324
134.0,0.9299611949895443
135.0,0.9303155578864972
136.0,0.9307121427042107
137.0,0.9311033607848408
138.0,0.9314684011890582
139.0,0.9318024084517226
140.0,0.9321133663495609
141.0,0.932415779472319
142.0,0.9327263608646058
143.0,0.9330590719752897
144.0,0.9334119873100832
145.0,0.9337648626187408
146.0,0.9340942057972076
147.0,0.934389407821243
148.0,0.9346517014505208
149.0,0.9348846732163495
150.0,0.9350847632133753
151.0,0.935239116395359
152.0,0.9353343503991951
153.0,0.9353704089449474
154.0,0.9353725910350894
155.0,0.935381235576247
156.0,0.9354264141195144
157.0,0.9355114898694195
158.0,0.9356217807340881
159.0,0.9357181623342984
160.0,0.935720174860009
161.0,0.9355682997622623
162.0,0.9352994153070063
163.0,0.9350390347992151
164.0,0.9349253446878554
165.0,0.9350384954811046
166.0,0.9353797731931115
167.0,0.935841804726821
168.0,0.9362376735641629
169.0,0.9363921873419165
170.0,0.936227027199288
171.0,0.9358086790459472
172.0,0.9353034078800995
173.0,0.9349053342428711
174.0,0.9347408942973203
175.0,0.9347979223075488
176.0,0.9349524293131518
177.0,0.9350751666936474
178.0,0.9351210854689307
179.0,0.9350970177445993
180.0,0.9350200196006894
181.0,0.9349174404262967
182.0,0.9348145558510638
183.0,0.9347221532176936
184.0,0.9346370259963632
185.0,0.9345560029222519
186.0,0.9344831542781498
187.0,0.9344257171799358
188.0,0.9343878580415215
189.0,0.9343663325253466
190.0,0.9343538651164089
191.0,0.9343466077404173
192.0,0.9343451524897284
193.0,0.9343507481162076
194.0,0.9343627109323809
195.0,0.9343777981573027
196.0,0.9343926886689291
197.0,0.9344069682794348
198.0,0.9344249857530997
199.0,0.9344554352088236
200.0,0.9345146769050403
201.0,0.934621371353732
202.0,0.9347752728392262
203.0,0.9349482276313239
204.0,0.935092496111043
205.0,0.9351693682435044
206.0,0.9351819549254534
207.0,0.9351784185924479
208.0,0.9352234299215489
209.0,0.935359995928134
210.0,0.9355951681719528
211.0,0.9359003706150947
212.0,0.9362266532083711
213.0,0.9365298191163759
214.0,0.9367843211503482
215.0,0.9369901959736862
216.0,0.9371643251357384
217.0,0.9373275015461154
218.0,0.9374940390317379
219.0,0.9376645121716682
220.0,0.93782847058952
221.0,0.9379728833871827
222.0,0.9380912200951993
223.0,0.9381827999107906
224.0,0.9382477912314702
225.0,0.9382922922455694
226.0,0.9383285109454316
227.0,0.9383563451394547
228.0,0.9383589910700741
229.0,0.9383398389661608
230.0,0.9383304673611651
231.0,0.9383270721853664
232.0,0.9382768108584946
233.0,0.9381605441572182
234.0,0.9380213301300776
235.0,0.9378922375887433
236.0,0.9377633472973298
237.0,0.9376242055685469
238.0,0.9374833793111336
239.0,0.9373512179604732
240.0,0.93723072537484
241.0,0.9371204004176021
242.0,0.9370159394280283
243.0,0.9369117318453695
244.0,0.9367993159771181
245.0,0.9366652416317663
246.0,0.9365054987275447
247.0,0.9363376985943012
248.0,0.9361925582445304
249.0,0.9360948320569441
250.0,0.9360470942998708
251.0,0.9360291784529983
252.0,0.936011885462964
253.0,0.935976033176471
254.0,0.9359174667751134
255.0,0.9358456833066882
256.0,0.9357959460432169
257.0,0.9358106989883399
258.0,0.935875265653755
259.0,0.9359159901792619
260.0,0.9358920077072134
261.0,0.9358421978804851
262.0,0.9358375264756322
263.0,0.9359072917441548
264.0,0.9359866340018437
265.0,0.9359863933173876
266.0,0.9359440621617371
267.0,0.9359846593718267
268.0,0.9361339001199107
269.0,0.9363125089078859
270.0,0.9364778844755844
271.0,0.9366436107216217
272.0,0.9368119193262242
273.0,0.9369575169673409
274.0,0.937045615566882
275.0,0.937037921363953
276.0,0.9368988742347212
277.0,0.936647007122011
278.0,0.9363740788299276
279.0,0.9361870359206
280.0,0.9361370267774345
281.0,0.9361996350219691
282.0,0.93630580535362
283.0,0.936384440469647
284.0,0.9364030982816014
285.0,0.9363685631980464
286.0,0.9363035001794132
287.0,0.9362216469517516
288.0,0.9361167147322681
289.0,0.9359801255937871
290.0,0.9358187779619644
291.0,0.9356595148792796
292.0,0.9355381423513609
293.0,0.9354827331372271
294.0,0.9354922250104265
295.0,0.935528514619816
296.0,0.9355385450077864
297.0,0.9354873645426592
298.0,0.9353740370204098
299.0,0.9352197313172632
300.0,0.9350556000988308
301.0,0.9349101980626652
302.0,0.9347946201270857
303.0,0.9346996179717856
304.0,0.9346034622359637
305.0,0.9344871650200071
306.0,0.9343413707803472
307.0,0.9341672821570713
308.0,0.9339816830653981
309.0,0.933810445685405
310.0,0.9336705769821088
311.0,0.9335604589639991
312.0,0.9334709212910042
313.0,0.9333982652106797
314.0,0.9333449042093237
315.0,0.9333140288713816
316.0,0.9333008480721379
317.0,0.9332903299756904
318.0,0.9332630161825819
319.0,0.9332055551097548
320.0,0.9331171420982063
321.0,0.9330114838144519
322.0,0.9329122223760012
323.0,0.9328403191937699
324.0,0.9328047950149049
325.0,0.932788512157301
326.0,0.9327462651482821
327.0,0.9326265366710188
328.0,0.9323979879297009
329.0,0.9320795513282643
330.0,0.9317396649353327
331.0,0.9314704966994819
332.0,0.9313455084927893
333.0,0.9313693577971801
334.0,0.9314751663289221
335.0,0.9315764845686203
336.0,0.9316284763442351
337.0,0.9316324301502228
338.0,0.9316156301078997
339.0,0.9316215242483534
340.0,0.9316876177596056
341.0,0.9318300582313415
342.0,0.9320367824255545
343.0,0.9322704521726014
344.0,0.9324905429541013
345.0,0.9326768788566617
346.0,0.9328326476825737
347.0,0.9329628431850283
348.0,0.9330609684573846
349.0,0.9331117158493086
350.0,0.933105485394516
351.0,0.9330530931453025
352.0,0.9329734279184358
353.0,0.9328693880973963
354.0,0.9327357253918548
355.0,0.9325799672502426
356.0,0.9324146077008496
357.0,0.9322413285086472
358.0,0.9320568148238356
359.0,0.9318650735331984
360.0,0.9316856449890367
361.0,0.9315508487031261
362.0,0.9314963216453894
363.0,0.9315422816586187
364.0,0.9316618578653257
365.0,0.9317787061106813
366.0,0.9317856967569237
367.0,0.9316063202955789
368.0,0.9312749507899155
369.0,0.9309199684279168
370.0,0.9306491683160898
371.0,0.9304793410914289
372.0,0.9303780333836469
373.0,0.9303114832808411
374.0,0.9302648344853498
375.0,0.9302402700479872
376.0,0.9302319642816792
377.0,0.9302161301431866
378.0,0.9301597494380577
379.0,0.9300332014685208
380.0,0.9298184796754867
381.0,0.9295263707605927
382.0,0.9291990113447371
383.0,0.9288797136986382
384.0,0.9285813346941703
385.0,0.9282958356290372
386.0,0.9280206213998861
387.0,0.927760359202776
388.0,0.9275210626614299
389.0,0.9273063379331863
390.0,0.9271146812682894
391.0,0.9269368888886731
392.0,0.9267611752874472
393.0,0.9265859148813264
394.0,0.9264255192604074
395.0,0.92630517387058
396.0,0.9262475584512468
397.0,0.9262635069956853
398.0,0.9263438251610894
399.0,0.9264580015378582
400.0,0.9265596446908979
401.0,0.9265893419735352
402.0,0.9265186294093034
403.0,0.9263949578668107
404.0,0.9263166577102986
405.0,0.9263651897447417
406.0,0.9265512298778747
407.0,0.9268149326702498
408.0,0.9270647598132534
409.0,0.927232601617569
410.0,0.9273042163786013
411.0,0.9273090664204408
412.0,0.9273092805680276
413.0,0.9273707673037006
414.0,0.9275255272332804
415.0,0.9277552365919767
416.0,0.9279976746208645
417.0,0.9281802721866854
418.0,0.9282425585027423
419.0,0.9281615735577512
420.0,0.9279817380215338
421.0,0.9277962847832607
422.0,0.9276967724703677
423.0,0.9277177049250478
424.0,0.9278189697064991
425.0,0.9279158878037312
426.0,0.9279304722257185
427.0,0.9278382550140954
428.0,0.9276692931079591
429.0,0.9274932885944062
430.0,0.927397763798329
431.0,0.9274334904709192
432.0,0.9275787350589599
433.0,0.9277570347447698
434.0,0.9278936365488188
435.0,0.927949214591945
436.0,0.9279184648020676
437.0,0.9278294795757408
438.0,0.9277258897991513
439.0,0.9276341073161979
440.0,0.9275465642702749
441.0,0.9274586840147401
442.0,0.9274028613816651
443.0,0.9274287089829136
444.0,0.9275663319928628
445.0,0.9277984853162912
446.0,0.9280660219505156
447.0,0.9283016327922036
448.0,0.9284692254193299
449.0,0.928574116574752
450.0,0.9286544431082014
451.0,0.928768733968628
452.0,0.9289596270062409
453.0,0.9292227361408201
454.0,0.9295060268995566
455.0,0.9297402091442821
456.0,0.9298746520874331
457.0,0.9298899313382356
458.0,0.9298023450866485
459.0,0.9296512945655447
460.0,0.9294641242181733
461.0,0.9292283260683115
462.0,0.9289357089364243
463.0,0.9286384299698774
464.0,0.9284377483008984
465.0,0.9284289507773287
466.0,0.9286118325158514
467.0,0.9288624285924123
468.0,0.9289895357945399
469.0,0.9288441772827364
470.0,0.928420669011205
471.0,0.9278550836142467
472.0,0.927314089032204
473.0,0.926878501993022
474.0,0.9265512449856101
475.0,0.9263009058431068
476.0,0.9260851727961646
477.0,0.9258781761616559
478.0,0.9256737228384055
479.0,0.925474475878161
480.0,0.9252733666727845
481.0,0.9250493487854118
482.0,0.924779474287212
483.0,0.9244653393738527
484.0,0.9241520012382696
485.0,0.923909651815897
486.0,0.9237962694980131
487.0,0.9238173340626078
488.0,0.9239191229724453
489.0,0.9240249367984449
490.0,0.9240857518587217
491.0,0.9240947524143301
492.0,0.924067424079873
493.0,0.9240260181286072
494.0,0.9239840156164194
495.0,0.9239424768530383
496.0,0.9238935589159212
497.0,0.9238146791244559
498.0,0.9236748791428862
499.0,0.9234559316054639
500.0,0.923168743775078
501.0,0.9228587829186357
502.0,0.9225849467764562
503.0,0.922387947893776
504.0,0.9222690956372008
505.0,0.9221957654806603
506.0,0.9221281432197221
507.0,0.9220454822445026
508.0,0.9219521444792618
509.0,0.9218552291329933
510.0,0.9217625845219388
511.0,0.9216999654166096
512.0,0.9216885876524079
513.0,0.9217113367292823
514.0,0.9217171688273542
515.0,0.9216535784011488
516.0,0.921503489962068
517.0,0.9212966454951217
518.0,0.9210760675492904
519.0,0.9208546718491379
520.0,0.9206242412845658
521.0,0.9203856845654735
522.0,0.9201698510844294
523.0,0.9200330230208591
524.0,0.9200189221439874
525.0,0.9201228417923991
526.0,0.9202733151223356
527.0,0.9203615999119433
528.0,0.9202938682377871
529.0,0.9200430555291961
530.0,0.9196669570059753
531.0,0.9192735650439813
532.0,0.91896927785008
533.0,0.9187990954128329
534.0,0.9187274383767393
535.0,0.9186710930853634
536.0,0.9185581553608633
537.0,0.9183723959260088
538.0,0.9181468349207911
539.0,0.9179385241815938
540.0,0.9177974269952788
541.0,0.9177405023452075
542.0,0.9177521056355334
543.0,0.9177991170520027
544.0,0.9178545167707969
545.0,0.917905679633548
546.0,0.9179488185395036
547.0,0.9179809488614716
548.0,0.9179927008085145
549.0,0.9179704489912288
550.0,0.9179047228272852
551.0,0.9178079395376106
552.0,0.9177160252464565
553.0,0.9176688118990344
554.0,0.9176848872986653
555.0,0.9177466321121097
556.0,0.9178143563192811
557.0,0.9178633439389194
558.0,0.9178992709713517
559.0,0.9179309939387652
560.0,0.9179540904739681
561.0,0.9179604257813532
562.0,0.9179475728911914
563.0,0.9179230296781259
564.0,0.917894398708747
565.0,0.9178531701228009
566.0,0.9177855183210393
567.0,0.9176957998511398
568.0,0.9176126980512893
569.0,0.9175764108132516
570.0,0.9176116920917252
571.0,0.9177105505896138
572.0,0.9178345575053
573.0,0.9179374443041681
574.0,0.9179893180504138
575.0,0.9179867613324232
576.0,0.9179372725114768
577.0,0.9178323728235086
578.0,0.9176139388411934
579.0,0.9172005583955194
580.0,0.9166252657314061
581.0,0.916071020637925
582.0,0.9157318645927499
583.0,0.915673377619828
584.0,0.9158165242554475
585.0,0.9160093890576997
586.0,0.9161229185730514
587.0,0.9161209027360336
588.0,0.9160372145007719
589.0,0.9159375411564025
590.0,0.9158953628177046
591.0,0.9159487018515376
592.0,0.9160785279111224
593.0,0.9162275386369865
594.0,0.9163452182622981
595.0,0.9164117544889686
596.0,0.9164301334583971
597.0,0.9164138425601266
598.0,0.9163716207791149
599.0,0.9163042345879862
600.0,0.9162103971183562
601.0,0.916100635222268
602.0,0.9160028985780894
603.0,0.9159479939200776
604.0,0.9159506365176099
605.0,0.9159962732214533
606.0,0.9160495285574111
607.0,0.9160811813859707
608.0,0.916087722834515
609.0,0.9160807414711795
610.0,0.9160720189467821
611.0,0.9160740552168075
612.0,0.9160947155953715
613.0,0.9161285301925667
614.0,0.9161564808222042
615.0,0.9161527736616008
616.0,0.9161021124698787
617.0,0.9160141583247604
618.0,0.9159131214066414
619.0,0.9158113882666122
620.0,0.9157061763101585
621.0,0.9155964022909759
622.0,0.9154910731755719
623.0,0.9154073223390116
624.0,0.9153578474498641
625.0,0.9153398817106702
626.0,0.9153334461183275
627.0,0.9153113671736509
628.0,0.915253704571594
629.0,0.9151571451588206
630.0,0.9150364223471714
631.0,0.9149139269610318
632.0,0.9148085084737799
633.0,0.9147257265056602
634.0,0.9146537305373277
635.0,0.9145697511079979
636.0,0.9144476629490719
637.0,0.9142743947614008
638.0,0.9140677352778135
639.0,0.9138739584430601
640.0,0.9137511649132148
641.0,0.9137313939026502
642.0,0.9137890207739063
643.0,0.9138537960358563
644.0,0.9138569373225364
645.0,0.9137745567771356
646.0,0.9136345077991518
647.0,0.913486112342581
648.0,0.9133548617181172
649.0,0.9132370788614964
650.0,0.9131274281460777
651.0,0.9130360370318078
652.0,0.9129899988592298
653.0,0.9130091431837765
654.0,0.9130829938206231
655.0,0.9131631094012999
656.0,0.9131827359422613
657.0,0.9130974969348281
658.0,0.9129130638271389
659.0,0.9126861970872924
660.0,0.9124905751857608
661.0,0.9123773042401314
662.0,0.9123491780690243
663.0,0.912367264335675
664.0,0.912379007410783
665.0,0.9123332176031855
666.0,0.9122100555667647
667.0,0.912046220831179
668.0,0.9119368125385993
669.0,0.9120276464768318
670.0,0.9124040871789403
671.0,0.912964309625778
672.0,0.9134664669771813
673.0,0.913698926062763
674.0,0.913615311334846
675.0,0.9133358381064162
676.0,0.9130406173839334
677.0,0.9128292591184324
678.0,0.9126977281258586
679.0,0.9126123967118903
680.0,0.9125409482183764
681.0,0.912464607206184
682.0,0.9123794967923664
683.0,0.9122870368786268
684.0,0.912189065356758
685.0,0.9120845137855619
686.0,0.9119716430624079
687.0,0.9118518718754932
688.0,0.9117342277280072
689.0,0.9116325654968369
690.0,0.9115550971098458
691.0,0.9114965074040354
692.0,0.911437445667791
693.0,0.9113548310726679
694.0,0.9112346146539201
695.0,0.9110794355947087
696.0,0.9109056505045118
697.0,0.9107274816117695
698.0,0.9105391764127345
699.0,0.9103288396806757
700.0,0.910109175255543
701.0,0.9099305880345101
702.0,0.909869820739949
703.0,0.9099594630417608
704.0,0.9101327335058932
705.0,0.9102581004550442
706.0,0.9102249599708783
707.0,0.9100252938479675
708.0,0.9097636658886558
709.0,0.9095998728265724
710.0,0.9096530304451522
711.0,0.9099222717932975
712.0,0.9102926094514825
713.0,0.9106224806927986
714.0,0.9108413702478684
715.0,0.9109542450929271
716.0,0.9109994261140486
717.0,0.9110063807116671
718.0,0.9109736595146443
719.0,0.910901633733667
720.0,0.910813117565915
721.0,0.9107415422982024
722.0,0.9107117838203144
723.0,0.910727452307093
724.0,0.9107745743718769
725.0,0.9108396504810592
726.0,0.9109191364681583
727.0,0.9110154402413895
728.0,0.9111201384006362
729.0,0.9111994227177352
730.0,0.9112081736305678
731.0,0.911115757959483
732.0,0.9109400480959068
733.0,0.9107524032116607
734.0,0.9106346795353464
735.0,0.9106274255032368
736.0,0.9107073730199945
737.0,0.9108104319924432
738.0,0.9108780830418433
739.0,0.9108956145553246
740.0,0.9108796894757257
741.0,0.9108479570206661
742.0,0.910811981118834
743.0,0.9107741596305987
744.0,0.9107292018852687
745.0,0.9106705837084702
746.0,0.9105965831380602
747.0,0.9105106197349115
748.0,0.9104154043937412
749.0,0.9103001005054133
750.0,0.910125208543894
751.0,0.9098545461631035
752.0,0.9095085282783968
753.0,0.9091642963646938
754.0,0.9089080224403697
755.0,0.9087796654081763
756.0,0.9087527298313032
757.0,0.9087653523704936
758.0,0.9087773777290972
759.0,0.9087820761256332
760.0,0.9087827408382008
761.0,0.9087798769637037
762.0,0.9087655669385749
763.0,0.9087312244167212
764.0,0.9086784216076811
765.0,0.9086307404867772
766.0,0.9086245152331861
767.0,0.9086562956804949
768.0,0.9086740210759549
769.0,0.9086726581895698
770.0,0.9087206010069894
771.0,0.908823561286447
772.0,0.908888132900871
773.0,0.9088761182442824
774.0,0.9088600389440114
775.0,0.9089035305438828
776.0,0.9089950922318468
777.0,0.9090937213272592
778.0,0.909168746042887
779.0,0.9092087146799118
780.0,0.9092164519165263
781.0,0.9091912210313138
782.0,0.9091191766882117
783.0,0.9089761273672519
784.0,0.9087574957959764
785.0,0.9085028303658504
786.0,0.9082730700689974
787.0,0.90810847736234
788.0,0.9080097953331895
789.0,0.9079498223754697
790.0,0.9078981033711299
791.0,0.907844453771166
792.0,0.9077919018959122
793.0,0.9077423934183037
794.0,0.9077067391369896
795.0,0.9077047132001301
796.0,0.9077417012392164
797.0,0.9077944467454756
798.0,0.9078150146882964
799.0,0.9077603057737998
800.0,0.9076299289770778
801.0,0.9074760055780068
802.0,0.9073804158530369
803.0,0.9074025249893819
804.0,0.9075386747965312
805.0,0.9077242271638636
806.0,0.9078767161880967
807.0,0.9079458388738586
808.0,0.90793105380166
809.0,0.9078731738510466
810.0,0.9078214845187413
811.0,0.9078055379340098
812.0,0.9078283187465559
813.0,0.9078718301287784
814.0,0.9079153480551074
815.0,0.907946639318573
816.0,0.9079643455389637
817.0,0.9079752713699092
818.0,0.9079869056148253
819.0,0.9080056240458805
820.0,0.9080343560510306
821.0,0.9080610330813721
822.0,0.908063191896587
823.0,0.9080442294298074
824.0,0.9080356139291083
825.0,0.9080307781509921
826.0,0.9079804551838393
827.0,0.9078935638300997
828.0,0.9078469435360568
829.0,0.9078674206392031
830.0,0.9078993030807587
831.0,0.9078918433008923
832.0,0.907843458887026
833.0,0.9077703184669466
834.0,0.9077066812456025
835.0,0.9077274818986449
836.0,0.9078786719673979
837.0,0.9080951505085733
838.0,0.9082439303071385
839.0,0.9082328004630488
840.0,0.9080686963858708
841.0,0.9078365148632952
842.0,0.907628936056493
843.0,0.907476871209662
844.0,0.9073644922276378
845.0,0.9072806068409194
846.0,0.9072271738433295
847.0,0.9072127253070327
848.0,0.9072379825518612
849.0,0.9072865994567896
850.0,0.9073275281088606
851.0,0.9073322797598102
852.0,0.9073000003197134
853.0,0.9072605268581022
854.0,0.9072506973267684
855.0,0.9072875318450502
856.0,0.9073600748003784
857.0,0.9074460549285623
858.0,0.9075444862684603
859.0,0.9076702934596447
860.0,0.9078154236849542
861.0,0.9079390449620873
862.0,0.9079888510039973
863.0,0.9079357720218919
864.0,0.9077941201470245
865.0,0.9076042534863977
866.0,0.9073944381793116
867.0,0.9071740663626648
868.0,0.9069486888632133
869.0,0.9067322299266205
870.0,0.9065507321829721
871.0,0.9064234084537389
872.0,0.9063461792603028
873.0,0.9062936794582896
874.0,0.9062363363926647
875.0,0.9061572277327067
876.0,0.9060597995571351
877.0,0.9059603090588156
878.0,0.9058733568951526
879.0,0.905805962404347
880.0,0.9057566517694866
881.0,0.9057206207594211
882.0,0.905695280551494
883.0,0.9056811903468238
884.0,0.9056773285393614
885.0,0.9056733072395085
886.0,0.9056492483451083
887.0,0.9055807619969491
888.0,0.9054680537357203
889.0,0.90536448438593
890.0,0.9053243076246388
891.0,0.9053261385773088
892.0,0.9053075355955884
893.0,0.9052526460211132
894.0,0.9051975749018387
895.0,0.9051824178503847
896.0,0.9052030479017906
897.0,0.9051998545858367
898.0,0.9051411977790268
899.0,0.9050841469719968
900.0,0.9050811333211577
901.0,0.9050954683480879
902.0,0.9050643623773216
903.0,0.9049726825154307
904.0,0.9048393211326857
905.0,0.9046856361201934
906.0,0.9045233027573685
907.0,0.9043522939184411
908.0,0.9041753481698993
909.0,0.904005482781895
910.0,0.9038587419457014
911.0,0.9037438310009832
912.0,0.9036557602939469
913.0,0.9035815536021998
914.0,0.9035136567477353
915.0,0.9034553682922895
916.0,0.9034151334689622
917.0,0.9033976999874197
918.0,0.9033981255989592
919.0,0.90340991606883
920.0,0.9034372509954263
921.0,0.9035075016848362
922.0,0.9036685542918244
923.0,0.903936016521793
924.0,0.9042570579370601
925.0,0.9045415937247028
926.0,0.9047228711122752
927.0,0.9047971524252179
928.0,0.9048170811903838
929.0,0.9048422802001362
930.0,0.904891675587681
931.0,0.9049541990379015
932.0,0.9050136954481689
933.0,0.9050553266787932
934.0,0.9050715241635231
935.0,0.9050614045871335
936.0,0.9050294598523113
937.0,0.9049868909279905
938.0,0.9049454960930228
939.0,0.9049100193570409
940.0,0.9048690922203021
941.0,0.9047903376226155
942.0,0.9046474149558518
943.0,0.9044522811716538
944.0,0.9042688820956185
945.0,0.9041966940390036
946.0,0.9042951366359147
947.0,0.9045250952229789
948.0,0.9047732401310293
949.0,0.9049316569157216
950.0,0.904960880539
951.0,0.9048990177316403
952.0,0.9048159731265276
953.0,0.9047505548069261
954.0,0.9047098122047856
955.0,0.9046935473851944
956.0,0.9047116273634974
957.0,0.9047866006856409
958.0,0.904924533465266
959.0,0.9050987866110415
960.0,0.9052626451714141
961.0,0.905377170681363
962.0,0.9054329644198184
963.0,0.9054475624462283
964.0,0.9054365482386638
965.0,0.9054005655365848
966.0,0.905341712314256
967.0,0.9052719684059569
968.0,0.9052096827186791
969.0,0.9051679632501626
970.0,0.9051434993939436
971.0,0.9051304465165737
972.0,0.905143987570781
973.0,0.9052046154238241
974.0,0.9053087302026989
975.0,0.9054131353369914
976.0,0.9054471989853398
977.0,0.9053636500469987
978.0,0.9051756932221741
979.0,0.9049425550038019
980.0,0.9047224710660777
981.0,0.9045382475591293
982.0,0.9043786466293293
983.0,0.9042738898504661
984.0,0.904304402107907
985.0,0.9044227176356769
986.0,0.9044464954998496
987.0,0.9043820379631726
988.0,0.9044601806883392
989.0,0.9046870875733065
990.0,0.9047784046907037
991.0,0.9046497838666321
992.0,0.904531728849317
993.0,0.9045849417433665
994.0,0.9047438286703966
995.0,0.9048843922449368
996.0,0.9049333741975634
997.0,0.9048720625356154
998.0,0.9047321945166246
999.0,0.9045674964669012
1000.0,0.9044189984464086
1001.0,0.9042966545379726
1002.0,0.9041941074237714
1003.0,0.9041180984769607
1004.0,0.9040821463353186
1005.0,0.904088928277334
1006.0,0.9041229566848614
1007.0,0.9041572792733852
1008.0,0.9041737590299967
1009.0,0.9041740955082254
1010.0,0.904159258607408
1011.0,0.9041123899291609
1012.0,0.9040049212975563
1013.0,0.9038287953778006
1014.0,0.9036635299964382
1015.0,0.9036312196374958
1016.0,0.903720936641301
1017.0,0.9037839451826737
1018.0,0.9037447730059196
1019.0,0.9036783182829349
1020.0,0.9036829827193682
1021.0,0.9037744052597492
1022.0,0.9038680326497706
1023.0,0.9038719099203578
1024.0,0.9038169718879719
1025.0,0.9038054622218067
1026.0,0.9038544715301912
1027.0,0.9039107355227334
1028.0,0.9039619944199864
1029.0,0.904016367185828
1030.0,0.9040383621621857
1031.0,0.9040063843969485
1032.0,0.9039736930909436
1033.0,0.9039946830231685
1034.0,0.9040470134859965
1035.0,0.9040788871590376
1036.0,0.9040773122723439
1037.0,0.9040684084404034
1038.0,0.9040860080235312
1039.0,0.904131056654841
1040.0,0.9041655805152957
1041.0,0.904165264106847
1042.0,0.9041471608034671
1043.0,0.9041369054799876
1044.0,0.9041345828464463
1045.0,0.9041021259062183
1046.0,0.9040083865646678
1047.0,0.9039118651643973
1048.0,0.9038950012026624
1049.0,0.9038968652686598
1050.0,0.9038006571049743
1051.0,0.9036743580329614
1052.0,0.9036760405062227
1053.0,0.9037835792255549
1054.0,0.9038493381407499
1055.0,0.9038231182837752
1056.0,0.9037548810511095
1057.0,0.9036817923026559
1058.0,0.9036105506784997
1059.0,0.9035406858228117
1060.0,0.9034836027647463
1061.0,0.9034694172179151
1062.0,0.9035227397157767
1063.0,0.9036391941334252
1064.0,0.9037788165102247
1065.0,0.9038868049720512
1066.0,0.9039298754042935
1067.0,0.9039151970119719
1068.0,0.9038716887738191
1069.0,0.9038231177228475
1070.0,0.9037814144566139
1071.0,0.9037463862245334
1072.0,0.9037132262998455
1073.0,0.9036790194154272
1074.0,0.9036409196619186
1075.0,0.9036044186755463
1076.0,0.9035951458684626
1077.0,0.9036420668113949
1078.0,0.9037499558134462
1079.0,0.9038888431972485
1080.0,0.904007722611619
1081.0,0.9040668519123184
1082.0,0.9040619673262518
1083.0,0.9040159674062559
1084.0,0.9039497104664076
1085.0,0.9038739678502857
1086.0,0.9037933597224177
1087.0,0.9037093675757595
1088.0,0.9036242801607357
1089.0,0.9035400777029319
1090.0,0.9034582015161191
1091.0,0.9033856233151705
1092.0,0.9033350483030611
1093.0,0.903314323750225
1094.0,0.9033175860443237
1095.0,0.9033224527997739
1096.0,0.9033027571268796
1097.0,0.9032486846899546
1098.0,0.9031789959802359
1099.0,0.9031388102095586
1100.0,0.9031700721787723
1101.0,0.9032778607216787
1102.0,0.9034222360935215
1103.0,0.903541194992459
1104.0,0.9035920183482113
1105.0,0.9035779648785083
1106.0,0.9035376791257139
1107.0,0.9035066604831548
1108.0,0.903497797072124
1109.0,0.9035065083279697
1110.0,0.9035330133422301
1111.0,0.9036013309772127
1112.0,0.9037305531089115
1113.0,0.9039024568030406
1114.0,0.9040550667632393
1115.0,0.9041116067330194
1116.0,0.9040453580675767
1117.0,0.9039100280251855
1118.0,0.9038056093850864
1119.0,0.9038103471825893
1120.0,0.9039340262555048
1121.0,0.9041211786984462
1122.0,0.9043055343780992
1123.0,0.9044590975208089
1124.0,0.9045837157217118
1125.0,0.9046862988772824
1126.0,0.9047544430526202
1127.0,0.9047651401992367
1128.0,0.9047243215782825
1129.0,0.9046757794609939
1130.0,0.9046765051296164
1131.0,0.9047548916368946
1132.0,0.904885528897279
1133.0,0.9050092593023975
1134.0,0.9050801307469702
1135.0,0.9050898127245186
1136.0,0.9050581608496803
1137.0,0.9050057557982689
1138.0,0.9049284527080537
1139.0,0.9048213797209245
1140.0,0.9047092155623144
1141.0,0.9046339047816785
1142.0,0.904626307894942
1143.0,0.9046853052662827
1144.0,0.9047808989686437
1145.0,0.9048838705685102
1146.0,0.9049889325744311
1147.0,0.9050969531947884
1148.0,0.905200055572166
1149.0,0.9052937364147325
1150.0,0.905380614576806
1151.0,0.9054582483861944
1152.0,0.9055131423458793
1153.0,0.9055248400385524
1154.0,0.9054830357958057
1155.0,0.905406166427124
1156.0,0.9053330279895994
1157.0,0.9052953064517957
1158.0,0.905297908046073
1159.0,0.9053212210867927
1160.0,0.9053431628772166
1161.0,0.9053642833825613
1162.0,0.905386529760223
1163.0,0.9053784654688235
1164.0,0.9053344645758905
1165.0,0.9053314018385115
1166.0,0.9054003732728986
1167.0,0.905422122397677
1168.0,0.9053386931065976
1169.0,0.9053173090313731
1170.0,0.9054996852064849
1171.0,0.9057897418636817
1172.0,0.9060402178246347
1173.0,0.906238359814388
1174.0,0.9064122652162989
1175.0,0.9065422173490734
1176.0,0.9066039613012891
1177.0,0.9066008897337331
1178.0,0.9065502126675296
1179.0,0.9064666323966255
1180.0,0.9063566137539427
1181.0,0.9062273250399107
1182.0,0.906107334210098
1183.0,0.9060357613449764
1184.0,0.9060310152366307
1185.0,0.9060767748790046
1186.0,0.9061342336917868
1187.0,0.9061694929261692
1188.0,0.9061755720874303
1189.0,0.906169136314129
1190.0,0.9061675989008582
1191.0,0.9061791798181232
1192.0,0.9062041672248267
1193.0,0.9062379603598352
1194.0,0.9062764845799571
1195.0,0.9063168406917325
1196.0,0.9063565785394999
1197.0,0.906394573876727
1198.0,0.9064311380650264
1199.0,0.9064678632695502
1200.0,0.9065039448597185
1201.0,0.9065246698781138
1202.0,0.906507014982154
1203.0,0.9064479370231795
1204.0,0.9063766199228408
1205.0,0.9063408548789642
1206.0,0.9063750651692067
1207.0,0.9064709967281759
1208.0,0.9065962037613302
1209.0,0.9067527634583921
1210.0,0.9069678964121535
1211.0,0.9072278404319802
1212.0,0.9074645871106954
1213.0,0.907594326648659
1214.0,0.9075812515551748
1215.0,0.907473134181898
1216.0,0.9073616168904404
1217.0,0.9073067613540287
1218.0,0.9073123264289231
1219.0,0.9073506306889199
1220.0,0.9073885241330957
1221.0,0.907410858142802
1222.0,0.9074188027692098
1223.0,0.9074155158524585
1224.0,0.907400550490921
1225.0,0.907369190014097
1226.0,0.9073211201257829
1227.0,0.9072630979498681
1228.0,0.9071946231101464
1229.0,0.9071062552081297
1230.0,0.9070037009684362
1231.0,0.9069135654687206
1232.0,0.9068603115747635
1233.0,0.9068483083113456
1234.0,0.9068641001459792
1235.0,0.906890370764736
1236.0,0.9069221310756452
1237.0,0.9069635854012448
1238.0,0.9070077083235457
1239.0,0.9070373770590765
1240.0,0.9070424509053912
1241.0,0.907029441765401
1242.0,0.9070182198722287
1243.0,0.9070281756589744
1244.0,0.9070648821106954
1245.0,0.907120741136429
1246.0,0.9071861507639387
1247.0,0.9072554703284045
1248.0,0.9073284483602045
1249.0,0.9074078907987058
1250.0,0.9074956972511751
1251.0,0.9075943489414928
1252.0,0.9077060565695196
1253.0,0.9078208572049262
1254.0,0.9079172352620825
1255.0,0.9079833420309638
1256.0,0.9080355140192211
1257.0,0.9081270544013835
1258.0,0.9083164455861508
1259.0,0.9086105038847594
1260.0,0.9089429028756479
1261.0,0.9092003803214385
1262.0,0.9093001422065914
1263.0,0.9092587703934922
1264.0,0.9091838946466873
1265.0,0.9091971478663221
1266.0,0.9093495169387495
1267.0,0.9095942451426793
1268.0,0.9098343079427644
1269.0,0.910007400618013
1270.0,0.9101122057712108
1271.0,0.9101748790110207
1272.0,0.9102245488869132
1273.0,0.9102761899190189
1274.0,0.9103275629970369
1275.0,0.9103702932349338
1276.0,0.9104066662639068
1277.0,0.9104558590637637
1278.0,0.9105283372422721
1279.0,0.9106092198847933
1280.0,0.9106819853777262
1281.0,0.9107500081795559
1282.0,0.9108283649307198
1283.0,0.9109258919813306
1284.0,0.9110281852990487
1285.0,0.9111097075489053
1286.0,0.9111797527975772
1287.0,0.9112752430702462
1288.0,0.9113895994912422
1289.0,0.9114803349851185
1290.0,0.9115594034673546
1291.0,0.9116740843191549
1292.0,0.9117986455709409
1293.0,0.911862424393211
1294.0,0.9118668089431141
1295.0,0.9118743367155456
1296.0,0.9119154534594098
1297.0,0.9119626667146714
1298.0,0.9119635954546099
1299.0,0.911887149246934
1300.0,0.9117531618726066
1301.0,0.9116394532200969
1302.0,0.9116470320368435
1303.0,0.9118179063775482
1304.0,0.9120936512502272
1305.0,0.9123638640290364
1306.0,0.9125496705016725
1307.0,0.9126411206848215
1308.0,0.9126829922930684
1309.0,0.9127159019540183
1310.0,0.912738131278967
1311.0,0.9127447443912712
1312.0,0.9127587766655776
1313.0,0.9128258024623718
1314.0,0.9129797245658041
1315.0,0.9131986746815094
1316.0,0.9134162323066617
1317.0,0.9135809473194139
1318.0,0.9136886117069193
1319.0,0.9137642536247591
1320.0,0.9138317735160362
1321.0,0.9138893587749949
1322.0,0.9139268099452348
1323.0,0.9139625148513035
1324.0,0.9140330499012058
1325.0,0.9141596423785026
1326.0,0.9143273210248228
1327.0,0.9144909067266471
1328.0,0.9146105177679054
1329.0,0.9146823411412004
1330.0,0.9147209586488014
1331.0,0.9147291658305311
1332.0,0.9147026915389032
1333.0,0.914646633889598
1334.0,0.9146031862181454
1335.0,0.9146415666502652
1336.0,0.914792649489159
1337.0,0.9150135502579163
1338.0,0.9152149572083621
1339.0,0.9153225265638796
1340.0,0.9153234666257973
1341.0,0.9152676150980842
1342.0,0.9152193352156073
1343.0,0.9152101353974568
1344.0,0.9152328155778541
1345.0,0.9152480666406853
1346.0,0.9152001175593683
1347.0,0.915062466644494
1348.0,0.9148718962616913
1349.0,0.9147046581423826
1350.0,0.9146193722655482
1351.0,0.9146239797304089
1352.0,0.914685073718336
1353.0,0.9147705395577312
1354.0,0.9148888214940389
1355.0,0.9150447499271578
1356.0,0.9151898146683558
1357.0,0.9152510000870364
1358.0,0.9151864684906739
1359.0,0.9150359858865906
1360.0,0.9149084957123799
1361.0,0.9148961853106792
1362.0,0.9150048552812432
1363.0,0.9151713016037872
1364.0,0.9153224848220256
1365.0,0.9154183394850623
1366.0,0.9154689139926244
1367.0,0.9155066379882324
1368.0,0.9155540493990744
1369.0,0.9156170344840189
1370.0,0.9156885839527389
1371.0,0.9157628136164317
1372.0,0.9158409649710604
1373.0,0.9159262875407119
1374.0,0.9160095273249498
1375.0,0.9160563015749281
1376.0,0.9160390400133231
1377.0,0.9159765408195268
1378.0,0.9159353071710366
1379.0,0.9159954524541993
1380.0,0.9161791857280337
1381.0,0.9164150265258866
1382.0,0.9165880643804529
1383.0,0.9166241390800095
1384.0,0.9165370330235028
1385.0,0.9164113138360981
1386.0,0.9163394430551727
1387.0,0.9163566544034913
1388.0,0.91643498485505
1389.0,0.916519389060707
1390.0,0.9165679250869022
1391.0,0.9165783322590627
1392.0,0.9165722093024932
1393.0,0.9165704089796092
1394.0,0.9165856375574428
1395.0,0.9166181201375502
1396.0,0.9166584066525745
1397.0,0.9166968326699998
1398.0,0.9167324236320258
1399.0,0.9167708227739734
1400.0,0.9168125375503792
1401.0,0.9168532747563238
1402.0,0.916892938405499
1403.0,0.9169441780152926
1404.0,0.9170337683453081
1405.0,0.9171781888067816
1406.0,0.9173611383727827
1407.0,0.917540693291898
1408.0,0.9176763135753411
1409.0,0.9177561947881852
1410.0,0.9178038078144134
1411.0,0.9178594818956644
1412.0,0.9179504277273898
1413.0,0.9180738236527177
1414.0,0.9182035422493686
1415.0,0.9183215326418426
1416.0,0.918435002050784
1417.0,0.9185458821009155
1418.0,0.9186321924413207
1419.0,0.9186657834928498
1420.0,0.9186405693035042
1421.0,0.918595833471525
1422.0,0.91859519993347
1423.0,0.918673259794565
1424.0,0.9188135523947785
1425.0,0.9189768550015986
1426.0,0.9191317535233376
1427.0,0.9192662414404776
1428.0,0.9193867445894774
1429.0,0.9195029865823926
1430.0,0.9196196429146063
1431.0,0.9197374590301175
1432.0,0.9198431166222336
1433.0,0.9199042985359116
1434.0,0.9199043299013233
1435.0,0.9198718495875583
1436.0,0.9198654845080974
1437.0,0.919934181253891
1438.0,0.9200808586146362
1439.0,0.9202610474608162
1440.0,0.9204303158638562
1441.0,0.9205838915697296
1442.0,0.9207259470260631
1443.0,0.9208390115339636
1444.0,0.9208958788804544
1445.0,0.9208833851531562
1446.0,0.9208261193050105
1447.0,0.9207742764259901
1448.0,0.9207567576979149
1449.0,0.9207662848883988
1450.0,0.920796912945987
1451.0,0.9208576316282546
1452.0,0.9209515954479405
1453.0,0.9210606143634736
1454.0,0.921143089409062
1455.0,0.9211637702894405
1456.0,0.9211285495076267
1457.0,0.9210679613455983
1458.0,0.9209918079732112
1459.0,0.9208966011819002
1460.0,0.920797376076474
1461.0,0.9207397452079757
1462.0,0.9207863944255285
1463.0,0.9209501009977982
1464.0,0.9211569995164911
1465.0,0.9212987809268559
1466.0,0.9213127677819118
1467.0,0.9212213569707499
1468.0,0.9211094370167012
1469.0,0.9210575685832951
1470.0,0.921084837482002
1471.0,0.9211628133155301
1472.0,0.9212548021365528
1473.0,0.921338138289527
1474.0,0.921412685775256
1475.0,0.9214826358255086
1476.0,0.9215452805688812
1477.0,0.9215999196845135
1478.0,0.9216459400124046
1479.0,0.921670827231042
1480.0,0.9216593612356676
1481.0,0.9216143320452972
1482.0,0.9215608321725561
1483.0,0.9215332373932296
1484.0,0.9215499833892877
1485.0,0.9215978729181536
1486.0,0.9216440631438138
1487.0,0.9216634663250824
1488.0,0.9216540277431721
1489.0,0.9216332390723303
1490.0,0.9216262037095958
1491.0,0.9216492304102858
1492.0,0.9216966287085903
1493.0,0.9217439051057548
1494.0,0.9217698385892776
1495.0,0.9217731914931331
1496.0,0.9217586438863112
1497.0,0.9217230762241132
1498.0,0.921664469871271
1499.0,0.9215894077335356
1500.0,0.9215123789041166
1501.0,0.9214486035015113
1502.0,0.9214052724039958
1503.0,0.9213801518665098
1504.0,0.9213699278112895
1505.0,0.9213742574523798
1506.0,0.9213912731673386
1507.0,0.9214216156400613
1508.0,0.9214774436321665
1509.0,0.9215685586367546
1510.0,0.9216805398337432
1511.0,0.921790496477414
1512.0,0.9218990783686016
1513.0,0.9220088164812361
1514.0,0.9220880111326377
1515.0,0.922118290080063
1516.0,0.9221453808054423
1517.0,0.922217139877394
1518.0,0.922313271770521
1519.0,0.9223875610007393
1520.0,0.9224311768637481
1521.0,0.9224665477612171
1522.0,0.9225162017813221
1523.0,0.9225779136495584
1524.0,0.922623341308708
1525.0,0.9226332506189441
1526.0,0.9226182500668422
1527.0,0.9225957462644272
1528.0,0.9225750831747385
1529.0,0.9225736772517744
1530.0,0.9226115126271243
1531.0,0.9226830450166075
1532.0,0.9227618323652012
1533.0,0.922835706487739
1534.0,0.9229105569888078
1535.0,0.9229828045903015
1536.0,0.9230343268474459
1537.0,0.9230466794506142
1538.0,0.9230205765497476
1539.0,0.9229844840357326
1540.0,0.9229713614231316
1541.0,0.9229886384972964
1542.0,0.9230229018164207
1543.0,0.923063376260407
1544.0,0.9231066504964303
1545.0,0.9231519382140176
1546.0,0.9231898049792839
1547.0,0.9231997932709256
1548.0,0.9231757260543568
1549.0,0.9231410816243674
1550.0,0.923136733917942
1551.0,0.9231936427185803
1552.0,0.9233083628680195
1553.0,0.9234451589835697
1554.0,0.9235664073179434
1555.0,0.9236593041983745
1556.0,0.923733034427707
1557.0,0.9238041399420991
1558.0,0.9238815592928727
1559.0,0.9239613494058548
1560.0,0.9240368990582827
1561.0,0.9241051632281043
1562.0,0.9241653932846305
1563.0,0.9242172981747949
1564.0,0.9242590633562661
1565.0,0.9242889578190603
1566.0,0.9243080874563037
1567.0,0.924323921114241
1568.0,0.9243502826014355
1569.0,0.9243937240282714
1570.0,0.9244437084052617
1571.0,0.9244928653327084
1572.0,0.9245543611294825
1573.0,0.9246242709310577
1574.0,0.924660078358839
1575.0,0.924645110671532
1576.0,0.9246255745207405
1577.0,0.9246418265310428
1578.0,0.9246760165922047
1579.0,0.9246901022443591
1580.0,0.9246715647718797
1581.0,0.9246429316285362
1582.0,0.9246386091331139
1583.0,0.9246578710729205
1584.0,0.9246642234508746
1585.0,0.9246413072618855
1586.0,0.9246085204967268
1587.0,0.9245817375872784
1588.0,0.9245666949619467
1589.0,0.9245859486287353
1590.0,0.9246591465343821
1591.0,0.9247644631970793
1592.0,0.9248525724853949
1593.0,0.9248900653625941
1594.0,0.9248779207676051
1595.0,0.9248398239418021
1596.0,0.9248016371835535
1597.0,0.9247715527794333
1598.0,0.9247470071157036
1599.0,0.0
