0.0,0.0
1.0,0.0
2.0,0.0
3.0,0.0
4.0,0.0
5.0,0.0
6.0,0.0
7.0,0.0
8.0,0.0
9.0,0.0
10.0,0.0
11.0,0.0
12.0,0.0
13.0,0.0
14.0,0.0
15.0,0.0
16.0,0.0
17.0,0.0
18.0,0.0
19.0,0.0
20.0,0.0
21.0,0.0
22.0,0.0
23.0,0.0
24.0,0.0
25.0,0.0
26.0,0.0
27.0,0.0
28.0,0.0
29.0,0.0
30.0,0.0
31.0,0.0
32.0,0.0
33.0,0.0
34.0,0.0
35.0,0.0
36.0,0.0
37.0,0.0
38.0,0.0
39.0,0.0
40.0,0.0
41.0,0.0
42.0,0.0
43.0,0.0
44.0,0.0
45.0,0.0
46.0,0.0
47.0,0.0
48.0,0.0
49.0,0.0
50.0,0.0
51.0,0.0
52.0,0.0
53.0,0.0
54.0,0.0
55.0,0.0
56.0,0.0
57.0,0.0
58.0,0.0
59.0,0.0
60.0,0.0
61.0,0.0
62.0,0.0
63.0,0.0
64.0,0.0
65.0,0.0
66.0,0.0
67.0,0.0
68.0,0.0
69.0,0.0
70.0,0.0
71.0,0.0
72.0,0.0
73.0,0.0
74.0,0.0
75.0,0.0
76.0,0.0
77.0,0.0
78.0,0.0
79.0,0.0
80.0,0.0
81.0,0.0
82.0,0.0
83.0,0.0
84.0,0.0
85.0,0.0
86.0,0.0
87.0,0.0
88.0,0.0
89.0,0.0
90.0,0.0
91.0,0.0
92.0,0.0
93.0,0.0
94.0,0.0
95.0,0.0
96.0,0.0
97.0,0.0
98.0,0.0
99.0,0.0
100.0,0.0
101.0,0.0
102.0,0.0
103.0,0.0
104.0,0.0
105.0,0.0
106.0,0.0
107.0,0.0
108.0,0.0
109.0,0.0
110.0,0.0
111.0,0.0
112.0,0.0
113.0,0.0
114.0,0.0
115.0,0.0
116.0,0.0
117.0,0.0
118.0,0.0
119.0,0.0
120.0,0.0
121.0,0.0
122.0,0.0
123.0,0.0
124.0,0.0
125.0,0.0
126.0,0.0
127.0,0.0
128.0,0.0
129.0,0.0
130.0,0.0
131.0,0.0
132.0,0.0
133.0,0.0
134.0,0.0
135.0,0.0
136.0,0.0
137.0,0.0
138.0,0.0
139.0,0.0
140.0,0.0
141.0,0.0
142.0,0.0
143.0,0.0
144.0,0.0
145.0,0.0
146.0,0.0
147.0,0.0
148.0,0.0
149.0,0.0
150.0,0.0
151.0,0.0
152.0,0.0
153.0,0.0
154.0,0.0
155.0,0.0
156.0,0.0
157.0,0.0
158.0,0.0
159.0,0.0
160.0,0.0
161.0,0.0
162.0,0.0
163.0,0.0
164.0,0.0
165.0,0.0
166.0,0.0
167.0,0.0
168.0,0.0
169.0,0.0
170.0,0.0
171.0,0.0
172.0,0.0
173.0,0.0
174.0,0.0
175.0,0.0
176.0,0.0
177.0,0.0
178.0,0.0
179.0,0.0
180.0,0.0
181.0,0.0
182.0,0.0
183.0,0.0
184.0,0.0
185.0,0.0
186.0,0.0
187.0,0.0
188.0,0.0
189.0,0.004445615097889322
190.0,0.008805669217121448
191.0,0.013186687301052435
192.0,0.01720075640995633
193.0,0.02058845339818105
194.0,0.023329380676156863
195.0,0.025695205486694683
196.0,0.028064783738437904
197.0,0.030679306860799227
198.0,0.033575899183352687
199.0,0.03662061280939233
200.0,0.03957431379353504
201.0,0.042228975173163485
202.0,0.04449528117605217
203.0,0.04639414734724656
204.0,0.04795460782322203
205.0,0.04909299875760731
206.0,0.04954497047444539
207.0,0.049151264249290616
208.0,0.04824048373088807
209.0,0.04737076992127209
210.0,0.046745178844841084
211.0,0.04626189211712839
212.0,0.045950664946522
213.0,0.04603134127333186
214.0,0.04674459723568103
215.0,0.04823057672455866
216.0,0.050486299907693044
217.0,0.05333304648313353
218.0,0.05650396801410962
219.0,0.05988054616761562
220.0,0.0635710110228358
221.0,0.06752763288644037
222.0,0.0713206813565973
223.0,0.07442282217302465
224.0,0.07656831025409916
225.0,0.07789317735398604
226.0,0.07875609072823142
227.0,0.0793227453322719
228.0,0.07946388262474524
229.0,0.07916158389181382
230.0,0.07867483569649858
231.0,0.07831583663229569
232.0,0.0782771290631874
233.0,0.07862937985706908
234.0,0.07935495920186708
235.0,0.08041022157788602
236.0,0.08182763634946155
237.0,0.08377601047463368
238.0,0.08631072650648985
239.0,0.08911550259001799
240.0,0.09172196941148758
241.0,0.09389398743242416
242.0,0.09566159235817484
243.0,0.0971264167516026
244.0,0.09833435175313288
245.0,0.09922395190481614
246.0,0.09974809168508969
247.0,0.09998491002773957
248.0,0.10008887217669915
249.0,0.10019023742962085
250.0,0.1003447432316168
251.0,0.10054696865995638
252.0,0.10081491520624064
253.0,0.10123641017837326
254.0,0.10192492583021695
255.0,0.10293256101296544
256.0,0.10416704040713565
257.0,0.10546447257942237
258.0,0.106780809572252
259.0,0.10818327186521459
260.0,0.10964928731127077
261.0,0.11103436186622806
262.0,0.11220128564216847
263.0,0.1130934228989483
264.0,0.11372019730662808
265.0,0.11414624572514998
266.0,0.11446325655730405
267.0,0.1147425701820246
268.0,0.11500612794682075
269.0,0.11523691183587914
270.0,0.11541322316841052
271.0,0.11547743634661067
272.0,0.11533442476662081
273.0,0.11499513628308455
274.0,0.11463595227097068
275.0,0.11443053064945019
276.0,0.11440722729934072
277.0,0.11453044030045378
278.0,0.1148056804570301
279.0,0.11528601692498841
280.0,0.1160342619011564
281.0,0.11705724116022331
282.0,0.11829412177483345
283.0,0.1196757145601467
284.0,0.12117770313938003
285.0,0.12283397815843411
286.0,0.1246380661262978
287.0,0.12640623431912246
288.0,0.1278345963903732
289.0,0.12868020490861387
290.0,0.1289209573748321
291.0,0.128768788007665
292.0,0.1284261277110511
293.0,0.12781850682675133
294.0,0.12682248938538776
295.0,0.1256149293558224
296.0,0.12450648902805483
297.0,0.12362633968828918
298.0,0.12295469124900515
299.0,0.12248845287741028
300.0,0.12230965642478564
301.0,0.1225749624494692
302.0,0.12342275160614025
303.0,0.12486689581432575
304.0,0.12670295157042688
305.0,0.12860324082296226
306.0,0.1303915883039204
307.0,0.13212532266878763
308.0,0.13382487444864188
309.0,0.13533302050142848
310.0,0.13645711399287508
311.0,0.13712213937414242
312.0,0.13743317118987874
313.0,0.1375391170044159
314.0,0.13739027885583743
315.0,0.13681963969348354
316.0,0.1358364455193497
317.0,0.13473533641545454
318.0,0.13397347451317743
319.0,0.13392189802187493
320.0,0.13468468602207528
321.0,0.13603892258656447
322.0,0.13758478002707875
323.0,0.13898047084826293
324.0,0.140112186386263
325.0,0.14103746105305848
326.0,0.14181822621766837
327.0,0.14253746588065175
328.0,0.1433011407015602
329.0,0.14412595555301866
330.0,0.1448860139046122
331.0,0.14536448500308885
332.0,0.14538484212552327
333.0,0.14493164590797503
334.0,0.14416915100043326
335.0,0.14335229967853358
336.0,0.14268435262625567
337.0,0.14225076305467588
338.0,0.14199957139498498
339.0,0.1417852018656811
340.0,0.1414497556774873
341.0,0.1408668968894663
342.0,0.14003624022510075
343.0,0.13913038545965906
344.0,0.13843062040202814
345.0,0.1382038216417456
346.0,0.13852006916022797
347.0,0.13918897834243005
348.0,0.13995011523254308
349.0,0.14072223521121874
350.0,0.14154241965541503
351.0,0.14238998990992124
352.0,0.1432404894952638
353.0,0.14413986698574843
354.0,0.1451261990259216
355.0,0.14614830719231653
356.0,0.1470631234616917
357.0,0.1476995086877183
358.0,0.14792982172053937
359.0,0.14773150737411533
360.0,0.1472270199145126
361.0,0.14657967845563713
362.0,0.14577132791661263
363.0,0.14465229366571553
364.0,0.14331059726160245
365.0,0.14210736513182942
366.0,0.14132862237317856
367.0,0.14100371974225379
368.0,0.14101281195691284
369.0,0.14126050496156173
370.0,0.14180967808763023
371.0,0.1427698300464162
372.0,0.1440725061950502
373.0,0.14550709256823735
374.0,0.14691156372789804
375.0,0.14822345837888762
376.0,0.14942485994951216
377.0,0.15046856957579968
378.0,0.15123170312486067
379.0,0.1515563873764536
380.0,0.15133542483017381
381.0,0.15065924395527497
382.0,0.1497925444964796
383.0,0.14882617674156895
384.0,0.1475520806136229
385.0,0.14594927453492357
386.0,0.14440962532095292
387.0,0.14329839586340376
388.0,0.14265123187174344
389.0,0.14235321049534655
390.0,0.14237296366179453
391.0,0.14287320073836918
392.0,0.1440779222268831
393.0,0.14596816751327024
394.0,0.14823212357162907
395.0,0.15049832928160978
396.0,0.15253199317821642
397.0,0.1542690616045992
398.0,0.15570786529356906
399.0,0.1567427222455291
400.0,0.15710398271247816
401.0,0.15643087995963234
402.0,0.1546981291999503
403.0,0.1524763456898104
404.0,0.15041053535710636
405.0,0.14861106950670533
406.0,0.14690726805823595
407.0,0.14533131915292896
408.0,0.1440775695091786
409.0,0.14330892496366676
410.0,0.14302249831104585
411.0,0.14304925189774464
412.0,0.14322699497884162
413.0,0.14352510891110282
414.0,0.14394754674533328
415.0,0.14444731187452053
416.0,0.14494868740764255
417.0,0.1453864360200069
418.0,0.14573531639677006
419.0,0.14600466972507709
420.0,0.14619811892748402
421.0,0.14630150823295718
422.0,0.1463071650469191
423.0,0.14622350011453278
424.0,0.1460711391416073
425.0,0.1458168540327932
426.0,0.1453122006780253
427.0,0.14446807619556656
428.0,0.1434463633868137
429.0,0.14250688529162325
430.0,0.1417431258295878
431.0,0.14110587778147066
432.0,0.14056281765903889
433.0,0.14016709359491764
434.0,0.1400412023180121
435.0,0.14025007395760836
436.0,0.14070884507254222
437.0,0.14120782697244338
438.0,0.14152560429011418
439.0,0.14152683991407422
440.0,0.14122292274634907
441.0,0.14077653321345796
442.0,0.14041550184258145
443.0,0.14035251171542884
444.0,0.14066727758204256
445.0,0.14122806844631774
446.0,0.14177560412325063
447.0,0.14210064737353822
448.0,0.1421642895570424
449.0,0.14206382226409842
450.0,0.14192875181498044
451.0,0.14181483005836693
452.0,0.14170025485608262
453.0,0.14157132130597194
454.0,0.14143416583177182
455.0,0.14128349576458665
456.0,0.14110937421202696
457.0,0.1409142763493504
458.0,0.14069679263616364
459.0,0.14043487882265904
460.0,0.14010683514470457
461.0,0.13971722121598873
462.0,0.1393119048487178
463.0,0.13896500208683227
464.0,0.13875280175409033
465.0,0.13871492880646585
466.0,0.13879748432917627
467.0,0.13891101490866342
468.0,0.13915174611934922
469.0,0.13975270553718322
470.0,0.14066971144942841
471.0,0.14150387957346822
472.0,0.14187693534501122
473.0,0.1417101912415747
474.0,0.14118781561161897
475.0,0.1405440346243786
476.0,0.13981599006525436
477.0,0.13889762608915035
478.0,0.13781930317286173
479.0,0.136805355540778
480.0,0.13612893626999445
481.0,0.1359436331770647
482.0,0.13620854014938455
483.0,0.1367250624627212
484.0,0.13727425095091794
485.0,0.1377163647799896
486.0,0.13801840973182877
487.0,0.13821694460113354
488.0,0.13834609997762215
489.0,0.1384649029306303
490.0,0.13865540147382494
491.0,0.13890408390511444
492.0,0.13906322148740424
493.0,0.13896498893915232
494.0,0.13854950121593257
495.0,0.13790402631426346
496.0,0.137172564746732
497.0,0.1363709299262762
498.0,0.13539226351796052
499.0,0.13425264264608627
500.0,0.1331570683674348
501.0,0.13232937266309652
502.0,0.13186879245165883
503.0,0.13173544813108617
504.0,0.13181597988472138
505.0,0.13203089666050738
506.0,0.1323601859018737
507.0,0.13278974022984658
508.0,0.13326778579776433
509.0,0.13369349009544895
510.0,0.13395892884050176
511.0,0.13400269466042258
512.0,0.13385852876231008
513.0,0.13364510056091705
514.0,0.13353358801018278
515.0,0.13367038912002116
516.0,0.13403111663732925
517.0,0.13439010731148726
518.0,0.1344357317662549
519.0,0.13396979944751686
520.0,0.13307713918617092
521.0,0.13208558424193184
522.0,0.13133341065351367
523.0,0.1309521533123592
524.0,0.13086797920571702
525.0,0.13091459119763904
526.0,0.13096259936296772
527.0,0.1309851903277599
528.0,0.13099090663623847
529.0,0.1309730636040426
530.0,0.13090499900465313
531.0,0.13075865245401075
532.0,0.1305330306796988
533.0,0.13026498611157578
534.0,0.1300142742547058
535.0,0.12983213466820687
536.0,0.1297376025466137
537.0,0.12970771521954305
538.0,0.12969464937184227
539.0,0.12964852808907112
540.0,0.12953892187993532
541.0,0.12937304223764456
542.0,0.12918634641327043
543.0,0.12899900353069738
544.0,0.12879142034191504
545.0,0.12855218984556294
546.0,0.1283136327269071
547.0,0.12812447274859362
548.0,0.12801143421353667
549.0,0.12796284398931657
550.0,0.1279405928410995
551.0,0.12791356452058167
552.0,0.12787591476648996
553.0,0.1278284069498714
554.0,0.12777256507609303
555.0,0.1277246965461175
556.0,0.1277049241007795
557.0,0.1277130050812656
558.0,0.12772310187375369
559.0,0.12769949753359155
560.0,0.12761611932730477
561.0,0.12746616894117613
562.0,0.12726301367250603
563.0,0.12702863757505456
564.0,0.1267821680728941
565.0,0.12653293151068812
566.0,0.12627605444327628
567.0,0.12599621395768368
568.0,0.12566428003487262
569.0,0.12524689831128566
570.0,0.12475631563241207
571.0,0.12425875483447923
572.0,0.12378377981583577
573.0,0.12328511769104711
574.0,0.1227501318940648
575.0,0.12227217744990326
576.0,0.12201175251269725
577.0,0.12208556063330644
578.0,0.1224499210547233
579.0,0.1229176732409657
580.0,0.12330534334489907
581.0,0.12354124368492836
582.0,0.12363974720075077
583.0,0.12365674195792342
584.0,0.12365128038702289
585.0,0.12365225890922082
586.0,0.1236595575010675
587.0,0.12364511446037063
588.0,0.12356311835148392
589.0,0.12337618132136274
590.0,0.12307471265569492
591.0,0.12268480532630155
592.0,0.12225227394897764
593.0,0.12179182869911043
594.0,0.12126352250074768
595.0,0.12067845125691279
596.0,0.12017382843680646
597.0,0.11994966902558601
598.0,0.12013736039788614
599.0,0.12064740713812305
600.0,0.12119132246636
601.0,0.12150988383537531
602.0,0.12155169539608968
603.0,0.12140467529109988
604.0,0.12118084169368593
605.0,0.12098972245697237
606.0,0.12089172862533681
607.0,0.12087507589339153
608.0,0.12084911222903394
609.0,0.12064539475434921
610.0,0.12014075374128941
611.0,0.11939483080793467
612.0,0.11863576949048016
613.0,0.11811586884153524
614.0,0.11796052631709852
615.0,0.118123993205966
616.0,0.11841178309485423
617.0,0.11858484531632996
618.0,0.1184914297702413
619.0,0.11813112397103787
620.0,0.11766963898001737
621.0,0.11734888413800038
622.0,0.1173594585672636
623.0,0.11774554295713058
624.0,0.11836254859801087
625.0,0.1189631119552984
626.0,0.11933784486251264
627.0,0.1194316562236607
628.0,0.11934665514292564
629.0,0.11924595641363145
630.0,0.11925467238432164
631.0,0.11938994865813879
632.0,0.11958329019076086
633.0,0.11975444206062769
634.0,0.1198795669285877
635.0,0.1199849038904639
636.0,0.1200638426046079
637.0,0.12002555658267211
638.0,0.11970268518236349
639.0,0.11899520640375727
640.0,0.11801765291899913
641.0,0.11704562452234846
642.0,0.11632797194987687
643.0,0.11594820441137232
644.0,0.1158222853094586
645.0,0.11577549051713776
646.0,0.11566754396050205
647.0,0.11545361789191488
648.0,0.11517145745329205
649.0,0.11494057264547886
650.0,0.11490899757046746
651.0,0.1151553177465856
652.0,0.11563188886499776
653.0,0.11617450653866734
654.0,0.11659412361351884
655.0,0.11677408706195502
656.0,0.11672283801659622
657.0,0.11654570577656576
658.0,0.11635881168857642
659.0,0.1162240343032922
660.0,0.11612809020978698
661.0,0.11603232655865947
662.0,0.1159107672390407
663.0,0.11574092280202541
664.0,0.11551721225827483
665.0,0.11527194992817447
666.0,0.11504313524805809
667.0,0.11481973342185092
668.0,0.11458453272213842
669.0,0.11439444343378391
670.0,0.11434582886907896
671.0,0.11448917424086325
672.0,0.11481994835755038
673.0,0.11532086382210427
674.0,0.11599153042798671
675.0,0.11685683961638615
676.0,0.1179136293033165
677.0,0.11910639008158852
678.0,0.12044951441532392
679.0,0.1220665323403477
680.0,0.12395140421297479
681.0,0.12588493842647952
682.0,0.12775509754683734
683.0,0.1296893841282526
684.0,0.13173731546940826
685.0,0.133642242213319
686.0,0.1348886091444691
687.0,0.1350006610888036
688.0,0.13388194465326897
689.0,0.1318779330212495
690.0,0.12950742955632666
691.0,0.12715423499303202
692.0,0.12495230220916376
693.0,0.12286840176792402
694.0,0.12093341749328013
695.0,0.11925732623789442
696.0,0.11789156566484094
697.0,0.11680156636459826
698.0,0.11592326603974479
699.0,0.11522626881916304
700.0,0.1147427577256736
701.0,0.11445430608219753
702.0,0.11420175563505086
703.0,0.11377567038217645
704.0,0.11306011514228737
705.0,0.1121317290360993
706.0,0.11122498244599521
707.0,0.11060057133986145
708.0,0.11038563824451614
709.0,0.11049750012800502
710.0,0.11070963728637251
711.0,0.1107976999634428
712.0,0.11067558212705247
713.0,0.110397986226969
714.0,0.11008411145623764
715.0,0.10982619114782277
716.0,0.10963975152739286
717.0,0.10950447470740055
718.0,0.10940720736482717
719.0,0.1093617258066959
720.0,0.1093859090923408
721.0,0.1094560619588808
722.0,0.10953911762799673
723.0,0.10965665769597044
724.0,0.10984488374573931
725.0,0.11008010603206975
726.0,0.1102705396821193
727.0,0.11030390072765489
728.0,0.11012351647536611
729.0,0.10976656737669982
730.0,0.10933278806648261
731.0,0.10891275397074174
732.0,0.10855647471434177
733.0,0.10826883916615021
734.0,0.10801442181733756
735.0,0.1077473256219258
736.0,0.10743327038453704
737.0,0.10707899964753959
738.0,0.10676769584344298
739.0,0.10662418523883616
740.0,0.10672968946582218
741.0,0.10706163753621095
742.0,0.10750311232972126
743.0,0.10792221152219766
744.0,0.10826214568910941
745.0,0.10853742476717254
746.0,0.10873882148232611
747.0,0.10880621306162769
748.0,0.10866920689661708
749.0,0.10832660568935198
750.0,0.10789326161742346
751.0,0.10753858340619182
752.0,0.10737953125893485
753.0,0.10741478646611641
754.0,0.10754428208473055
755.0,0.10760939836549682
756.0,0.10746867510915098
757.0,0.10711466169276807
758.0,0.10670103413603732
759.0,0.1064547358647564
760.0,0.10652952046990749
761.0,0.1068981726350634
762.0,0.10737935012651156
763.0,0.1077946149910774
764.0,0.1080941698865216
765.0,0.1083042833345621
766.0,0.10845356167592779
767.0,0.10855762918806633
768.0,0.10861510015341208
769.0,0.10862534000317015
770.0,0.1085996731797052
771.0,0.10855806671871865
772.0,0.10851567293307085
773.0,0.10846861404527508
774.0,0.10840564693984589
775.0,0.10833367229525503
776.0,0.10827157968594464
777.0,0.10822684027448504
778.0,0.10816384558124248
779.0,0.10799703510185354
780.0,0.10766270054704419
781.0,0.1071864326143302
782.0,0.10669016036567369
783.0,0.10633013212216097
784.0,0.10620390972571925
785.0,0.10629782038744762
786.0,0.1065086580116128
787.0,0.1067232199885001
788.0,0.10687256462742728
789.0,0.1069574199389206
790.0,0.1070326257284227
791.0,0.10715962174326882
792.0,0.1073761848413537
793.0,0.10767412408944282
794.0,0.10799748728793257
795.0,0.10827859627679393
796.0,0.10848579480581216
797.0,0.10862631382577825
798.0,0.10869779152518055
799.0,0.10866699642050176
800.0,0.10848447991664911
801.0,0.10814357606126873
802.0,0.10773127122515369
803.0,0.10737857038322635
804.0,0.1071657178015285
805.0,0.10707870667112013
806.0,0.10704018134439652
807.0,0.10695640170332815
808.0,0.10676597798572396
809.0,0.10647593199397187
810.0,0.1061485810933035
811.0,0.10583823223231648
812.0,0.10554043310007444
813.0,0.10523042494993229
814.0,0.10492166223543131
815.0,0.10470298730056316
816.0,0.10469214276916688
817.0,0.10487945681008748
818.0,0.10509186480585114
819.0,0.10514814338648582
820.0,0.10499503533076582
821.0,0.10469614721207593
822.0,0.1043517967365829
823.0,0.10400900371304295
824.0,0.10365000768177723
825.0,0.10327945365410962
826.0,0.10295110286050624
827.0,0.1027238576755507
828.0,0.10261986654934929
829.0,0.10261210618609962
830.0,0.10264625730029847
831.0,0.10268096642750618
832.0,0.10270497686336755
833.0,0.10272594985121514
834.0,0.10274785706030287
835.0,0.10275335477403735
836.0,0.10272645842499134
837.0,0.10268004663267061
838.0,0.10266575495992247
839.0,0.10275186083558674
840.0,0.10296386924968065
841.0,0.10325554958706656
842.0,0.10354262687774629
843.0,0.10376031652996276
844.0,0.10388930945426705
845.0,0.10395014969735372
846.0,0.1039690498051129
847.0,0.10395279115085321
848.0,0.1039043518983066
849.0,0.10383212391700286
850.0,0.10374422927603677
851.0,0.1036447958358454
852.0,0.10353356463733165
853.0,0.1034140181108526
854.0,0.10330383843595553
855.0,0.10322547606030441
856.0,0.10318819477727847
857.0,0.10317249284391489
858.0,0.10313133114291995
859.0,0.10301956738000717
860.0,0.10282414429857667
861.0,0.1025902523620898
862.0,0.10241042047951665
863.0,0.10236992427676961
864.0,0.10249480115974047
865.0,0.1027284350584261
866.0,0.1029662712923663
867.0,0.10312644691575895
868.0,0.1031998967792459
869.0,0.10322539550083609
870.0,0.10323925492735231
871.0,0.10326099946906248
872.0,0.10329051631109332
873.0,0.10332055786273597
874.0,0.10334363410338598
875.0,0.10333585504768827
876.0,0.10327745031924201
877.0,0.10320347963659576
878.0,0.10319170778445685
879.0,0.10329762744930804
880.0,0.10351645895305278
881.0,0.10379820792629496
882.0,0.10409767367621642
883.0,0.10442361781916182
884.0,0.10479629344256741
885.0,0.10516895231398282
886.0,0.10545945790708183
887.0,0.10562911572965183
888.0,0.10569267199501775
889.0,0.10568037554480081
890.0,0.10560736067446014
891.0,0.10546130221668265
892.0,0.1052401058852066
893.0,0.10497927960616321
894.0,0.10470419562280953
895.0,0.10439886356089356
896.0,0.10406358756450107
897.0,0.10374768888472252
898.0,0.1034956253565773
899.0,0.10330988705504529
900.0,0.10317747923682052
901.0,0.1031050690396168
902.0,0.10313984345700078
903.0,0.10333005408208601
904.0,0.10364411828903258
905.0,0.10396099687931859
906.0,0.10413299208037641
907.0,0.10409435532877798
908.0,0.10392581285914726
909.0,0.10382569671887637
910.0,0.10401237025659937
911.0,0.1045503342544774
912.0,0.10526371813947383
913.0,0.10583832350019717
914.0,0.10602294399894768
915.0,0.10579169895916612
916.0,0.10534121218235676
917.0,0.10492461556833749
918.0,0.10465691388655907
919.0,0.10451527576994696
920.0,0.10444532832753162
921.0,0.10444063785358793
922.0,0.10456139745980175
923.0,0.10481610850165712
924.0,0.10509067846075837
925.0,0.10521008162005546
926.0,0.1050574124299673
927.0,0.10466914644946479
928.0,0.10421787251806602
929.0,0.10389388422993168
930.0,0.10378338950060223
931.0,0.10384754881244707
932.0,0.10397517725036509
933.0,0.10407133068824703
934.0,0.10411106649217133
935.0,0.10411485242972673
936.0,0.10411864400357357
937.0,0.10415017884205813
938.0,0.1042160388304667
939.0,0.10430908049249332
940.0,0.10441803853401066
941.0,0.10453683374511968
942.0,0.10466431718074048
943.0,0.10479811535302663
944.0,0.10492380816426583
945.0,0.10501404166393258
946.0,0.10505934371057296
947.0,0.10508485377050869
948.0,0.10511503767213692
949.0,0.10514459979639024
950.0,0.10516487499162053
951.0,0.10519107792011029
952.0,0.10526345316969443
953.0,0.10542113486573312
954.0,0.10565718994107248
955.0,0.10591720007988792
956.0,0.10615165990845665
957.0,0.10634724786513694
958.0,0.10650473280010564
959.0,0.10662564348860537
960.0,0.10671752088734698
961.0,0.10678782775750617
962.0,0.10683362813133135
963.0,0.10684806952121173
964.0,0.1068357978410246
965.0,0.10681016425746559
966.0,0.10678018616661916
967.0,0.1067163457142114
968.0,0.1065360345927781
969.0,0.1061957463276757
970.0,0.10577054921175966
971.0,0.10540429642426513
972.0,0.10520431787018425
973.0,0.10518314422047814
974.0,0.1052763981089247
975.0,0.10544617867130701
976.0,0.10574021733212047
977.0,0.10617458261232482
978.0,0.10665118161176579
979.0,0.10701099359497623
980.0,0.10713836363053386
981.0,0.1070425451339827
982.0,0.10683388190649457
983.0,0.10659398583202345
984.0,0.10632212050647333
985.0,0.10602184447505991
986.0,0.10574920460667708
987.0,0.10559250640599649
988.0,0.10561174510092919
989.0,0.1057843889533594
990.0,0.10601740730695974
991.0,0.10621268646384902
992.0,0.10632551908084886
993.0,0.10637552420190166
994.0,0.10644266446468598
995.0,0.10663188854555661
996.0,0.10699210916451157
997.0,0.10746935786777914
998.0,0.10791777337802805
999.0,0.10817696550691341
1000.0,0.10818974035924236
1001.0,0.10805409858294138
1002.0,0.10799412582326248
1003.0,0.10822706134752702
1004.0,0.1087874938539225
1005.0,0.1094827827509133
1006.0,0.11002188152609682
1007.0,0.11021349440168149
1008.0,0.11006770147990966
1009.0,0.1097610616145224
1010.0,0.10949115462354791
1011.0,0.10934692101033983
1012.0,0.10931603403487089
1013.0,0.10932909119702916
1014.0,0.10931010692224458
1015.0,0.1092284030985029
1016.0,0.10910781434784414
1017.0,0.10899352811650057
1018.0,0.10890063827399218
1019.0,0.10881615033100761
1020.0,0.10873760473758587
1021.0,0.10870363917828835
1022.0,0.10879414407748611
1023.0,0.10904688541722371
1024.0,0.10939168979108338
1025.0,0.10968513272507335
1026.0,0.10980300846052693
1027.0,0.10972554233963089
1028.0,0.10954676776280747
1029.0,0.10939456205278997
1030.0,0.10933411904109125
1031.0,0.10935717062894693
1032.0,0.10942258229078833
1033.0,0.10951276378975128
1034.0,0.10965266869886964
1035.0,0.10985058181939156
1036.0,0.11005974853865944
1037.0,0.11019114863471202
1038.0,0.11017850212944441
1039.0,0.11005411741329796
1040.0,0.10993191271328889
1041.0,0.10991018736663563
1042.0,0.11001016755772333
1043.0,0.11019460200879316
1044.0,0.11040742523084929
1045.0,0.11061355803020423
1046.0,0.11081166230991035
1047.0,0.11101431615272664
1048.0,0.1112222496850587
1049.0,0.1114096968408817
1050.0,0.11156548161819305
1051.0,0.11173166832105175
1052.0,0.11196826200941551
1053.0,0.11230147566326912
1054.0,0.11272522997695614
1055.0,0.11322912561347248
1056.0,0.11382611748053262
1057.0,0.11455164048946193
1058.0,0.11539808728017148
1059.0,0.11630095517725261
1060.0,0.11724023832825092
1061.0,0.11826392988163295
1062.0,0.11935356931460783
1063.0,0.12038845581460239
1064.0,0.12127146197386507
1065.0,0.12199433229881265
1066.0,0.12257830522758009
1067.0,0.12303544836404601
1068.0,0.12337941434345367
1069.0,0.12361633812118283
1070.0,0.12373112796559502
1071.0,0.12368405295532531
1072.0,0.12341859889341561
1073.0,0.12292243376513443
1074.0,0.1222755923061502
1075.0,0.12157426137530919
1076.0,0.12082610523688408
1077.0,0.12001363663070577
1078.0,0.1191986431320991
1079.0,0.1184798360862564
1080.0,0.1179079187353696
1081.0,0.11745184839221046
1082.0,0.11702537079827327
1083.0,0.11654862009626193
1084.0,0.11600062949096326
1085.0,0.11540882068621727
1086.0,0.11480725297298644
1087.0,0.11420092177397823
1088.0,0.1135740476269459
1089.0,0.11296693931177476
1090.0,0.11248489078460583
1091.0,0.11221852845053881
1092.0,0.11216876362756473
1093.0,0.11223014036905732
1094.0,0.11225909535434847
1095.0,0.11217309886120708
1096.0,0.11199691407760856
1097.0,0.11181938128163593
1098.0,0.11172675323683967
1099.0,0.11175620859766758
1100.0,0.11187898471346375
1101.0,0.1120306973986567
1102.0,0.11215513461536131
1103.0,0.1122354143612875
1104.0,0.11229566961185367
1105.0,0.11237310219019148
1106.0,0.11249399715363068
1107.0,0.11265934202281241
1108.0,0.11283583038788036
1109.0,0.11297157292508211
1110.0,0.11303221603793778
1111.0,0.11302494628889262
1112.0,0.11299012637627542
1113.0,0.11297063130441232
1114.0,0.11298743390142221
1115.0,0.11302869689300446
1116.0,0.11305923938161797
1117.0,0.11304635610554664
1118.0,0.11297945326554548
1119.0,0.11288003242379768
1120.0,0.11279639233055874
1121.0,0.1127714095697682
1122.0,0.11280969617582925
1123.0,0.11287252446976942
1124.0,0.11290382513424774
1125.0,0.11286971283868641
1126.0,0.11278028451817851
1127.0,0.11267956015607578
1128.0,0.11261122843670143
1129.0,0.11259220883773807
1130.0,0.11260985214015554
1131.0,0.1126556470533891
1132.0,0.1127566599062926
1133.0,0.11293347784508151
1134.0,0.11315358534623612
1135.0,0.11332436963353698
1136.0,0.11333805432870214
1137.0,0.11317029223055758
1138.0,0.11291750091994646
1139.0,0.11272662176157833
1140.0,0.11268999797552748
1141.0,0.11279715065790624
1142.0,0.11295602014772799
1143.0,0.11306390510209996
1144.0,0.11307752259899778
1145.0,0.11301780506619558
1146.0,0.11293478759945785
1147.0,0.1128572524023484
1148.0,0.11277976438002688
1149.0,0.11270128323233886
1150.0,0.11263911754121245
1151.0,0.11261390840142493
1152.0,0.1126324316989746
1153.0,0.11267945752466105
1154.0,0.11273450527430101
1155.0,0.11279645278859413
1156.0,0.11287346714163105
1157.0,0.1129592260115927
1158.0,0.1130432529844046
1159.0,0.11312917866039479
1160.0,0.11322235431613992
1161.0,0.11331402605892293
1162.0,0.1133895219928161
1163.0,0.1134422224229738
1164.0,0.11347986207648786
1165.0,0.11351851837812507
1166.0,0.11356167671779999
1167.0,0.11359869319798777
1168.0,0.11364481391939502
1169.0,0.1137519332944002
1170.0,0.11397370072756208
1171.0,0.11431141046005572
1172.0,0.11466801190132675
1173.0,0.11489858484768561
1174.0,0.11492263991072194
1175.0,0.1147788206274962
1176.0,0.11457890465748541
1177.0,0.1144258455807684
1178.0,0.11435543244347401
1179.0,0.11433528085752662
1180.0,0.11432218814722872
1181.0,0.11429485662027328
1182.0,0.11425333485657613
1183.0,0.11420903856332068
1184.0,0.11416815424176407
1185.0,0.11413121943919419
1186.0,0.11410082352485745
1187.0,0.11409223761104162
1188.0,0.11413328923964042
1189.0,0.11423351354462641
1190.0,0.11436817409475356
1191.0,0.11451372099828053
1192.0,0.11467497333499274
1193.0,0.1148543977371678
1194.0,0.1150251700394351
1195.0,0.11513459287761435
1196.0,0.11513647487738254
1197.0,0.11503799608622645
1198.0,0.11490385389923768
1199.0,0.11481265665272272
1200.0,0.11480425044742751
1201.0,0.11486126432276539
1202.0,0.11492461158111358
1203.0,0.11493048514545243
1204.0,0.1148558502973192
1205.0,0.1147344759589598
1206.0,0.11463416757970307
1207.0,0.11461259394181944
1208.0,0.11467709943355286
1209.0,0.11478149588783348
1210.0,0.11484808156535475
1211.0,0.11480689839478797
1212.0,0.11466207089514502
1213.0,0.11451095815434992
1214.0,0.1144796561367328
1215.0,0.11463460393865627
1216.0,0.11493182437146315
1217.0,0.11524757686756243
1218.0,0.1154782631102591
1219.0,0.11561369789529205
1220.0,0.11568548784532448
1221.0,0.11570191351290401
1222.0,0.1156538536313095
1223.0,0.11553981028574357
1224.0,0.1154008336075844
1225.0,0.11530865551678426
1226.0,0.11530793167904868
1227.0,0.1153778757296394
1228.0,0.11544125973400601
1229.0,0.11541965416327091
1230.0,0.11529011112518696
1231.0,0.11510850207250717
1232.0,0.11498094417765428
1233.0,0.11498845564612198
1234.0,0.11512729910185808
1235.0,0.1153231795078028
1236.0,0.11550202938568888
1237.0,0.11563268279361161
1238.0,0.11572643610451652
1239.0,0.11579997464352267
1240.0,0.11583627364316257
1241.0,0.11581895730871367
1242.0,0.11577523875354306
1243.0,0.11578290114013844
1244.0,0.1159308071669565
1245.0,0.11622507461050793
1246.0,0.11655494707888384
1247.0,0.11675651789274683
1248.0,0.11672480877323047
1249.0,0.11649972701929681
1250.0,0.11624039848056004
1251.0,0.11609680876435813
1252.0,0.11610835027926296
1253.0,0.11622685860816105
1254.0,0.11638190235971739
1255.0,0.1165383242417424
1256.0,0.11670175899257562
1257.0,0.11686059677831373
1258.0,0.1169768541279892
1259.0,0.11702277688545953
1260.0,0.11700564389497214
1261.0,0.11696609004217137
1262.0,0.11694705951917306
1263.0,0.11695946926272122
1264.0,0.11699836915751734
1265.0,0.11707951301608872
1266.0,0.11722451542868505
1267.0,0.11743190327925372
1268.0,0.11766054060061452
1269.0,0.11784276883879687
1270.0,0.11793492278322133
1271.0,0.1179474211858391
1272.0,0.11790415306158852
1273.0,0.11780240892848533
1274.0,0.11764058493588052
1275.0,0.11744576053634861
1276.0,0.11727828179285502
1277.0,0.11720130670225634
1278.0,0.11722840835645636
1279.0,0.11730796830979555
1280.0,0.11735562967234844
1281.0,0.11731552623432676
1282.0,0.1172023252816409
1283.0,0.11709248507397518
1284.0,0.11707217259752176
1285.0,0.11717522512210782
1286.0,0.11736046729221614
1287.0,0.11754877686092952
1288.0,0.11769016484288847
1289.0,0.11778478466181333
1290.0,0.1178542053829486
1291.0,0.11791976367485427
1292.0,0.11798960867223907
1293.0,0.11805865218101881
1294.0,0.11811896694585546
1295.0,0.1181618973341895
1296.0,0.11818031126885269
1297.0,0.11818325890237319
1298.0,0.11819825342649934
1299.0,0.11824763169340408
1300.0,0.11833079898271974
1301.0,0.11843656262557803
1302.0,0.1185587539555212
1303.0,0.11869560180376684
1304.0,0.11883987083450637
1305.0,0.11895843721343909
1306.0,0.11900554185427689
1307.0,0.1189680476172747
1308.0,0.11887919225554502
1309.0,0.11878876625349705
1310.0,0.11872913368652124
1311.0,0.11870311002551062
1312.0,0.11869445288982523
1313.0,0.11869487866005966
1314.0,0.11870708887596293
1315.0,0.11872785836710963
1316.0,0.11874538354825147
1317.0,0.11874675463947625
1318.0,0.1187270512253345
1319.0,0.11869325973682676
1320.0,0.1186713359808979
1321.0,0.11870057616166609
1322.0,0.11878811991753224
1323.0,0.11888331432211807
1324.0,0.11890825006208978
1325.0,0.11881373018407006
1326.0,0.11863217046585058
1327.0,0.11846748239703922
1328.0,0.11841363968173454
1329.0,0.11848552407308982
1330.0,0.1186305963173235
1331.0,0.11878028192701368
1332.0,0.11889135092778724
1333.0,0.11896724351318089
1334.0,0.11903766855968553
1335.0,0.11912776245019488
1336.0,0.11924246366738443
1337.0,0.11936901536077693
1338.0,0.1194983792472573
1339.0,0.11963107384351537
1340.0,0.11976688482619383
1341.0,0.11988481542664615
1342.0,0.11992976767737654
1343.0,0.1198615653315004
1344.0,0.11970900919042067
1345.0,0.11956030300743856
1346.0,0.11950704083649537
1347.0,0.11958107660537831
1348.0,0.11973454092525651
1349.0,0.11987804169269081
1350.0,0.11994734815728107
1351.0,0.11993962369047514
1352.0,0.11990638692292907
1353.0,0.11992430071064397
1354.0,0.12004318595175964
1355.0,0.1202363102795359
1356.0,0.12041096443527324
1357.0,0.12048150067279187
1358.0,0.12043263274912268
1359.0,0.1203155130309711
1360.0,0.12020174208616624
1361.0,0.1201329567897145
1362.0,0.12010152641281621
1363.0,0.120083924177927
1364.0,0.12006748025248523
1365.0,0.1200506325848256
1366.0,0.12003962364415534
1367.0,0.1200411175665951
1368.0,0.12005675178406366
1369.0,0.12008252386464018
1370.0,0.1201264157274678
1371.0,0.12022416470405095
1372.0,0.12039982403809435
1373.0,0.12062368630569192
1374.0,0.12081845632227588
1375.0,0.12090307917376267
1376.0,0.12086115176378581
1377.0,0.12076067059657165
1378.0,0.12066646621081763
1379.0,0.1205668951386908
1380.0,0.12044794871692457
1381.0,0.12036548631661859
1382.0,0.12043173106639338
1383.0,0.12073343090479935
1384.0,0.12119914158267887
1385.0,0.12161619266798857
1386.0,0.12182594675303468
1387.0,0.12183779377969861
1388.0,0.12174259561272172
1389.0,0.12161635056848014
1390.0,0.12149669393179775
1391.0,0.12137881429104663
1392.0,0.12124219578823997
1393.0,0.12107613082338252
1394.0,0.12088497172735252
1395.0,0.12070342903860788
1396.0,0.12060282642438498
1397.0,0.12063242655158371
1398.0,0.12076124347363339
1399.0,0.12091254728252877
1400.0,0.12104052637417287
1401.0,0.12113839364394643
1402.0,0.12120706846140955
1403.0,0.12123439616413006
1404.0,0.12119152272896362
1405.0,0.12107761446306312
1406.0,0.12094452942887976
1407.0,0.12086027558269746
1408.0,0.12085903433346659
1409.0,0.12091934534732096
1410.0,0.12098256465153098
1411.0,0.12099711302035457
1412.0,0.12095661209556424
1413.0,0.12089905801679629
1414.0,0.12087619399059887
1415.0,0.12091935471257603
1416.0,0.12101466804526183
1417.0,0.12110593266279321
1418.0,0.121136470626989
1419.0,0.12109684191088982
1420.0,0.12103001731117033
1421.0,0.1209915462182121
1422.0,0.12101170540750872
1423.0,0.12108371389829267
1424.0,0.12119086995458733
1425.0,0.12134679714521587
1426.0,0.12156268720139246
1427.0,0.1217998733257517
1428.0,0.12199878635360942
1429.0,0.12213029526174754
1430.0,0.12219703454030366
1431.0,0.1222081954856311
1432.0,0.12215944565753846
1433.0,0.12203187990233108
1434.0,0.1218427492041014
1435.0,0.12166158476107039
1436.0,0.12154439734584394
1437.0,0.12149040252208385
1438.0,0.12148344509963141
1439.0,0.12152631222302719
1440.0,0.1216256661343793
1441.0,0.1217629679637037
1442.0,0.12186058590608523
1443.0,0.12182452507006467
1444.0,0.12163648413457648
1445.0,0.12137959494203171
1446.0,0.12118216819100358
1447.0,0.12112443513638758
1448.0,0.12118156018150092
1449.0,0.12124621225883343
1450.0,0.1212115012689207
1451.0,0.12105209751607705
1452.0,0.12084218755377832
1453.0,0.12070183683964024
1454.0,0.12071216823829388
1455.0,0.12086006585944299
1456.0,0.12105261956751925
1457.0,0.12118684683071114
1458.0,0.12122389809140002
1459.0,0.12120224172677373
1460.0,0.12119509455062563
1461.0,0.12125705281816844
1462.0,0.12138400429552539
1463.0,0.12151464927926217
1464.0,0.12157535374317349
1465.0,0.12153583528679793
1466.0,0.1214301548080567
1467.0,0.12132062174343017
1468.0,0.12124952166102734
1469.0,0.12122152545016995
1470.0,0.12121291978752838
1471.0,0.12120400123789574
1472.0,0.12119311461921595
1473.0,0.12118058156131231
1474.0,0.12116228430074429
1475.0,0.12113354962927764
1476.0,0.12109470168404483
1477.0,0.12105422731071738
1478.0,0.12102601133061365
1479.0,0.12102307683367086
1480.0,0.1210388139944926
1481.0,0.12103865390145241
1482.0,0.1209876657981423
1483.0,0.1208817534242157
1484.0,0.12075554566343064
1485.0,0.1206613699458964
1486.0,0.12063067867481102
1487.0,0.12065160738378172
1488.0,0.12068719373747505
1489.0,0.12070894039921318
1490.0,0.12071009875336298
1491.0,0.120701473316933
1492.0,0.1206888453917113
1493.0,0.12066436253252669
1494.0,0.12063006907318796
1495.0,0.12060675365073045
1496.0,0.12061909552227822
1497.0,0.12067527110608348
1498.0,0.12075515352459924
1499.0,0.1208242018257179
1500.0,0.12086226107564128
1501.0,0.12087408282334142
1502.0,0.12087484667517223
1503.0,0.12087749563056469
1504.0,0.12088778946874049
1505.0,0.12089722482844009
1506.0,0.12088347325079452
1507.0,0.12082994066018315
1508.0,0.12074352590092188
1509.0,0.12065190152024585
1510.0,0.12058497544420793
1511.0,0.12055412369774385
1512.0,0.12054487117422336
1513.0,0.12052792045290528
1514.0,0.12048103066122925
1515.0,0.12040598475814995
1516.0,0.12032526350414582
1517.0,0.12025099992169254
1518.0,0.12017419775128274
1519.0,0.12010621170315747
1520.0,0.12009196489091808
1521.0,0.12017524671191562
1522.0,0.12034998128286394
1523.0,0.12052252495352095
1524.0,0.1205678064093041
1525.0,0.12043904447031378
1526.0,0.1202142804462901
1527.0,0.12004746869314108
1528.0,0.12005378691666446
1529.0,0.12022194083874903
1530.0,0.12041192904675287
1531.0,0.12044031477984507
1532.0,0.12022564073181521
1533.0,0.11986727658068955
1534.0,0.11955918584111278
1535.0,0.1194281837375383
1536.0,0.11946681737187424
1537.0,0.11957520975763908
1538.0,0.11965137968793332
1539.0,0.11967275790754614
1540.0,0.11967014061082772
1541.0,0.11966625422190107
1542.0,0.11967071407407615
1543.0,0.11968249268563576
1544.0,0.11968100779492855
1545.0,0.11963651511505538
1546.0,0.11954086833471614
1547.0,0.11941876061209503
1548.0,0.11930593554161249
1549.0,0.11922452072695296
1550.0,0.11917924351920892
1551.0,0.1191545361204828
1552.0,0.11911067779690972
1553.0,0.11901948031538807
1554.0,0.11891014600762705
1555.0,0.11885965471352102
1556.0,0.11894258366505997
1557.0,0.11915649199826556
1558.0,0.11938845213953311
1559.0,0.11950432683290521
1560.0,0.11946861881375392
1561.0,0.11933642610396887
1562.0,0.11916324428825768
1563.0,0.1189787509896992
1564.0,0.11879597463714027
1565.0,0.11863206339194221
1566.0,0.1185213625264114
1567.0,0.1184782280561723
1568.0,0.11847287802884307
1569.0,0.11845553605473125
1570.0,0.11839510936604722
1571.0,0.11829813838227214
1572.0,0.11819991603353186
1573.0,0.11813287483125076
1574.0,0.11810254411761732
1575.0,0.11809706989811466
1576.0,0.11810296723617794
1577.0,0.11811255409127505
1578.0,0.1181257623857519
1579.0,0.11814313852437427
1580.0,0.118161714915032
1581.0,0.11817596231623204
1582.0,0.11818618988264816
1583.0,0.11820804159763867
1584.0,0.11825392603607861
1585.0,0.11830758866337326
1586.0,0.11832980550805863
1587.0,0.11828435427595553
1588.0,0.11816569353729282
1589.0,0.11800486347182275
1590.0,0.1178349657982581
1591.0,0.1176561238344528
1592.0,0.11747241877407472
1593.0,0.11732777450000921
1594.0,0.11726425965007299
1595.0,0.11727958566831015
1596.0,0.11733745908866691
1597.0,0.11737764265815896
1598.0,0.11741678664861606
1599.0,0.0
