0.0,0.0
1.0,0.0
2.0,0.0
3.0,0.0
4.0,0.0
5.0,0.0
6.0,0.0
7.0,0.0
8.0,0.0
9.0,0.0
10.0,0.0
11.0,0.0
12.0,0.0
13.0,0.0
14.0,0.0
15.0,0.0
16.0,0.0
17.0,0.0
18.0,0.0
19.0,0.0
20.0,0.0
21.0,0.0
22.0,0.0
23.0,0.0
24.0,0.0
25.0,0.0
26.0,0.0
27.0,0.0
28.0,0.0
29.0,0.0
30.0,0.0
31.0,0.0
32.0,0.0
33.0,0.0
34.0,0.0
35.0,0.0
36.0,0.0
37.0,0.0
38.0,0.0
39.0,0.0
40.0,0.0
41.0,0.0
42.0,0.0
43.0,0.0
44.0,0.0
45.0,0.0
46.0,0.0
47.0,0.0
48.0,0.0
49.0,0.0
50.0,0.0
51.0,0.0
52.0,0.0
53.0,0.0
54.0,0.0
55.0,0.0
56.0,0.0
57.0,0.0
58.0,0.0
59.0,0.0
60.0,0.0
61.0,0.0
62.0,0.0
63.0,0.0
64.0,0.0
65.0,0.0
66.0,0.0
67.0,0.0
68.0,0.0
69.0,0.0
70.0,0.0
71.0,0.0
72.0,0.0
73.0,0.0
74.0,0.0
75.0,0.0
76.0,0.0
77.0,0.0
78.0,0.0
79.0,0.0
80.0,0.0
81.0,0.0
82.0,0.0
83.0,0.0
84.0,0.0
85.0,0.0
86.0,0.21144310469562252
87.0,0.3869549044927898
88.0,0.46935581873849624
89.0,0.4411260558008154
90.0,0.36511186460275175
91.0,0.2836392138389757
92.0,0.21741450018465608
93.0,0.16332603396936024
94.0,0.11453142997201204
95.0,0.07485205593202982
96.0,0.04626587624954448
97.0,0.027502449975873644
98.0,0.03071376672095749
99.0,0.0734742053648384
100.0,0.14930316541129068
101.0,0.22878425188270085
102.0,0.29007810151402974
103.0,0.323542888327565
104.0,0.31050641572783044
105.0,0.24042611260406
106.0,0.13961750858121708
107.0,0.0571514154542514
108.0,0.02887533857577851
109.0,0.0657043458665163
110.0,0.16434272166775382
111.0,0.3032093467030444
112.0,0.445383744722851
113.0,0.5546735535619796
114.0,0.6115454699639247
115.0,0.6197197077762007
116.0,0.5974632291590932
117.0,0.5643365898656085
118.0,0.5283358332261491
119.0,0.4853036526390013
120.0,0.42822972110618795
121.0,0.36109742165963077
122.0,0.30124389918467376
123.0,0.2641044263969848
124.0,0.2544497169749335
125.0,0.274844306190549
126.0,0.3253284727395797
127.0,0.3919197263272998
128.0,0.45728161015125973
129.0,0.5251902086295757
130.0,0.6099566332488402
131.0,0.7033435546407301
132.0,0.7806517980645782
133.0,0.831742523386352
134.0,0.8554060009492581
135.0,0.8361426086185544
136.0,0.7656093299021332
137.0,0.6688151028123489
138.0,0.5794906038638936
139.0,0.5053486629421811
140.0,0.4380163234847694
141.0,0.37619975857570787
142.0,0.3221459400985471
143.0,0.2755744382600175
144.0,0.2422939130374494
145.0,0.2352006414802832
146.0,0.25603464820778216
147.0,0.28885590368985575
148.0,0.3189956472093127
149.0,0.3403155990274307
150.0,0.3314992876604792
151.0,0.26500483544155506
152.0,0.15266315766998317
153.0,0.047769833533656325
154.0,0.0
155.0,0.03056537036631002
156.0,0.14819187221497276
157.0,0.341390942904594
158.0,0.5625678544294883
159.0,0.7441205206682465
160.0,0.8288363214794514
161.0,0.8010847129871927
162.0,0.6905159807851978
163.0,0.551407927435859
164.0,0.428975702600789
165.0,0.3528325932803051
166.0,0.3448531452070215
167.0,0.3997268356973992
168.0,0.48073310800488966
169.0,0.5479715894952368
170.0,0.5855951061071019
171.0,0.5886786944472115
172.0,0.5496474830496249
173.0,0.47793021101565497
174.0,0.4033606881031858
175.0,0.352438332407017
176.0,0.3309804406394484
177.0,0.33170683873117396
178.0,0.34500853714405205
179.0,0.3619334666241274
180.0,0.3766667140680996
181.0,0.3850358257961187
182.0,0.38548019653919036
183.0,0.3815079668511246
184.0,0.3786634038101901
185.0,0.379013325545721
186.0,0.3808410088168435
187.0,0.3826900237269365
188.0,0.38486285803341447
189.0,0.38860947808378465
190.0,0.3982704466440642
191.0,0.42211667800832964
192.0,0.4641668686740831
193.0,0.5180256767248324
194.0,0.5724947450229545
195.0,0.6203881839786847
196.0,0.6573926380678096
197.0,0.6795698662425675
198.0,0.6880667499231414
199.0,0.6891172109186792
200.0,0.684956635142584
201.0,0.6699013793278825
202.0,0.6385760500482831
203.0,0.59281607875182
204.0,0.5402433996843251
205.0,0.49211851508129506
206.0,0.46461904775760127
207.0,0.4702135304473993
208.0,0.505147431781703
209.0,0.5517178783717523
210.0,0.5935817275822037
211.0,0.6206362758392874
212.0,0.6211559377291606
213.0,0.5901449626593692
214.0,0.5408314523410563
215.0,0.495703701511772
216.0,0.46860215412800693
217.0,0.46401204925954165
218.0,0.48617921220938254
219.0,0.5307354462610678
220.0,0.5790868020632967
221.0,0.6123977462020129
222.0,0.6259282915715993
223.0,0.6242645134875002
224.0,0.610774201680041
225.0,0.5879851670084414
226.0,0.5572232439615963
227.0,0.5115498602634078
228.0,0.4400177302282635
229.0,0.3489334643850606
230.0,0.26495756551541566
231.0,0.21155509602947714
232.0,0.19548712126668966
233.0,0.21935363242795095
234.0,0.28258259779671985
235.0,0.36727085639801105
236.0,0.4494519526002535
237.0,0.5258387524911291
238.0,0.6089240906910602
239.0,0.6983831529796922
240.0,0.7797890248225863
241.0,0.8437123678822825
242.0,0.8837934972021525
243.0,0.8854514757720076
244.0,0.842404240303434
245.0,0.7732536904684731
246.0,0.7044968123293285
247.0,0.6461051173091773
248.0,0.5973955934417945
249.0,0.5612653081179442
250.0,0.5385363909540526
251.0,0.5228446433545243
252.0,0.5053868854225373
253.0,0.4812336241343684
254.0,0.4506984138771806
255.0,0.4176871846842994
256.0,0.38740180868687724
257.0,0.3635376486875787
258.0,0.34788352599313044
259.0,0.3404171475828817
260.0,0.33904459952178123
261.0,0.34403247734266157
262.0,0.3648573066508416
263.0,0.413419684402353
264.0,0.48949013960831633
265.0,0.5793729089460378
266.0,0.667994818411377
267.0,0.7381159796790304
268.0,0.7623416805684403
269.0,0.7262704657637846
270.0,0.6514930974492512
271.0,0.5763825754882852
272.0,0.5214404029552939
273.0,0.49220711024984226
274.0,0.4965257312540498
275.0,0.5316486847460926
276.0,0.5755054985783818
277.0,0.6007434330665491
278.0,0.5926622174778129
279.0,0.5529343826749951
280.0,0.49340289559492445
281.0,0.4296398271711409
282.0,0.37339969316845606
283.0,0.33283372937641903
284.0,0.31201365511731183
285.0,0.30728181569936275
286.0,0.3109888302889647
287.0,0.32046671398582377
288.0,0.3400064136294656
289.0,0.37369425544381635
290.0,0.42002723562683436
291.0,0.47233011886139176
292.0,0.5198066586776109
293.0,0.5489938619262209
294.0,0.5521997349061085
295.0,0.5341083281015475
296.0,0.5074425790970077
297.0,0.4823310571693423
298.0,0.46728288651081484
299.0,0.4740879675590549
300.0,0.5059979527085328
301.0,0.5493300643901667
302.0,0.5832287660422225
303.0,0.5945526185633905
304.0,0.5802825048577713
305.0,0.5438773490392255
306.0,0.4959309297422152
307.0,0.4507617762335969
308.0,0.42296459617196097
309.0,0.4214353718885269
310.0,0.44227116898573327
311.0,0.4718335858755136
312.0,0.49866922879631703
313.0,0.5207496334389551
314.0,0.5403974608155206
315.0,0.5589370751663872
316.0,0.5753946905902769
317.0,0.5856627420117776
318.0,0.5830544361172375
319.0,0.562459649847742
320.0,0.5241778462993952
321.0,0.47550520745320324
322.0,0.42837559710201006
323.0,0.39073152128990757
324.0,0.3599162791118383
325.0,0.32999222185183563
326.0,0.3030519168975172
327.0,0.2889129186472713
328.0,0.2981980154832339
329.0,0.3392164175792877
330.0,0.41570026701000506
331.0,0.5181351202627368
332.0,0.623484573587072
333.0,0.7036830216894273
334.0,0.7393430143804869
335.0,0.7309955194461488
336.0,0.6966697685046517
337.0,0.6575874690515799
338.0,0.6259511470704027
339.0,0.6100860796470825
340.0,0.6140669111347343
341.0,0.6286198050381105
342.0,0.6365008507266532
343.0,0.6282674284176757
344.0,0.6069138616833757
345.0,0.577784703375212
346.0,0.5448315624260271
347.0,0.5134658810205973
348.0,0.49208966333074955
349.0,0.49215333468761957
350.0,0.5166867116687043
351.0,0.5512158811336354
352.0,0.5736143962936378
353.0,0.5705472602346613
354.0,0.5357591588651849
355.0,0.46237745914764694
356.0,0.35734474431449736
357.0,0.24795889987727315
358.0,0.16352566673604507
359.0,0.1164379075047936
360.0,0.10594080678121176
361.0,0.12757964270092703
362.0,0.17021717359824956
363.0,0.22012097451140844
364.0,0.2734286914426623
365.0,0.33592362324368347
366.0,0.4042488653018646
367.0,0.46279742129613366
368.0,0.5030959640352305
369.0,0.5301206286643473
370.0,0.5496138080141906
371.0,0.5633544176716762
372.0,0.5755593400910148
373.0,0.5862589871268029
374.0,0.5796879109651378
375.0,0.539033097096731
376.0,0.4694161207307096
377.0,0.39315795312871327
378.0,0.3282170386317772
379.0,0.28496898579330193
380.0,0.27272738429368026
381.0,0.29046492367382226
382.0,0.3220434452007165
383.0,0.35063548153915947
384.0,0.3732255311569512
385.0,0.3941794640895376
386.0,0.4144490349598875
387.0,0.433731894280007
388.0,0.4520260676597203
389.0,0.4635656247861618
390.0,0.458289432858184
391.0,0.4351505471461928
392.0,0.405348384897855
393.0,0.37944019159164805
394.0,0.35946732998473463
395.0,0.34455059785395564
396.0,0.33417088719250826
397.0,0.32649540852839254
398.0,0.3186404519073681
399.0,0.3079680340450962
400.0,0.294197084051635
401.0,0.280466121138788
402.0,0.271229604839645
403.0,0.26875195307370814
404.0,0.2781760685091659
405.0,0.31339033386814386
406.0,0.38143498936646425
407.0,0.46783122912320796
408.0,0.547590037107526
409.0,0.604948397474384
410.0,0.6361564292125751
411.0,0.6434410406882309
412.0,0.6349909583453401
413.0,0.6214738052516696
414.0,0.6100064697542044
415.0,0.6007797230014675
416.0,0.5894683659322089
417.0,0.5723460906635868
418.0,0.5491820057435591
419.0,0.5235738453636409
420.0,0.5001614240156212
421.0,0.4817910828875437
422.0,0.46937355245405654
423.0,0.462000935250808
424.0,0.45717565162547014
425.0,0.45255539906290665
426.0,0.44770681193939954
427.0,0.44402632156069044
428.0,0.4429952777153533
429.0,0.4448794520483774
430.0,0.4486026700177873
431.0,0.45334008557066297
432.0,0.4602215177707988
433.0,0.4723160863337408
434.0,0.49306021693120894
435.0,0.5227680698632983
436.0,0.5569981460194013
437.0,0.5880446749700986
438.0,0.6083184306620112
439.0,0.6105000788164489
440.0,0.5890968917517595
441.0,0.5490271635500455
442.0,0.5058414618622088
443.0,0.4736185989525663
444.0,0.4564757172517496
445.0,0.4552591950220818
446.0,0.47132622817600434
447.0,0.5000912714534319
448.0,0.5312723477262151
449.0,0.5559977459700748
450.0,0.5716249420306416
451.0,0.5802460241476325
452.0,0.5857209733544969
453.0,0.5911900724025734
454.0,0.5974515255919407
455.0,0.6036191308015593
456.0,0.6081683453831589
457.0,0.6099024905787074
458.0,0.6106762816499854
459.0,0.6166381810665711
460.0,0.6332532657065099
461.0,0.6600476182713585
462.0,0.691326121257423
463.0,0.7204869797610027
464.0,0.7392715815194385
465.0,0.7383447003008041
466.0,0.7153535794587713
467.0,0.6782615039446308
468.0,0.6391045663988476
469.0,0.6063148527529456
470.0,0.5859925726343334
471.0,0.5817614555776143
472.0,0.5890848905674612
473.0,0.5958576340773233
474.0,0.5885516416834125
475.0,0.5605738263966081
476.0,0.5165703810230133
477.0,0.4683450195889445
478.0,0.425394503732366
479.0,0.38968243350735365
480.0,0.35862731501575157
481.0,0.3303821717560278
482.0,0.30793364446744564
483.0,0.29825866310667026
484.0,0.30780643056700885
485.0,0.3375669401385791
486.0,0.38184618573829077
487.0,0.42958489621129514
488.0,0.46890681184662353
489.0,0.49667433866218014
490.0,0.5218703621818186
491.0,0.5528267648613462
492.0,0.5851120241302912
493.0,0.6073599298070105
494.0,0.6119507891977164
495.0,0.5975090298767973
496.0,0.5677961405489289
497.0,0.5302211640747565
498.0,0.4929766052154223
499.0,0.46526946769257527
500.0,0.4541141493721754
501.0,0.45827243533210216
502.0,0.4688608594029179
503.0,0.4766918280960495
504.0,0.4755951983122664
505.0,0.4574425929280034
506.0,0.418052469936235
507.0,0.36768624592677096
508.0,0.33104907047655113
509.0,0.3383615564724307
510.0,0.40201919336580405
511.0,0.5013419920306416
512.0,0.5988593857879874
513.0,0.670771166081497
514.0,0.7058418048906141
515.0,0.6898135196154511
516.0,0.6260060366920317
517.0,0.5487990268567039
518.0,0.4945465695997654
519.0,0.4711842196431997
520.0,0.4686008045396023
521.0,0.4794422908337147
522.0,0.4965470391088278
523.0,0.5119566534252646
524.0,0.5256200977195196
525.0,0.5455513308626575
526.0,0.5747857392135415
527.0,0.6052587820158161
528.0,0.6263540140981945
529.0,0.6324353242386843
530.0,0.6220899530988002
531.0,0.5983424396036169
532.0,0.5697448133809863
533.0,0.5467611894568971
534.0,0.5370007888588473
535.0,0.5409521338017625
536.0,0.5521045942066294
537.0,0.5609254702558473
538.0,0.5600194545713183
539.0,0.5480238831583024
540.0,0.5290519952749201
541.0,0.5121442072316916
542.0,0.5083161671052409
543.0,0.5224609329113238
544.0,0.5492033419531442
545.0,0.5784459970355943
546.0,0.6036359074782184
547.0,0.620467073853957
548.0,0.6254260352535123
549.0,0.6234682986194071
550.0,0.6274696036208437
551.0,0.6441616168972566
552.0,0.664760268572898
553.0,0.6678013752241921
554.0,0.6344349148049665
555.0,0.5667914246144886
556.0,0.4885160862877761
557.0,0.4247191355404252
558.0,0.39177944274503473
559.0,0.408759566407881
560.0,0.48384804910828605
561.0,0.5893967189772338
562.0,0.6775107932700033
563.0,0.7184101537103477
564.0,0.7121075472516171
565.0,0.6705854453941115
566.0,0.6114803426050113
567.0,0.5560393166605967
568.0,0.518872421311653
569.0,0.5016262037705342
570.0,0.4966571304576167
571.0,0.496673814973288
572.0,0.49645440531363205
573.0,0.49221569301992874
574.0,0.48252568584830813
575.0,0.4682388137170366
576.0,0.4526725294385734
577.0,0.4406983374283896
578.0,0.4390089544594008
579.0,0.45311508192695904
580.0,0.4806621554150172
581.0,0.512264581993008
582.0,0.5409270627322393
583.0,0.5665822265647016
584.0,0.5905922266076842
585.0,0.6127944327670275
586.0,0.6337616732216242
587.0,0.6528660084136132
588.0,0.6641414746138753
589.0,0.6603401347092482
590.0,0.6408205965552208
591.0,0.6078144107068986
592.0,0.5569111276308186
593.0,0.4846239149627646
594.0,0.39992011651658554
595.0,0.31996462220741545
596.0,0.2587532364483018
597.0,0.22923898900997364
598.0,0.24669452775006484
599.0,0.3107355042296439
600.0,0.39655480319159386
601.0,0.46979194366639365
602.0,0.5071743228187193
603.0,0.49964300239047255
604.0,0.4500464137607433
605.0,0.37782289297451693
606.0,0.3125416740061058
607.0,0.2831616731292575
608.0,0.303973320814221
609.0,0.3667155103227753
610.0,0.44572062784946476
611.0,0.5104684296684977
612.0,0.5407809941712975
613.0,0.5309899259445882
614.0,0.4901178450008856
615.0,0.436569074188754
616.0,0.38837160128895365
617.0,0.35664842303476174
618.0,0.34182423291348957
619.0,0.3368163958029776
620.0,0.33405314319350543
621.0,0.3317639891764483
622.0,0.3337665675913746
623.0,0.34442450082357645
624.0,0.3638229283082014
625.0,0.3863052025885618
626.0,0.403935184473426
627.0,0.41168940676532284
628.0,0.40989596626156066
629.0,0.4032853841623275
630.0,0.39906168820835897
631.0,0.40352296059240134
632.0,0.4207516511626337
633.0,0.45112793835386256
634.0,0.48906096284875056
635.0,0.5232288646008728
636.0,0.5367289717771536
637.0,0.5163342214781859
638.0,0.46508095953067374
639.0,0.4017576111464596
640.0,0.3476445459499874
641.0,0.31602874096244055
642.0,0.31288264940649735
643.0,0.33474789431301566
644.0,0.3684325778742385
645.0,0.3979671383925437
646.0,0.4127784099311059
647.0,0.41293457756715923
648.0,0.40686272392841116
649.0,0.4028886145961641
650.0,0.401252615931623
651.0,0.39516612050101974
652.0,0.3776462543600066
653.0,0.34758855036955066
654.0,0.31159986905079173
655.0,0.28125535998124024
656.0,0.26664302771237874
657.0,0.27085508779344825
658.0,0.2887720619687831
659.0,0.31021668020780335
660.0,0.32464584038900623
661.0,0.3199356894455101
662.0,0.28743215383073195
663.0,0.23269041997119166
664.0,0.17496949653412597
665.0,0.13591968845954538
666.0,0.12869143602762412
667.0,0.1571862585696689
668.0,0.21501101614436047
669.0,0.2864153617594508
670.0,0.35228421024412354
671.0,0.3960950886598581
672.0,0.41275532524709824
673.0,0.41116793955063824
674.0,0.4049898598216298
675.0,0.3999030649084039
676.0,0.3948799732034113
677.0,0.39052111353761254
678.0,0.38898914786202315
679.0,0.3918880958130715
680.0,0.40483511111179993
681.0,0.4382979945811183
682.0,0.49472340167383067
683.0,0.5619188446312692
684.0,0.6237898644172921
685.0,0.6715108701634536
686.0,0.6996020639980158
687.0,0.703939310573773
688.0,0.6894123260851079
689.0,0.6670769227649048
690.0,0.6395468523379644
691.0,0.5997500039258188
692.0,0.547102000949519
693.0,0.49208593810500634
694.0,0.44487767057852157
695.0,0.41419938366898956
696.0,0.41685619350659053
697.0,0.46308775668748314
698.0,0.5352406503170976
699.0,0.5964981278479303
700.0,0.6173691679791761
701.0,0.5902397639070992
702.0,0.5252152069315837
703.0,0.4433831964673798
704.0,0.3657643826017491
705.0,0.30877940872440784
706.0,0.2835743045309931
707.0,0.28767367815356293
708.0,0.30489200002395206
709.0,0.3157616707290395
710.0,0.3098890113804482
711.0,0.28867296970127587
712.0,0.260975019133293
713.0,0.23792445652563932
714.0,0.2281263387201875
715.0,0.24085485371154042
716.0,0.28278811260454834
717.0,0.3465106442312228
718.0,0.41239954978367865
719.0,0.463165693045238
720.0,0.492990272078221
721.0,0.5032793806207173
722.0,0.4992055073787999
723.0,0.48857199307546473
724.0,0.4771708943955776
725.0,0.46515263138917595
726.0,0.45002015649708615
727.0,0.4328507505597359
728.0,0.41687825276268076
729.0,0.4026216979131534
730.0,0.3902204070072127
731.0,0.38319924512061365
732.0,0.3843314927438275
733.0,0.39138752394875953
734.0,0.40088881737169424
735.0,0.41257572939333
736.0,0.4265043763259554
737.0,0.4404715559850878
738.0,0.45346637106681964
739.0,0.4675326545986125
740.0,0.48448496687734444
741.0,0.5033859958111585
742.0,0.5221141593874387
743.0,0.5370458366914053
744.0,0.5381877645092387
745.0,0.5153738107758778
746.0,0.4731561913059479
747.0,0.4290263269766228
748.0,0.3958228301521517
749.0,0.37590987651660385
750.0,0.3708651623494117
751.0,0.3809074293586317
752.0,0.3984670710277013
753.0,0.4117624252687575
754.0,0.41295143757039254
755.0,0.40194620245721
756.0,0.38401972166763243
757.0,0.36497028574728196
758.0,0.346656827426961
759.0,0.3289025343698666
760.0,0.31325899200636725
761.0,0.3012260583360361
762.0,0.2929817435492796
763.0,0.2940780597136138
764.0,0.3159259129795863
765.0,0.3599120409470835
766.0,0.41094423576568584
767.0,0.4520849101847252
768.0,0.47710160607524044
769.0,0.4855726145741306
770.0,0.4789614867867483
771.0,0.4639424212755291
772.0,0.45134856319748784
773.0,0.45260211182119303
774.0,0.4728145429450962
775.0,0.5058669181643161
776.0,0.5382922716767679
777.0,0.5588228203151101
778.0,0.5624401321351404
779.0,0.5465196022450184
780.0,0.5139019096193749
781.0,0.47632368393639035
782.0,0.4472362096242498
783.0,0.43236627698822094
784.0,0.4291664004179182
785.0,0.43308337156524623
786.0,0.4432803900601512
787.0,0.4647072895126899
788.0,0.5019855909855225
789.0,0.5529953341767194
790.0,0.6084765581501356
791.0,0.6557666945266176
792.0,0.6795092098327696
793.0,0.6676005553736407
794.0,0.6246317320364198
795.0,0.5714758606230685
796.0,0.5282800361378777
797.0,0.502334094871725
798.0,0.49477215517093265
799.0,0.5041899182083394
800.0,0.5220765625139316
801.0,0.5371494770657153
802.0,0.5447755096938222
803.0,0.5476421438781638
804.0,0.5476849476436288
805.0,0.5426458597232299
806.0,0.528361381140763
807.0,0.5008828317161009
808.0,0.45765028620620696
809.0,0.4021663634115159
810.0,0.3458860335454748
811.0,0.3015037111770556
812.0,0.2749034296375338
813.0,0.2644088737187331
814.0,0.26568167375601404
815.0,0.275517372056157
816.0,0.2941563409063144
817.0,0.32414391362851624
818.0,0.36683560722842634
819.0,0.41782270455634396
820.0,0.46654120231592433
821.0,0.5003915695615365
822.0,0.5116430426243121
823.0,0.5029958795926578
824.0,0.48552111429456823
825.0,0.47041968582099014
826.0,0.4621534172269285
827.0,0.45930101917278043
828.0,0.45762886478764797
829.0,0.45322536788059864
830.0,0.4443305547743185
831.0,0.4300863110653774
832.0,0.4116627453430064
833.0,0.39381034754921485
834.0,0.38274673252111613
835.0,0.3827407403470816
836.0,0.3928803037244394
837.0,0.40718476260481407
838.0,0.41942439394580255
839.0,0.42817945190418205
840.0,0.4368489730208216
841.0,0.4498975653346148
842.0,0.4691442004252474
843.0,0.49197339275862795
844.0,0.5121579478853706
845.0,0.5232498204512321
846.0,0.5215716320660175
847.0,0.5083310852131521
848.0,0.4911260419685106
849.0,0.48117483716742415
850.0,0.4894212973689639
851.0,0.5202560808970831
852.0,0.5664987481944022
853.0,0.6118679333641054
854.0,0.637976927662389
855.0,0.6355212367516457
856.0,0.6107935008904646
857.0,0.5794456095091065
858.0,0.5524574526947233
859.0,0.5304200372575941
860.0,0.5090722538932203
861.0,0.48462818277104247
862.0,0.456800924807229
863.0,0.4327083430284203
864.0,0.4264152294177682
865.0,0.4459657384142127
866.0,0.48318307919744263
867.0,0.5202878200244213
868.0,0.5436785248493192
869.0,0.5479341459398938
870.0,0.5339994036388971
871.0,0.508998358819653
872.0,0.48179534504793586
873.0,0.4561391878045934
874.0,0.428796412656975
875.0,0.3970698431188807
876.0,0.36411103548358353
877.0,0.33533684579307
878.0,0.31468958690849885
879.0,0.30488907407662325
880.0,0.3060071368621959
881.0,0.31253676118083296
882.0,0.31756811425054965
883.0,0.32101970858428763
884.0,0.32880069715221183
885.0,0.3443800772780568
886.0,0.36422365511530086
887.0,0.3798103923029339
888.0,0.37957303373643414
889.0,0.35090191245055286
890.0,0.292542221903716
891.0,0.22196594645778467
892.0,0.16177231009430704
893.0,0.12144502223313597
894.0,0.10043628588272507
895.0,0.09962343398478207
896.0,0.1196905961364676
897.0,0.15845712739404227
898.0,0.21368076770827993
899.0,0.2842814734768782
900.0,0.3636321155695995
901.0,0.4368052487363695
902.0,0.4838712997895074
903.0,0.49055543860171014
904.0,0.46219913302896176
905.0,0.421180104536782
906.0,0.38752709995922396
907.0,0.36823187836943816
908.0,0.3673426341556777
909.0,0.3869228500891766
910.0,0.41836258092135226
911.0,0.44495736339912795
912.0,0.451887343574771
913.0,0.4349247419967418
914.0,0.4008994251843777
915.0,0.3654708770637435
916.0,0.3474158770781116
917.0,0.360783787897154
918.0,0.4109238748688503
919.0,0.488925010670343
920.0,0.5735452277441658
921.0,0.6322213998474953
922.0,0.6301137257764495
923.0,0.558670303129418
924.0,0.4463969435259191
925.0,0.3348175526011602
926.0,0.24926293525845922
927.0,0.2037472185539087
928.0,0.20702784521601003
929.0,0.24961839017562504
930.0,0.30747150062101924
931.0,0.36451300406130177
932.0,0.42209376169787594
933.0,0.4823036416934765
934.0,0.5366865161900601
935.0,0.5696844370128683
936.0,0.569398222148246
937.0,0.5379495215195799
938.0,0.4913035541203976
939.0,0.44850311968359824
940.0,0.4252608244645901
941.0,0.43541144098811846
942.0,0.4802693649983386
943.0,0.5408438839698501
944.0,0.5928364386987239
945.0,0.6273549191242137
946.0,0.6472979905287629
947.0,0.6523305472894217
948.0,0.6394351634768599
949.0,0.6079332301728764
950.0,0.5610605452489218
951.0,0.5051764415986078
952.0,0.4500091819498947
953.0,0.40643559457603706
954.0,0.3827918996818829
955.0,0.3817367562412357
956.0,0.3978977625099125
957.0,0.42211916302628594
958.0,0.4504611506712465
959.0,0.48568367446559346
960.0,0.527082048917421
961.0,0.5663025502541306
962.0,0.5926171197029311
963.0,0.6021419912721546
964.0,0.604942762588566
965.0,0.6149907905855455
966.0,0.6315421813450315
967.0,0.6416160457308485
968.0,0.6378673356873682
969.0,0.6246969767754154
970.0,0.6122838525041686
971.0,0.6044032892532807
972.0,0.5903815981204307
973.0,0.5561658085985972
974.0,0.5001461554713956
975.0,0.4415734267931767
976.0,0.41175835749428813
977.0,0.41442265543809165
978.0,0.411101946025335
979.0,0.3844146711720301
980.0,0.37315110213699076
981.0,0.3961108037482989
982.0,0.41150305964982226
983.0,0.39380679150929687
984.0,0.3752121786467222
985.0,0.388972991813647
986.0,0.43122202421772426
987.0,0.4832596050102149
988.0,0.5295935422952073
989.0,0.55457790449663
990.0,0.5488737956735082
991.0,0.5190954586771214
992.0,0.4840367677530448
993.0,0.4614303646360549
994.0,0.45809832775261183
995.0,0.47049550950603236
996.0,0.4877181559160745
997.0,0.4973454538245484
998.0,0.48869458207276695
999.0,0.45320175380780825
1000.0,0.39278060174313145
1001.0,0.3231157034761686
1002.0,0.2669473186810497
1003.0,0.2422329903972525
1004.0,0.2521493688324455
1005.0,0.28557794489998717
1006.0,0.32861990093096755
1007.0,0.37456351668855825
1008.0,0.4135118083878998
1009.0,0.4286628447325005
1010.0,0.41125811092107634
1011.0,0.36941789155165194
1012.0,0.32326631644782944
1013.0,0.2922021420762091
1014.0,0.2850662384693852
1015.0,0.29800675994569426
1016.0,0.3231004258081583
1017.0,0.35256179205785937
1018.0,0.37420715050978604
1019.0,0.37786689997684075
1020.0,0.3650688408005191
1021.0,0.35381197057300756
1022.0,0.3746710335691532
1023.0,0.44590918479355
1024.0,0.5527023128780131
1025.0,0.659878033211927
1026.0,0.7417940561279964
1027.0,0.7865861111734499
1028.0,0.7861097496368402
1029.0,0.7398284362489657
1030.0,0.6567142793599621
1031.0,0.5521706398682936
1032.0,0.4420729568780015
1033.0,0.34403106674000355
1034.0,0.27639511026459407
1035.0,0.251423630983524
1036.0,0.2704435503053446
1037.0,0.32190018218059036
1038.0,0.38643472655308253
1039.0,0.44192366924499504
1040.0,0.4729278615203454
1041.0,0.4779937931826924
1042.0,0.46629131854597206
1043.0,0.44569747468863496
1044.0,0.41634346512695075
1045.0,0.3747126766575686
1046.0,0.3213062551611813
1047.0,0.26641245569588595
1048.0,0.22619496479775736
1049.0,0.21308310257150365
1050.0,0.23152816503728846
1051.0,0.28111275057529805
1052.0,0.35305919071771313
1053.0,0.4291769168569689
1054.0,0.49536433423857107
1055.0,0.5530594520687816
1056.0,0.6079351552440244
1057.0,0.6548226346030837
1058.0,0.6829181987651325
1059.0,0.6857617823596357
1060.0,0.6618831785254414
1061.0,0.6136979297749755
1062.0,0.5523330514622271
1063.0,0.4949759998854124
1064.0,0.4537118891058969
1065.0,0.42992743064700856
1066.0,0.42197077293353846
1067.0,0.4292035007670315
1068.0,0.4455122849531541
1069.0,0.45965755135241315
1070.0,0.46210783417698365
1071.0,0.4499102842252579
1072.0,0.4251360917240846
1073.0,0.3972191803785142
1074.0,0.386631083885174
1075.0,0.4107719257608442
1076.0,0.46721539558535363
1077.0,0.5322693645764005
1078.0,0.5749117061314768
1079.0,0.575559485528551
1080.0,0.5357080194966365
1081.0,0.4715623627623089
1082.0,0.39796071789010556
1083.0,0.32798361510753743
1084.0,0.2763836201943564
1085.0,0.2576345468202041
1086.0,0.2820188450163795
1087.0,0.34665245500552466
1088.0,0.43451276078610146
1089.0,0.5209798744998927
1090.0,0.5850395078219123
1091.0,0.6142476672756659
1092.0,0.6063378067968039
1093.0,0.567977012522528
1094.0,0.5121009594588752
1095.0,0.4599834621050777
1096.0,0.43341884767413497
1097.0,0.4440459184081892
1098.0,0.483933054592007
1099.0,0.5240506190097967
1100.0,0.5327085776201922
1101.0,0.4979395872723077
1102.0,0.43350125817466045
1103.0,0.36423276929184695
1104.0,0.31582819167381404
1105.0,0.3108244252122334
1106.0,0.35625663509403294
1107.0,0.4391522275485007
1108.0,0.5268754339752474
1109.0,0.5794676393021482
1110.0,0.5796403835452815
1111.0,0.5472499836965897
1112.0,0.517022998824205
1113.0,0.5077734795159582
1114.0,0.5229569847487482
1115.0,0.5613319880530647
1116.0,0.622337860516978
1117.0,0.7057507783275838
1118.0,0.7975396609647418
1119.0,0.867098518716138
1120.0,0.877890884894061
1121.0,0.8100730426660725
1122.0,0.6820411165997794
1123.0,0.5401130232345671
1124.0,0.4231181378171095
1125.0,0.3427713709341934
1126.0,0.29702779126330453
1127.0,0.2765232435796737
1128.0,0.2630979840461634
1129.0,0.2417631739034799
1130.0,0.2131049953759241
1131.0,0.18968934691692224
1132.0,0.18186119075474305
1133.0,0.18761939582698894
1134.0,0.192692972705248
1135.0,0.18503774745913198
1136.0,0.1685834853707172
1137.0,0.15811844273423747
1138.0,0.16677868657596284
1139.0,0.21094018432373096
1140.0,0.309726246245275
1141.0,0.4560496735594646
1142.0,0.6079389343735254
1143.0,0.7183850696781208
1144.0,0.7663811061249897
1145.0,0.7574683459956698
1146.0,0.7108460875366848
1147.0,0.648578619403532
1148.0,0.5848653272892492
1149.0,0.5267218728788131
1150.0,0.47723711093554866
1151.0,0.43914262756626676
1152.0,0.4157527386143557
1153.0,0.40837194840949176
1154.0,0.4139070629408681
1155.0,0.42429887696758695
1156.0,0.4314301494014636
1157.0,0.4329750736720549
1158.0,0.43132980087582284
1159.0,0.4278319622708223
1160.0,0.42315919264001345
1161.0,0.42013616172647583
1162.0,0.4236083616014146
1163.0,0.4385421150752876
1164.0,0.46743410409404595
1165.0,0.5090431922557935
1166.0,0.5572784901857641
1167.0,0.6029900660974454
1168.0,0.6363424916448036
1169.0,0.6504028635415533
1170.0,0.645379587387207
1171.0,0.6274919597389866
1172.0,0.6022216405910261
1173.0,0.570715959700547
1174.0,0.5354771025197579
1175.0,0.5022350893270409
1176.0,0.4749873195028934
1177.0,0.4541780438274685
1178.0,0.43996288718403187
1179.0,0.4325605071810884
1180.0,0.42949415038572347
1181.0,0.42633919544540266
1182.0,0.4197951645611807
1183.0,0.4091913677582182
1184.0,0.39557763294385206
1185.0,0.3804905573045319
1186.0,0.3648304993039355
1187.0,0.34903383401455224
1188.0,0.33390382070300645
1189.0,0.3199576221277648
1190.0,0.30683899864761055
1191.0,0.2957925590233507
1192.0,0.2909388942448505
1193.0,0.29471915000408566
1194.0,0.30440272031558196
1195.0,0.3142569937710951
1196.0,0.3195089468247052
1197.0,0.3176074507651476
1198.0,0.30737143499237257
1199.0,0.28502571235392826
1200.0,0.24665689144114772
1201.0,0.20020499693656213
1202.0,0.16580506128754263
1203.0,0.1629411257802691
1204.0,0.19907188676487092
1205.0,0.2696259790007677
1206.0,0.36033219733488075
1207.0,0.4503520446441893
1208.0,0.5196943815336299
1209.0,0.5536929590447847
1210.0,0.5531878977138751
1211.0,0.5392205566433971
1212.0,0.5338480000659875
1213.0,0.5369463775185915
1214.0,0.5302383760011099
1215.0,0.4980625587952211
1216.0,0.44027733769870336
1217.0,0.3721569387739113
1218.0,0.3124359240664246
1219.0,0.269678175115736
1220.0,0.24387287106371563
1221.0,0.23331222037823562
1222.0,0.2319717925230116
1223.0,0.23154994564735565
1224.0,0.23371894935617032
1225.0,0.2525745604736116
1226.0,0.3002614520305833
1227.0,0.3750286593008114
1228.0,0.46266555557456734
1229.0,0.5453681992217246
1230.0,0.6104073381066738
1231.0,0.654034973221082
1232.0,0.6759925943092181
1233.0,0.6781833421272073
1234.0,0.6685988192110986
1235.0,0.6572573667511139
1236.0,0.6487568554739693
1237.0,0.6399870084441706
1238.0,0.6240546219515172
1239.0,0.5980754586408517
1240.0,0.5683815497011665
1241.0,0.5447726350802217
1242.0,0.5310120132351547
1243.0,0.5246978658699202
1244.0,0.5222224119614292
1245.0,0.5148973626038853
1246.0,0.48871008641772673
1247.0,0.44134790931533474
1248.0,0.3910674271496378
1249.0,0.3635364209629536
1250.0,0.37376506502640067
1251.0,0.42131155152070665
1252.0,0.4936004466091497
1253.0,0.5701342760027743
1254.0,0.629923091330057
1255.0,0.6517061597458066
1256.0,0.6232253004537801
1257.0,0.5571754793030644
1258.0,0.48364746575487505
1259.0,0.4238631033375775
1260.0,0.37959717517632174
1261.0,0.3472677564267469
1262.0,0.3239639594824256
1263.0,0.3038564584433193
1264.0,0.28238274217346704
1265.0,0.2620023504946569
1266.0,0.2503149112275182
1267.0,0.25344774224609407
1268.0,0.2791598181260031
1269.0,0.34130716211302325
1270.0,0.44129695912618805
1271.0,0.5545349328436423
1272.0,0.6434369743504207
1273.0,0.6808315596775326
1274.0,0.6633649217986483
1275.0,0.6086831243131405
1276.0,0.5435909431220964
1277.0,0.4879834491190229
1278.0,0.4526898221093377
1279.0,0.44057560047226785
1280.0,0.4449199507774495
1281.0,0.4520468926775968
1282.0,0.44211388800627494
1283.0,0.40035246403160996
1284.0,0.3327078626172394
1285.0,0.2643851756022107
1286.0,0.22214574560315914
1287.0,0.21994397825333317
1288.0,0.26014971028390577
1289.0,0.33315868409367383
1290.0,0.41851672361880665
1291.0,0.4935011335392603
1292.0,0.5416779632824197
1293.0,0.5603202297597847
1294.0,0.5590814068167745
1295.0,0.5537908297922827
1296.0,0.5576708237363522
1297.0,0.5746708580695085
1298.0,0.5995818778682717
1299.0,0.6212082971485383
1300.0,0.6292887596482902
1301.0,0.621582032957562
1302.0,0.6049979080146706
1303.0,0.5887774614246021
1304.0,0.5771923744317522
1305.0,0.571387088557967
1306.0,0.5715607757544721
1307.0,0.5741909597814524
1308.0,0.57294716622126
1309.0,0.5634559560476595
1310.0,0.546157514905212
1311.0,0.5248494594648689
1312.0,0.5023042962499069
1313.0,0.47588983258708006
1314.0,0.44004000302577306
1315.0,0.3936053597989293
1316.0,0.3426155825754038
1317.0,0.2965795427589862
1318.0,0.26654383651236685
1319.0,0.26515041345434215
1320.0,0.2957140383787973
1321.0,0.34399204423221463
1322.0,0.3860349012821266
1323.0,0.4035854803874297
1324.0,0.39285169672682585
1325.0,0.36236038483489363
1326.0,0.32660612806884953
1327.0,0.29702177067469826
1328.0,0.2807198311396506
1329.0,0.28171682668870945
1330.0,0.2972208405764031
1331.0,0.3198863884988007
1332.0,0.3495810228083981
1333.0,0.3951579279013895
1334.0,0.4558148909835126
1335.0,0.5150180243487729
1336.0,0.5577748639658725
1337.0,0.5823960120808886
1338.0,0.5951476979951169
1339.0,0.602790141252314
1340.0,0.6092656215677877
1341.0,0.6128077219945594
1342.0,0.6058779342023461
1343.0,0.5832569415461132
1344.0,0.5512672073366401
1345.0,0.5237386723512893
1346.0,0.5098668604536778
1347.0,0.5097713583413893
1348.0,0.5186515090741566
1349.0,0.5333831634135044
1350.0,0.557214434292283
1351.0,0.5935094368896782
1352.0,0.6378727613951526
1353.0,0.6776601981806104
1354.0,0.6970187243769521
1355.0,0.6777560883339794
1356.0,0.6050728035628951
1357.0,0.4891230806550416
1358.0,0.3691910764198407
1359.0,0.2950337899085306
1360.0,0.2977425068771576
1361.0,0.3697071887227216
1362.0,0.47212595746963637
1363.0,0.5650149044398373
1364.0,0.6310177426546913
1365.0,0.6683212944805279
1366.0,0.6816531327108424
1367.0,0.6792292500333524
1368.0,0.665895109511512
1369.0,0.6385326160189794
1370.0,0.5928308329306661
1371.0,0.5353204799140269
1372.0,0.4810619967443118
1373.0,0.4416361084832554
1374.0,0.419141466427434
1375.0,0.40867519400029884
1376.0,0.40247678490753974
1377.0,0.3948010480161219
1378.0,0.383594158786413
1379.0,0.36914864330850977
1380.0,0.35377926527289705
1381.0,0.3413977559114286
1382.0,0.342922969131713
1383.0,0.374336647447984
1384.0,0.4360851525701901
1385.0,0.5047331211796815
1386.0,0.5496491982316826
1387.0,0.5542724270205037
1388.0,0.5226650147963864
1389.0,0.4737048049615372
1390.0,0.42920846635029686
1391.0,0.4026228966411004
1392.0,0.40034345945026584
1393.0,0.42145005053942886
1394.0,0.45490722938760875
1395.0,0.48770860307483344
1396.0,0.5172603900278274
1397.0,0.5489801392435855
1398.0,0.5823661479475885
1399.0,0.6091486712543425
1400.0,0.6214303730449751
1401.0,0.6169867922926248
1402.0,0.5993942980309938
1403.0,0.5754537907054852
1404.0,0.5508974144214099
1405.0,0.528304237616958
1406.0,0.5077015300846117
1407.0,0.4883214836885217
1408.0,0.47030505436312353
1409.0,0.4519137607071553
1410.0,0.4287362957276628
1411.0,0.39983746099446155
1412.0,0.37217780255676364
1413.0,0.3611115396676263
1414.0,0.38204904890591046
1415.0,0.43544160018428635
1416.0,0.5043313380750143
1417.0,0.5687281139487332
1418.0,0.6181918193720992
1419.0,0.6501027797558723
1420.0,0.6658498734521066
1421.0,0.668745415952242
1422.0,0.6542762632982387
1423.0,0.5990077873735373
1424.0,0.48358196996418745
1425.0,0.32667471686428584
1426.0,0.18540547580093747
1427.0,0.12624817858724097
1428.0,0.1804714462866307
1429.0,0.3226792700614634
1430.0,0.4900795504465498
1431.0,0.6269006991901684
1432.0,0.7000939645579384
1433.0,0.6944428212691146
1434.0,0.6264393833166497
1435.0,0.5403902452299268
1436.0,0.4820392857720315
1437.0,0.47160637452483845
1438.0,0.4999192479030804
1439.0,0.5428886942829028
1440.0,0.5750952375437908
1441.0,0.5837035461250988
1442.0,0.5700615425921473
1443.0,0.5448516024100908
1444.0,0.5237574034929734
1445.0,0.520766867229096
1446.0,0.546974122133201
1447.0,0.6040690140869668
1448.0,0.6768307756282123
1449.0,0.737077469530996
1450.0,0.7541051089835912
1451.0,0.7162778227963439
1452.0,0.6448265179099064
1453.0,0.5764353458174937
1454.0,0.5312137875472533
1455.0,0.5070099831766975
1456.0,0.49658616799762767
1457.0,0.49472202226672135
1458.0,0.49919745789198355
1459.0,0.5105326814814343
1460.0,0.5295280717715519
1461.0,0.5532187977360012
1462.0,0.5727814847060205
1463.0,0.5709489961814997
1464.0,0.5283469535648405
1465.0,0.4467143955220788
1466.0,0.35582719065957735
1467.0,0.2924197072269691
1468.0,0.27553182377448826
1469.0,0.30182911322185907
1470.0,0.35302930902204976
1471.0,0.4065551375121035
1472.0,0.44711369155288994
1473.0,0.4671356362181003
1474.0,0.46742204163701495
1475.0,0.4579618703080022
1476.0,0.45193753756272814
1477.0,0.4584314470462546
1478.0,0.47761806036960575
1479.0,0.5022422034644457
1480.0,0.5273461336902175
1481.0,0.5599956397258845
1482.0,0.6091402571166413
1483.0,0.6694504451553985
1484.0,0.719713558869633
1485.0,0.7338843906518149
1486.0,0.6954737290438621
1487.0,0.6056258211618533
1488.0,0.48806805451028834
1489.0,0.3797682414831943
1490.0,0.3152223631157685
1491.0,0.3109731489573031
1492.0,0.3552590287934755
1493.0,0.4164353949899448
1494.0,0.4613240719142767
1495.0,0.47430084150828045
1496.0,0.46031829233625987
1497.0,0.4366934643682848
1498.0,0.42320502303191754
1499.0,0.43103607305966307
1500.0,0.4612026973646953
1501.0,0.5058378109985452
1502.0,0.5511760189216416
1503.0,0.5821041848123562
1504.0,0.5833089783433281
1505.0,0.5496662798380625
1506.0,0.4950748243743214
1507.0,0.4470295059970951
1508.0,0.4321881253489545
1509.0,0.45896489549190245
1510.0,0.5124423680702562
1511.0,0.5657280905920549
1512.0,0.59905096760126
1513.0,0.606521025903708
1514.0,0.5915999298548069
1515.0,0.5655927645445035
1516.0,0.5422314102541507
1517.0,0.5311292274061269
1518.0,0.5338330859370668
1519.0,0.543555515107628
1520.0,0.5505276746882726
1521.0,0.5482472410709425
1522.0,0.5370666534066157
1523.0,0.5216054016712913
1524.0,0.5057804893728638
1525.0,0.4899177365161044
1526.0,0.47123441506076225
1527.0,0.4480153166987565
1528.0,0.42189961535413645
1529.0,0.39630783558100574
1530.0,0.3741894131930984
1531.0,0.3566909217154555
1532.0,0.34297387542628
1533.0,0.3308429082411068
1534.0,0.3266148343781521
1535.0,0.3541229389768121
1536.0,0.4284556565531431
1537.0,0.5270550737088802
1538.0,0.6040547934524593
1539.0,0.6255753467970143
1540.0,0.5874431548185867
1541.0,0.5099489111968011
1542.0,0.42537970722737367
1543.0,0.3595598158258476
1544.0,0.32436703356803454
1545.0,0.31899728064924515
1546.0,0.3303402436040041
1547.0,0.3421832003803611
1548.0,0.3482973321228412
1549.0,0.3555329775851877
1550.0,0.3689297037529845
1551.0,0.38449847568047507
1552.0,0.4022107253798515
1553.0,0.4286334496086266
1554.0,0.46435072132185984
1555.0,0.49746185873148974
1556.0,0.50741856023328
1557.0,0.47663034921527137
1558.0,0.3997601864210738
1559.0,0.29253029351052107
1560.0,0.19096265860161754
1561.0,0.1379769117237023
1562.0,0.1683783197581979
1563.0,0.2808252306836382
1564.0,0.42859600376295826
1565.0,0.5382128069828364
1566.0,0.5449974277589148
1567.0,0.4388585485621034
1568.0,0.27442805259909714
1569.0,0.14117985383869158
1570.0,0.11026316574533268
1571.0,0.20000166125730978
1572.0,0.37525460197741917
1573.0,0.5631613416424289
1574.0,0.6926139364544878
1575.0,0.7198251713387502
1576.0,0.6431314394160987
1577.0,0.5070938290040582
1578.0,0.3763546133791239
1579.0,0.3046682187955109
1580.0,0.30824316656843487
1581.0,0.3658069323953268
1582.0,0.4367028936856832
1583.0,0.4807249385719552
1584.0,0.4793401476111867
1585.0,0.4390310055191964
1586.0,0.3853082404952299
1587.0,0.34963850910246064
1588.0,0.3532730914542832
1589.0,0.40114857062978637
1590.0,0.47719281536078106
1591.0,0.5503930868774982
1592.0,0.5870546803318908
1593.0,0.5631460125331786
1594.0,0.4836484490777466
1595.0,0.3836354401193945
1596.0,0.30256705480155976
1597.0,0.2588549017043082
1598.0,0.24685888648440923
1599.0,0.0
