0.0,0.0
1.0,0.0
2.0,0.0
3.0,0.0
4.0,0.0
5.0,0.0
6.0,0.0
7.0,0.0
8.0,0.0
9.0,0.0
10.0,0.0
11.0,0.0
12.0,0.0
13.0,0.0
14.0,0.0
15.0,0.0
16.0,0.0
17.0,0.0
18.0,0.0
19.0,0.0
20.0,0.0
21.0,0.0
22.0,0.0
23.0,0.0
24.0,0.0
25.0,0.0
26.0,0.0
27.0,0.0
28.0,0.0
29.0,0.0
30.0,0.0
31.0,0.0
32.0,0.0
33.0,0.0
34.0,0.0
35.0,0.0
36.0,0.0
37.0,0.0
38.0,0.0
39.0,0.0
40.0,0.0
41.0,0.0
42.0,0.0
43.0,0.0
44.0,0.0
45.0,0.0
46.0,0.0
47.0,0.0
48.0,0.0
49.0,0.0
50.0,0.0
51.0,0.0
52.0,0.0
53.0,0.0
54.0,0.0
55.0,0.0
56.0,0.0
57.0,0.0
58.0,0.0
59.0,0.0
60.0,0.0
61.0,0.0
62.0,0.0
63.0,0.0
64.0,0.0
65.0,0.0
66.0,0.0
67.0,0.0
68.0,0.0
69.0,0.0
70.0,0.0
71.0,0.0
72.0,0.0
73.0,0.0
74.0,0.0
75.0,0.0
76.0,0.0
77.0,0.0
78.0,0.0
79.0,0.0
80.0,0.0
81.0,0.0
82.0,0.0
83.0,0.0
84.0,0.0
85.0,0.0
86.0,0.01611924576044632
87.0,0.022729043007332778
88.0,0.028318024990370644
89.0,0.033170484075424694
90.0,0.03628573187244649
91.0,0.03689968158526025
92.0,0.03440475990929545
93.0,0.02944762369570378
94.0,0.02400967685364158
95.0,0.019924500327953787
96.0,0.017692372754709224
97.0,0.016928896092272133
98.0,0.017079330141875848
99.0,0.01756432819502482
100.0,0.017780356111394585
101.0,0.01670838589461765
102.0,0.013540385829899138
103.0,0.008977624246940596
104.0,0.004739217868781481
105.0,0.0016611744069010559
106.0,0.0
107.0,0.001408143879577578
108.0,0.007244660521535329
109.0,0.015688634523544687
110.0,0.023112764801649754
111.0,0.027460722084415745
112.0,0.028656976332282758
113.0,0.02707796109144911
114.0,0.023666908863049313
115.0,0.020091140049856238
116.0,0.018236435304181398
117.0,0.019480821285400934
118.0,0.0239569752184354
119.0,0.030635293285652704
120.0,0.03808842179257954
121.0,0.04546825149988261
122.0,0.05278914961602449
123.0,0.060518855805803684
124.0,0.06866469985642656
125.0,0.0764508791853158
126.0,0.08313521292922989
127.0,0.08839919004123156
128.0,0.09174027649163963
129.0,0.09279642183294964
130.0,0.09247784748482331
131.0,0.09251626321925628
132.0,0.0938714724251843
133.0,0.09641275461888257
134.0,0.09993740074464638
135.0,0.10434727261783106
136.0,0.1092507749575754
137.0,0.11442772456158598
138.0,0.12040063539651658
139.0,0.12758393644964974
140.0,0.1352911204949439
141.0,0.14251284780843834
142.0,0.1490184108845965
143.0,0.15445981348267054
144.0,0.15761220092118894
145.0,0.15816503826142367
146.0,0.15776712082177788
147.0,0.15826066660872645
148.0,0.16005006921216708
149.0,0.16284773411268122
150.0,0.1665188704422946
151.0,0.1707364838614704
152.0,0.17488064444467555
153.0,0.17828967503788906
154.0,0.18059790000376988
155.0,0.18191567624069727
156.0,0.18269478343727769
157.0,0.1833827881241569
158.0,0.18419416877073125
159.0,0.18518688658602683
160.0,0.18633345633846962
161.0,0.1875755229696051
162.0,0.1889193039452421
163.0,0.19048067814423011
164.0,0.19250769726744277
165.0,0.19533219473537483
166.0,0.19889010409340427
167.0,0.20242647180525283
168.0,0.2049167496837074
169.0,0.2057066197623348
170.0,0.2046825402455337
171.0,0.20209448823509044
172.0,0.19864063939701831
173.0,0.19520604741539865
174.0,0.19210281201595658
175.0,0.1888910989791915
176.0,0.18540704664051436
177.0,0.18230783003620646
178.0,0.1802239420979657
179.0,0.17922727464998325
180.0,0.17931710974134077
181.0,0.18060349088015135
182.0,0.182848206686368
183.0,0.18584819370679076
184.0,0.19048497813996962
185.0,0.198173036521574
186.0,0.20927838026027573
187.0,0.222455266554477
188.0,0.23536649009710398
189.0,0.2451911326753362
190.0,0.24886960928593044
191.0,0.2451538817646592
192.0,0.23594224466832403
193.0,0.22474140049029256
194.0,0.2139307957278008
195.0,0.20436178226562052
196.0,0.19632704510504279
197.0,0.1896848889449564
198.0,0.1841000934734824
199.0,0.17945312086261983
200.0,0.1760254817765539
201.0,0.17411508077106505
202.0,0.17366235356511936
203.0,0.17432277757515516
204.0,0.17560121651726118
205.0,0.17668594410424698
206.0,0.17679371000827
207.0,0.1759950829493629
208.0,0.17517748244439435
209.0,0.17492327807396105
210.0,0.1758591151362956
211.0,0.1806622079809927
212.0,0.19186098731434242
213.0,0.20740005792154936
214.0,0.2216867380025977
215.0,0.23063975489993022
216.0,0.2325758340924089
217.0,0.22553002362510144
218.0,0.20974632504133456
219.0,0.19052243593354112
220.0,0.1749177747508987
221.0,0.1667044269339554
222.0,0.16587388888080823
223.0,0.17108136921838446
224.0,0.17982879328362616
225.0,0.18901791240672294
226.0,0.1963659754542847
227.0,0.2012624695667274
228.0,0.20432296867110744
229.0,0.2063143160467067
230.0,0.2078615721761115
231.0,0.2092822692000022
232.0,0.21072938310265343
233.0,0.21231935314375555
234.0,0.21407752065150137
235.0,0.21574053808835486
236.0,0.21640224147802506
237.0,0.2150611366456922
238.0,0.21167084490926286
239.0,0.20731134561986608
240.0,0.20329792920264295
241.0,0.20132572305544838
242.0,0.20434475265645186
243.0,0.21404740447176462
244.0,0.22801383598833064
245.0,0.2418416076161085
246.0,0.2533757174301273
247.0,0.26170882248561417
248.0,0.264369575214091
249.0,0.26043840119155603
250.0,0.25327368838672004
251.0,0.24664601337789255
252.0,0.24060703905897357
253.0,0.23373484288805463
254.0,0.2262258292312973
255.0,0.21896826255941326
256.0,0.21252662074088796
257.0,0.2083275306893102
258.0,0.2084222651944329
259.0,0.2127946544184781
260.0,0.21883956519432646
261.0,0.2241062236977735
262.0,0.22768828308490313
263.0,0.22845931301272077
264.0,0.22528743920021782
265.0,0.21922463342886728
266.0,0.21291150582958107
267.0,0.2078824001639673
268.0,0.20396470114020343
269.0,0.20086060337196898
270.0,0.19855158011707918
271.0,0.19683536116074907
272.0,0.19554244260955078
273.0,0.19490007573753132
274.0,0.19515881348685515
275.0,0.196093828296607
276.0,0.19723681611858035
277.0,0.1983246385798242
278.0,0.19914369316307068
279.0,0.19935350128347534
280.0,0.19894634423152896
281.0,0.19847960866452097
282.0,0.19869412947667764
283.0,0.20006138017191977
284.0,0.20283640877383396
285.0,0.20703582164822065
286.0,0.2120241314025254
287.0,0.21673069819185659
288.0,0.2204521798613323
289.0,0.22319895814752305
290.0,0.22520390025744863
291.0,0.22655778617475614
292.0,0.227283122976274
293.0,0.2273105309390186
294.0,0.22640536426175273
295.0,0.22445344519661842
296.0,0.22182061547363552
297.0,0.21907526995215948
298.0,0.21642363024741124
299.0,0.21367311502561287
300.0,0.21058842696209584
301.0,0.2072742801245338
302.0,0.20430481553302188
303.0,0.2024607109398493
304.0,0.20230109568834959
305.0,0.2038402438665119
306.0,0.20659629289354137
307.0,0.2098931502652252
308.0,0.21331754948350617
309.0,0.21711094216641402
310.0,0.2219037394275275
311.0,0.22757066465416148
312.0,0.2328280904425195
313.0,0.23623921748934407
314.0,0.23699742441495714
315.0,0.23446362026626838
316.0,0.228463692214594
317.0,0.2204201451150571
318.0,0.21311885760862403
319.0,0.2094475528817128
320.0,0.21065043039044462
321.0,0.21552880658165258
322.0,0.22138877775825833
323.0,0.22604316639923472
324.0,0.22819960844253045
325.0,0.22640844508500774
326.0,0.22031095395290257
327.0,0.21192953641305617
328.0,0.20409439318281303
329.0,0.19809637576753464
330.0,0.19397019900253354
331.0,0.19185219862677494
332.0,0.19145777122843394
333.0,0.19168010503006816
334.0,0.1914177626971687
335.0,0.19036627784440902
336.0,0.1887883725038812
337.0,0.18698964381948718
338.0,0.18519370496089166
339.0,0.18358020500886363
340.0,0.18265751040110162
341.0,0.18303313339012756
342.0,0.1845093544683717
343.0,0.18574019099820765
344.0,0.1846562334628406
345.0,0.17947672580344132
346.0,0.16937512324745224
347.0,0.15540426859279982
348.0,0.14072159365367704
349.0,0.130492312707649
350.0,0.13151556001106635
351.0,0.1470200817460281
352.0,0.17230417277827242
353.0,0.1986108763723728
354.0,0.22064708777187098
355.0,0.23606987576872807
356.0,0.24145624572188362
357.0,0.23625582789088057
358.0,0.225854545322981
359.0,0.21652328747129962
360.0,0.2098383507947456
361.0,0.20468936329803517
362.0,0.20085527745474213
363.0,0.19844540220991885
364.0,0.19709828577138444
365.0,0.19602765592092009
366.0,0.194553087569467
367.0,0.19295697528644984
368.0,0.1923744861912382
369.0,0.19341061589775127
370.0,0.19633725624697007
371.0,0.20355172816901823
372.0,0.21761463948254867
373.0,0.23607172150672007
374.0,0.2521129129875856
375.0,0.26010975218856636
376.0,0.2584925234052052
377.0,0.24824109165263974
378.0,0.232473167508624
379.0,0.2160203858087691
380.0,0.20368750292141552
381.0,0.19870092868847794
382.0,0.20107979705362966
383.0,0.20796778256979098
384.0,0.21583912235272956
385.0,0.22292520884502293
386.0,0.22883091747995254
387.0,0.2331802281687994
388.0,0.23594428339441192
389.0,0.23774244390407906
390.0,0.2399551918331057
391.0,0.24406907385585086
392.0,0.2502878774250588
393.0,0.2571554292157354
394.0,0.262779492999322
395.0,0.2655977076505006
396.0,0.26318875665021
397.0,0.2535014220008771
398.0,0.23824384437023333
399.0,0.22215183328347982
400.0,0.20858614943416598
401.0,0.19816899479116734
402.0,0.191393647935863
403.0,0.1885909811444505
404.0,0.18820796273529822
405.0,0.18798634654854107
406.0,0.1873041714750543
407.0,0.18682906011277628
408.0,0.1866796111408915
409.0,0.1863957465969488
410.0,0.18570583658737588
411.0,0.1843949967683033
412.0,0.18205325687862778
413.0,0.17867719566254164
414.0,0.17501079142342885
415.0,0.17188942824753817
416.0,0.16958388033287397
417.0,0.16807453539043687
418.0,0.16739138485275468
419.0,0.16737013715319754
420.0,0.1676523794951938
421.0,0.16809414229703645
422.0,0.16886368613055952
423.0,0.17001631898656305
424.0,0.17132297855800588
425.0,0.1725509823551164
426.0,0.17360244926974172
427.0,0.17439246249048895
428.0,0.17487127409279823
429.0,0.17513869663059078
430.0,0.1754276720824542
431.0,0.1759900210038337
432.0,0.1769687294203861
433.0,0.17835961139085948
434.0,0.17993201101682738
435.0,0.18125446421993274
436.0,0.18199746786953935
437.0,0.18218178273270313
438.0,0.18198684489707662
439.0,0.1814194824416256
440.0,0.18025499676004553
441.0,0.1781432001202885
442.0,0.1746018870259764
443.0,0.16925427861310466
444.0,0.16265794126064032
445.0,0.15639096536752595
446.0,0.15208674485938523
447.0,0.1504831723401655
448.0,0.15138399115321216
449.0,0.1540599110989379
450.0,0.15762407546930518
451.0,0.16145431734783616
452.0,0.16523856231396067
453.0,0.16890861617015346
454.0,0.17244771897980005
455.0,0.17613071192481833
456.0,0.1810036744948258
457.0,0.18826984940475072
458.0,0.19828295448967237
459.0,0.21010748304081361
460.0,0.22202445353724604
461.0,0.2307776913813488
462.0,0.23121460479090217
463.0,0.2209940334237272
464.0,0.20412919076709202
465.0,0.18735302391731185
466.0,0.17449417176401022
467.0,0.16753733099762402
468.0,0.16883708254575158
469.0,0.1778319162910721
470.0,0.18965450417217383
471.0,0.1980691327411701
472.0,0.19931028378531068
473.0,0.19326872559926916
474.0,0.18255538258705345
475.0,0.17046481232593758
476.0,0.16016745165679863
477.0,0.15780709211183908
478.0,0.16932435122389594
479.0,0.19189767655551787
480.0,0.21538470970963247
481.0,0.232956186461797
482.0,0.2442424599833823
483.0,0.24905631236512665
484.0,0.24685186021481692
485.0,0.24033949467267307
486.0,0.2317012187690511
487.0,0.21681130847761265
488.0,0.19120264475746723
489.0,0.15879795760116827
490.0,0.12800086572764546
491.0,0.10327353531724193
492.0,0.0892650598591862
493.0,0.09541976386712264
494.0,0.12341764919507903
495.0,0.1596802743225898
496.0,0.18796247009986888
497.0,0.20266192996024346
498.0,0.20478796298417495
499.0,0.19571834977617475
500.0,0.18001396792974356
501.0,0.16517559097770124
502.0,0.1576199786035002
503.0,0.1593586673570997
504.0,0.16809574441258313
505.0,0.17968754427497863
506.0,0.19081791647458196
507.0,0.20054352902475137
508.0,0.20921749827154457
509.0,0.2171699456576625
510.0,0.22399481566180263
511.0,0.22836289813200944
512.0,0.2285385720199286
513.0,0.22365690616975897
514.0,0.21456642008019622
515.0,0.20341104032191942
516.0,0.19230937550801847
517.0,0.18222630960213887
518.0,0.172791087596726
519.0,0.16350252787314967
520.0,0.15503128965870794
521.0,0.14891901620234693
522.0,0.1465881231637839
523.0,0.14891271533417183
524.0,0.1558914032964246
525.0,0.1655733957125033
526.0,0.17473913743466013
527.0,0.18177313378115023
528.0,0.18766085690119905
529.0,0.1932576491315764
530.0,0.19747872618352386
531.0,0.1984922384021694
532.0,0.1946670909055611
533.0,0.18410386630715186
534.0,0.16627740731088925
535.0,0.1446121734369123
536.0,0.12517832943155438
537.0,0.11284403604083076
538.0,0.10897360937637107
539.0,0.11228803127677672
540.0,0.11998276207108416
541.0,0.12903929291846844
542.0,0.13806047003487365
543.0,0.14792438399252317
544.0,0.15961205265589845
545.0,0.17177164893636226
546.0,0.18210746975526776
547.0,0.18972310600974956
548.0,0.19471439825067544
549.0,0.19707257464889816
550.0,0.19732976635002536
551.0,0.19670989238820002
552.0,0.19568301909668023
553.0,0.19346390241908046
554.0,0.18985432795684198
555.0,0.18613900674776807
556.0,0.18356953735707904
557.0,0.1824388433182056
558.0,0.1829452010517108
559.0,0.18535309458978716
560.0,0.18897967869903026
561.0,0.19310702689803516
562.0,0.1993137974890543
563.0,0.21001701312220256
564.0,0.2247099793617357
565.0,0.23976310783203697
566.0,0.25141526587426
567.0,0.2567198003180296
568.0,0.2527008745015584
569.0,0.23912238115714318
570.0,0.22054423109022292
571.0,0.20318950943608027
572.0,0.1903894463094274
573.0,0.1824378205717388
574.0,0.17883967580752774
575.0,0.17830480676398563
576.0,0.1789787105588942
577.0,0.17952713117356311
578.0,0.17978283074722923
579.0,0.18009654173961637
580.0,0.1805671444150751
581.0,0.18131918784255358
582.0,0.18265922228742704
583.0,0.18488762124544456
584.0,0.18801283665360302
585.0,0.19152449411209993
586.0,0.1945065761731225
587.0,0.19594429723281992
588.0,0.19530551697605125
589.0,0.19293910469794495
590.0,0.1897849457183886
591.0,0.18661941587032516
592.0,0.18379417284477978
593.0,0.18157643766479692
594.0,0.1800744804815687
595.0,0.17905540929589275
596.0,0.17799498850552714
597.0,0.17631095481876458
598.0,0.1737562021565165
599.0,0.17059719793500622
600.0,0.16744118548732911
601.0,0.1649056899152333
602.0,0.16406880455309836
603.0,0.16641719118623455
604.0,0.17190220388010408
605.0,0.17812973620403488
606.0,0.1820174416824185
607.0,0.18167550799841026
608.0,0.17618747623442915
609.0,0.1655926038203362
610.0,0.15215635278356143
611.0,0.1398043070539874
612.0,0.13218763987286758
613.0,0.13068647226660673
614.0,0.13388552368986967
615.0,0.13899249564907867
616.0,0.1441367733702515
617.0,0.14919394440558997
618.0,0.1545266172153794
619.0,0.16012966151028613
620.0,0.16554646814711732
621.0,0.1695707697597335
622.0,0.17023494295610414
623.0,0.16648401381576283
624.0,0.15956066001793812
625.0,0.15195276460851254
626.0,0.14535412342453718
627.0,0.14081681824024184
628.0,0.13949645154450113
629.0,0.14132781296045455
630.0,0.1445364011956542
631.0,0.1477831165033069
632.0,0.1516787561518455
633.0,0.15705053900645977
634.0,0.16333700962101233
635.0,0.16923802691389928
636.0,0.1734551586903243
637.0,0.17424174555795374
638.0,0.1701960820480018
639.0,0.16227001115049627
640.0,0.15362156129297405
641.0,0.1473112182897237
642.0,0.14479086452593593
643.0,0.1465469896955267
644.0,0.15204962166380098
645.0,0.15944376235637708
646.0,0.16530062346539792
647.0,0.16464031165462373
648.0,0.15492503924939377
649.0,0.13956095515248795
650.0,0.12514108091011827
651.0,0.11587313058184989
652.0,0.11343639877984146
653.0,0.1194554780299058
654.0,0.13290240108001344
655.0,0.14861067023377983
656.0,0.16085574800808872
657.0,0.16730989334493246
658.0,0.16871029092462458
659.0,0.1666818383133007
660.0,0.16310580583153517
661.0,0.15925794237998675
662.0,0.155032956725424
663.0,0.14952452148640932
664.0,0.14300699928787702
665.0,0.13752214437602073
666.0,0.13521822377912746
667.0,0.13696414941621066
668.0,0.14247578494629104
669.0,0.15060343495747092
670.0,0.15951147839118102
671.0,0.16793574696187358
672.0,0.17645463859469074
673.0,0.18626468095526
674.0,0.196832655203737
675.0,0.20510071448745787
676.0,0.20661978366928707
677.0,0.19846307833147253
678.0,0.1812599020220314
679.0,0.15899617919783365
680.0,0.1367423742822556
681.0,0.12140829686792104
682.0,0.12121700056656609
683.0,0.13745150972181025
684.0,0.16104321633680724
685.0,0.18121555215991797
686.0,0.19416792911624176
687.0,0.19958793493177135
688.0,0.19670645239241497
689.0,0.18767240419898618
690.0,0.1779784869854682
691.0,0.17261309379981343
692.0,0.1730164947506742
693.0,0.17766233836966744
694.0,0.18388691262305462
695.0,0.18936132832845215
696.0,0.19300048172585366
697.0,0.19432518677777016
698.0,0.19333210949776097
699.0,0.19073501166053236
700.0,0.18784975491495065
701.0,0.18627121057555668
702.0,0.18675086854495399
703.0,0.18844032957669582
704.0,0.18965940037663748
705.0,0.18932340582819335
706.0,0.18576034564432803
707.0,0.17559965751599532
708.0,0.15816554301590086
709.0,0.1385639108722458
710.0,0.12489289963526057
711.0,0.12309092420161344
712.0,0.13378768209536768
713.0,0.15266489382030662
714.0,0.17320738337277214
715.0,0.19028467889325468
716.0,0.20010476830070617
717.0,0.200638523296164
718.0,0.19385581521272438
719.0,0.1843175427144776
720.0,0.17469517608863433
721.0,0.16428096361605687
722.0,0.15232461926253676
723.0,0.13977532051276303
724.0,0.1280553976549898
725.0,0.11898885384820507
726.0,0.11572453882975792
727.0,0.12018924467109865
728.0,0.1299584064647495
729.0,0.139759038921262
730.0,0.1456095083856222
731.0,0.1463382743558887
732.0,0.14243091170487737
733.0,0.1358388658767496
734.0,0.12944669464611364
735.0,0.12763528514150974
736.0,0.1356716560716012
737.0,0.15423467889487902
738.0,0.1771469724689015
739.0,0.19686465427737881
740.0,0.21012643099374423
741.0,0.21571468188665494
742.0,0.21241034581077572
743.0,0.20238633472480788
744.0,0.19117109287336925
745.0,0.18297546524041614
746.0,0.17804175743335654
747.0,0.1749626387981627
748.0,0.17283504483592743
749.0,0.1712639767444189
750.0,0.17030258238512125
751.0,0.17020514886861454
752.0,0.17095159558605094
753.0,0.1719645890647335
754.0,0.17198866642168115
755.0,0.16925838892399142
756.0,0.16286407465697444
757.0,0.15385608298817327
758.0,0.14434584385388932
759.0,0.13570031456513315
760.0,0.1285908460362895
761.0,0.12382710179596673
762.0,0.12157862130525215
763.0,0.12077363061810459
764.0,0.11946522934068599
765.0,0.11590717384995158
766.0,0.10981950248346267
767.0,0.10267397757401381
768.0,0.09681496754437452
769.0,0.09420336422066405
770.0,0.09640041842187091
771.0,0.1040967594804007
772.0,0.11557989192863455
773.0,0.1280060047313652
774.0,0.14137999006005048
775.0,0.15827262859938368
776.0,0.17871216033722465
777.0,0.1991554739735249
778.0,0.21657141108990402
779.0,0.22807303572432286
780.0,0.22671566227479995
781.0,0.20791502829953018
782.0,0.1787777300286631
783.0,0.15276363913198737
784.0,0.1371633696146844
785.0,0.13156985646369318
786.0,0.13419620362389456
787.0,0.14244212853079613
788.0,0.15231611285132246
789.0,0.16095168609346772
790.0,0.1684288715024717
791.0,0.17592162568236341
792.0,0.1830663714063388
793.0,0.1876417131084635
794.0,0.1868795194847544
795.0,0.17975729996469575
796.0,0.1680433462430208
797.0,0.15491872711643367
798.0,0.14378102510518026
799.0,0.14005050732797036
800.0,0.14862889324673428
801.0,0.16717599660639698
802.0,0.186554221470482
803.0,0.19859279237507438
804.0,0.20047069679398039
805.0,0.1918876905976295
806.0,0.17476773479626256
807.0,0.15463656330770853
808.0,0.1389931345810766
809.0,0.13456421382545597
810.0,0.14287845571579066
811.0,0.15866755911615377
812.0,0.17380497082738416
813.0,0.1832531705815192
814.0,0.18595517792314814
815.0,0.1822438347208068
816.0,0.17402335192441415
817.0,0.16445553842256272
818.0,0.1557303761760616
819.0,0.14769621733825905
820.0,0.13964831122743676
821.0,0.1322437896147161
822.0,0.12679980324999002
823.0,0.12429769568807553
824.0,0.12548247283340824
825.0,0.13056391329242373
826.0,0.13821474319445598
827.0,0.1454724361317839
828.0,0.14821947566504218
829.0,0.14374331726205064
830.0,0.13369154499799424
831.0,0.12321094717332087
832.0,0.11692963231277648
833.0,0.11681021465793756
834.0,0.1234548026913394
835.0,0.1357373637275308
836.0,0.15006942724110367
837.0,0.16260640790406783
838.0,0.17198986211563067
839.0,0.1789171309160869
840.0,0.18377030138962608
841.0,0.18605898050362718
842.0,0.18488171688469662
843.0,0.178649830247057
844.0,0.16546893489131947
845.0,0.1463609425901507
846.0,0.1268626685852446
847.0,0.11632831212602363
848.0,0.12334012366360386
849.0,0.14754127499536512
850.0,0.17840153501400718
851.0,0.2036236577103115
852.0,0.21669989581303312
853.0,0.21437033400608568
854.0,0.1960997954863704
855.0,0.16828613804882725
856.0,0.1429778627067962
857.0,0.13296702653502485
858.0,0.14406141032746983
859.0,0.1707106989899913
860.0,0.20009298390976776
861.0,0.22153194025254325
862.0,0.22997246176517688
863.0,0.22194480646605347
864.0,0.19835623885860426
865.0,0.16776740223356118
866.0,0.14200241807329966
867.0,0.12906781126168737
868.0,0.12933967055462575
869.0,0.1373581842546155
870.0,0.14621374936516834
871.0,0.15222905984327645
872.0,0.15417727946461607
873.0,0.15104837100499574
874.0,0.14370951300443707
875.0,0.13551850253807046
876.0,0.13119561724122325
877.0,0.1342143497468789
878.0,0.1439928721975013
879.0,0.15604440781412116
880.0,0.1651668548368977
881.0,0.16831308191833588
882.0,0.16398361085510732
883.0,0.1524632966875787
884.0,0.13711351028874402
885.0,0.12295100608613702
886.0,0.11388883410661638
887.0,0.11085622742986928
888.0,0.11230562907660963
889.0,0.11587466975224053
890.0,0.12017814554241851
891.0,0.12531991939036008
892.0,0.13197254670798958
893.0,0.14024152717664934
894.0,0.14901221414132643
895.0,0.1554553097971964
896.0,0.1557371611490473
897.0,0.1486686544279135
898.0,0.13773411496559335
899.0,0.12874120294446795
900.0,0.12601152538338428
901.0,0.1318219904367453
902.0,0.1465445249424125
903.0,0.16683296817934984
904.0,0.18624824767562226
905.0,0.19747486867931402
906.0,0.19613286754513554
907.0,0.18409229077814732
908.0,0.1679581617770774
909.0,0.15355917634331567
910.0,0.14279837443049898
911.0,0.13619815288251097
912.0,0.13386422325786124
913.0,0.13414047802552626
914.0,0.13579413401014323
915.0,0.14162976899848417
916.0,0.15500671263076798
917.0,0.1734699279490804
918.0,0.19039400206186358
919.0,0.20128339697557635
920.0,0.20460573220702033
921.0,0.19919611473617743
922.0,0.18632415085886073
923.0,0.17110411108397688
924.0,0.1585213077431294
925.0,0.1494674829082186
926.0,0.14247840550344076
927.0,0.13707820586735325
928.0,0.13393844084804668
929.0,0.13409088066355052
930.0,0.1382385013184017
931.0,0.14610085279416657
932.0,0.15598336332702473
933.0,0.1653739144053053
934.0,0.17204637555905894
935.0,0.1751473071714505
936.0,0.17548012583495004
937.0,0.17458443901281712
938.0,0.17328707429498152
939.0,0.17133866233591816
940.0,0.16849395771438053
941.0,0.1650050109419779
942.0,0.16123138156249445
943.0,0.15838067509795
944.0,0.159442408239242
945.0,0.16629611754738477
946.0,0.17654091405122546
947.0,0.18494607989948092
948.0,0.18734391052340577
949.0,0.1822835368189371
950.0,0.1704718513053411
951.0,0.15509650646450762
952.0,0.14089609433852296
953.0,0.13277300114624363
954.0,0.13398106212052446
955.0,0.14352163202849127
956.0,0.15654124501539252
957.0,0.1678920883808271
958.0,0.1753832592899796
959.0,0.1789852291021357
960.0,0.17938228742008916
961.0,0.17791196146554472
962.0,0.176029994336741
963.0,0.17492197891495614
964.0,0.17504868658152956
965.0,0.17600162808304526
966.0,0.1766509947211921
967.0,0.17540141390799485
968.0,0.17115713654859893
969.0,0.16409021994038225
970.0,0.15576534968263128
971.0,0.14841970668515853
972.0,0.14435585373886123
973.0,0.1456574907152765
974.0,0.15231257352618305
975.0,0.16131682952991971
976.0,0.16965820767876078
977.0,0.17746898451838516
978.0,0.18595363383890945
979.0,0.19427452754494962
980.0,0.20033660378391832
981.0,0.20235838939168543
982.0,0.19772164118150598
983.0,0.1833738127113252
984.0,0.16042430457888163
985.0,0.13583336109193894
986.0,0.11990859202318932
987.0,0.12025197151892036
988.0,0.1358886380760161
989.0,0.15807174792510287
990.0,0.17804515566882034
991.0,0.19018636228501445
992.0,0.1856575155578492
993.0,0.15791963866025555
994.0,0.11541699592290294
995.0,0.07863410194836346
996.0,0.0657016421044489
997.0,0.08135096267806957
998.0,0.11711207878385249
999.0,0.15717881858749455
1000.0,0.18751881655854447
1001.0,0.19993881601439306
1002.0,0.19042218926284332
1003.0,0.16292134085675064
1004.0,0.12949897722505993
1005.0,0.10316939735148528
1006.0,0.09018894636624336
1007.0,0.0892310341054447
1008.0,0.09561990208880028
1009.0,0.10438417672508754
1010.0,0.11297207444512941
1011.0,0.12089080764775934
1012.0,0.12825729922480927
1013.0,0.13504732926728985
1014.0,0.14101665913072498
1015.0,0.14716336741356312
1016.0,0.15522161786957372
1017.0,0.16499551783355365
1018.0,0.17374323288714927
1019.0,0.1781981582027044
1020.0,0.176299253995929
1021.0,0.1671283284654927
1022.0,0.15193056995790893
1023.0,0.13490098131392397
1024.0,0.1221776305378573
1025.0,0.11998160630784444
1026.0,0.13002759010183534
1027.0,0.14711455886267238
1028.0,0.16288682487769862
1029.0,0.17200572997411484
1030.0,0.1735489122591654
1031.0,0.1687307404596981
1032.0,0.16052314285922603
1033.0,0.15268114465404375
1034.0,0.14842233107008856
1035.0,0.1493339948401911
1036.0,0.15445128001772673
1037.0,0.1610852752913952
1038.0,0.1668336023857661
1039.0,0.17105191565282413
1040.0,0.17393852445431907
1041.0,0.1755650501667984
1042.0,0.17626781911822126
1043.0,0.1762119390744345
1044.0,0.1739867541042986
1045.0,0.16781885912079725
1046.0,0.15877465358452875
1047.0,0.1511449485061302
1048.0,0.14995150080243974
1049.0,0.15750132583904747
1050.0,0.17174595633208972
1051.0,0.187702693678843
1052.0,0.20091377944474226
1053.0,0.20866783041016207
1054.0,0.20894676579595634
1055.0,0.2022423988465601
1056.0,0.19260940218903883
1057.0,0.18327005786892353
1058.0,0.17256028648478267
1059.0,0.15815257675204314
1060.0,0.1422053036605882
1061.0,0.12995154709171236
1062.0,0.1259658777097366
1063.0,0.13284617092492895
1064.0,0.1505461104645815
1065.0,0.1746282604379828
1066.0,0.19747740089955196
1067.0,0.21115214384033593
1068.0,0.2114354237172183
1069.0,0.2007121596900831
1070.0,0.18583720862895453
1071.0,0.17239619151777014
1072.0,0.16163945924555817
1073.0,0.15323696716288243
1074.0,0.1470146281472307
1075.0,0.14259692310932465
1076.0,0.1394420522073752
1077.0,0.13696340239255128
1078.0,0.13478460844796453
1079.0,0.13283516780230648
1080.0,0.1323301281051255
1081.0,0.1363407177653782
1082.0,0.1471475502652531
1083.0,0.16360425544543838
1084.0,0.18118758786317118
1085.0,0.19436683215795197
1086.0,0.19773311969241042
1087.0,0.18723642421236425
1088.0,0.16473943765613924
1089.0,0.1385492503152284
1090.0,0.1178960687876261
1091.0,0.1070655991209683
1092.0,0.10521987913032743
1093.0,0.10905676279990145
1094.0,0.11477931372837541
1095.0,0.12010301650243066
1096.0,0.12414146206043414
1097.0,0.12692035515494
1098.0,0.12919750290169124
1099.0,0.13152500324364463
1100.0,0.13323442589141982
1101.0,0.133189439227465
1102.0,0.13173177552226184
1103.0,0.13093073313393894
1104.0,0.13312224725347138
1105.0,0.1399676158513395
1106.0,0.15253728162435015
1107.0,0.16994542251602324
1108.0,0.188602775776833
1109.0,0.20241096854120505
1110.0,0.20443109170438284
1111.0,0.1930577776654862
1112.0,0.17505323935445044
1113.0,0.15992862734698537
1114.0,0.15245402623494414
1115.0,0.15279707224971256
1116.0,0.1595963578585829
1117.0,0.1695814553325788
1118.0,0.1783439513925637
1119.0,0.18202880305001318
1120.0,0.17907485097572967
1121.0,0.17122007584671844
1122.0,0.16231385572079254
1123.0,0.15606992555316318
1124.0,0.15405972703379184
1125.0,0.1558136469935369
1126.0,0.1597135134695124
1127.0,0.1639019942697258
1128.0,0.16713269789173651
1129.0,0.16873683304916792
1130.0,0.1687301963544356
1131.0,0.16775681649224655
1132.0,0.16721590377159673
1133.0,0.16932999490885553
1134.0,0.17523789343687451
1135.0,0.18332574064695245
1136.0,0.19063792516345962
1137.0,0.1955058580741849
1138.0,0.1974659638739627
1139.0,0.19601914780535928
1140.0,0.1918025945273884
1141.0,0.1869441512220495
1142.0,0.18101969334617846
1143.0,0.16959142735036797
1144.0,0.1511939040543327
1145.0,0.13161216993792363
1146.0,0.11923836885394118
1147.0,0.11911106871561566
1148.0,0.13191814581403832
1149.0,0.15451451075200812
1150.0,0.18010569480059885
1151.0,0.2011531390159988
1152.0,0.21227640805277953
1153.0,0.2126528160327374
1154.0,0.20613653181803865
1155.0,0.19796065753075803
1156.0,0.19057435610054535
1157.0,0.18330110494866708
1158.0,0.17586999919260732
1159.0,0.16933469132540907
1160.0,0.1646849083468524
1161.0,0.1625219020509155
1162.0,0.16340339435271406
1163.0,0.16708214964154616
1164.0,0.17198771905508542
1165.0,0.17645211936649025
1166.0,0.18008927528160207
1167.0,0.18323943164578865
1168.0,0.18585074955939557
1169.0,0.18771600479598688
1170.0,0.18885936926329433
1171.0,0.18927535404801282
1172.0,0.18880096619831238
1173.0,0.18771603767749306
1174.0,0.18648659431015285
1175.0,0.18374047583459724
1176.0,0.17686081766732736
1177.0,0.16603305539277174
1178.0,0.15538450495160433
1179.0,0.14996442451477937
1180.0,0.15241145747934864
1181.0,0.162090816595383
1182.0,0.17546007762862942
1183.0,0.1875823962333198
1184.0,0.19368128293860815
1185.0,0.1893595524675406
1186.0,0.17398148363142268
1187.0,0.15316175535802184
1188.0,0.13619932262136342
1189.0,0.13090653644634515
1190.0,0.13895691848658137
1191.0,0.1555933636752747
1192.0,0.17318699565578205
1193.0,0.18637723396930034
1194.0,0.19315938364598279
1195.0,0.19345936695774452
1196.0,0.1892376396036684
1197.0,0.18342826068912138
1198.0,0.17801127720015525
1199.0,0.17299552938745894
1200.0,0.16770565015543776
1201.0,0.16235819981746397
1202.0,0.15836028989554435
1203.0,0.1574111498697644
1204.0,0.15976129597722327
1205.0,0.16372409834708718
1206.0,0.16717074493188816
1207.0,0.16758418727649288
1208.0,0.15973229383410664
1209.0,0.13979282734406479
1210.0,0.11250868148322507
1211.0,0.08899350731811811
1212.0,0.07795294056440599
1213.0,0.08077924571748235
1214.0,0.09338732753027673
1215.0,0.1095979607240069
1216.0,0.12485781587039307
1217.0,0.1373009841354978
1218.0,0.14628285424892712
1219.0,0.15242869019842392
1220.0,0.15725100690889932
1221.0,0.16054465006860535
1222.0,0.1592957035615637
1223.0,0.15218613573725687
1224.0,0.14290660805047223
1225.0,0.13785394129455059
1226.0,0.14187395005216313
1227.0,0.15609893789428658
1228.0,0.17770067432376918
1229.0,0.2007032648576404
1230.0,0.21869491590134588
1231.0,0.2265425962935695
1232.0,0.22269258853784474
1233.0,0.2108432657054516
1234.0,0.19768659890874635
1235.0,0.18861091477226338
1236.0,0.18504573897181303
1237.0,0.18572221173632314
1238.0,0.18828223585568066
1239.0,0.19047755327469046
1240.0,0.19100003417554362
1241.0,0.1892453406699744
1242.0,0.1855864136232926
1243.0,0.18137379032608952
1244.0,0.17890314096963916
1245.0,0.18092376617247824
1246.0,0.18812308069255074
1247.0,0.19778452062247603
1248.0,0.2057098357585478
1249.0,0.20919235723652946
1250.0,0.20781464013044665
1251.0,0.20271299644641788
1252.0,0.1957798193140013
1253.0,0.18893479774489058
1254.0,0.18561496179728404
1255.0,0.18964506627682315
1256.0,0.19985902815051498
1257.0,0.20935635960197968
1258.0,0.21094067163161206
1259.0,0.20210391318290472
1260.0,0.18519611190148805
1261.0,0.16491636498042778
1262.0,0.14502294963540402
1263.0,0.12666968719325494
1264.0,0.10984195397581692
1265.0,0.09472010445196216
1266.0,0.08221579674409879
1267.0,0.07449610127824896
1268.0,0.07491837414038366
1269.0,0.08474692164096215
1270.0,0.10043125653068069
1271.0,0.11641657869942607
1272.0,0.1298655273766814
1273.0,0.14078467341394268
1274.0,0.14962763203266555
1275.0,0.15692914618123804
1276.0,0.16327095928038687
1277.0,0.1690674058264257
1278.0,0.1744373190230954
1279.0,0.17907736439295424
1280.0,0.18263689385194676
1281.0,0.1859286808599187
1282.0,0.19068145076096538
1283.0,0.19703121604624058
1284.0,0.20247720102173256
1285.0,0.20345426071769995
1286.0,0.19728509886812456
1287.0,0.1825109922439488
1288.0,0.1601437068582126
1289.0,0.13522741604984706
1290.0,0.11421340298314903
1291.0,0.1004071400088205
1292.0,0.09292467917676545
1293.0,0.08959480840576667
1294.0,0.09055219614523374
1295.0,0.10007113917340177
1296.0,0.12175595936918543
1297.0,0.15270386915658124
1298.0,0.18517583218747463
1299.0,0.21243072656228862
1300.0,0.22984617787964373
1301.0,0.23396512898219407
1302.0,0.22631084546069308
1303.0,0.21422439271620825
1304.0,0.20514124825907493
1305.0,0.2011209496617698
1306.0,0.2003014131941912
1307.0,0.20057954585739884
1308.0,0.2005866794301437
1309.0,0.20004343549890363
1310.0,0.19911640116457124
1311.0,0.19773050150556365
1312.0,0.19567211598020023
1313.0,0.19255248605449587
1314.0,0.18747886075253578
1315.0,0.17985983917016818
1316.0,0.17091330066076776
1317.0,0.16295550943152587
1318.0,0.15707946102267828
1319.0,0.1528035905268436
1320.0,0.14964181821557948
1321.0,0.1482286773735288
1322.0,0.15040981054728936
1323.0,0.15797116655135907
1324.0,0.17122613764153644
1325.0,0.18793929333141896
1326.0,0.20383220653947703
1327.0,0.2141008796915414
1328.0,0.21529550847092854
1329.0,0.20791891652093303
1330.0,0.19638957588493705
1331.0,0.18574655212357533
1332.0,0.1782017245220497
1333.0,0.17355464020053907
1334.0,0.17095838177525674
1335.0,0.16939473363902996
1336.0,0.16817280844351318
1337.0,0.16692060167949158
1338.0,0.16554953212289608
1339.0,0.16439518354833388
1340.0,0.1639696713637238
1341.0,0.16450507855385293
1342.0,0.16577161158184023
1343.0,0.16722887074808707
1344.0,0.16914451713722872
1345.0,0.17392772657021688
1346.0,0.1841481104050398
1347.0,0.1992653289792698
1348.0,0.2156357932743776
1349.0,0.2294090307829501
1350.0,0.23510562052817968
1351.0,0.22338147828440486
1352.0,0.19134320745319183
1353.0,0.15094622196098478
1354.0,0.12111067917340318
1355.0,0.11393297892041027
1356.0,0.1286080402758169
1357.0,0.15466680666649651
1358.0,0.1786130735396651
1359.0,0.19177061217466101
1360.0,0.19113554459930798
1361.0,0.17769549017906744
1362.0,0.15769513986248646
1363.0,0.1402713280354944
1364.0,0.13362861346167093
1365.0,0.14080374627615772
1366.0,0.1576070153477756
1367.0,0.1757778685299814
1368.0,0.1888820982010037
1369.0,0.19564504977468272
1370.0,0.1975025455428338
1371.0,0.19641587476695405
1372.0,0.19434051507803746
1373.0,0.19246033853372918
1374.0,0.19110467206013065
1375.0,0.18982874038212755
1376.0,0.18784925838798988
1377.0,0.1831938679241561
1378.0,0.17200828959031206
1379.0,0.15275327912722741
1380.0,0.12976243802203752
1381.0,0.11228170940929233
1382.0,0.10978980710978908
1383.0,0.12525118703301158
1384.0,0.15279317296677358
1385.0,0.18197154365834262
1386.0,0.2046415526274989
1387.0,0.21625209466367495
1388.0,0.21560007164086908
1389.0,0.20638289577940255
1390.0,0.19481375913799842
1391.0,0.18419317091185544
1392.0,0.1731709256286223
1393.0,0.16074119439665752
1394.0,0.1494622939239439
1395.0,0.1439038627064208
1396.0,0.14741277071134823
1397.0,0.1595642685954402
1398.0,0.17611499414384807
1399.0,0.19165176347313934
1400.0,0.20131897473017496
1401.0,0.20041439259274024
1402.0,0.18801720233379932
1403.0,0.17002380787373123
1404.0,0.1555848549869296
1405.0,0.15079784672405788
1406.0,0.1556788162962784
1407.0,0.16589748867530524
1408.0,0.1762129020119863
1409.0,0.18400017805684715
1410.0,0.18915496614782507
1411.0,0.19215561847941615
1412.0,0.1938169791986601
1413.0,0.1951311546375331
1414.0,0.19753767066697986
1415.0,0.20247415059296975
1416.0,0.2095962750370069
1417.0,0.2162671499482915
1418.0,0.21866381589563694
1419.0,0.2142415916615124
1420.0,0.20399038843425904
1421.0,0.19199155908622662
1422.0,0.18250785579871848
1423.0,0.17763735534227737
1424.0,0.1776952157909692
1425.0,0.18143248758920089
1426.0,0.18614297618558678
1427.0,0.18891175328368598
1428.0,0.18782555191897338
1429.0,0.18299843901073382
1430.0,0.17639036146869375
1431.0,0.16996500209379045
1432.0,0.16380251701728815
1433.0,0.15710209714283124
1434.0,0.15025099710258255
1435.0,0.1445495571526904
1436.0,0.14098919755427103
1437.0,0.1399169904468382
1438.0,0.14119355938312822
1439.0,0.14416327197551243
1440.0,0.1480692019225836
1441.0,0.15319678689653055
1442.0,0.1608040260738674
1443.0,0.17087085849926692
1444.0,0.18042833167201905
1445.0,0.18304954312080451
1446.0,0.172630413716705
1447.0,0.14996336955638995
1448.0,0.12367416878278431
1449.0,0.10452047144585169
1450.0,0.09931032960247571
1451.0,0.10980582215789053
1452.0,0.13229274448818024
1453.0,0.1586344117511323
1454.0,0.18033851916152205
1455.0,0.19214099683491132
1456.0,0.19423794459052895
1457.0,0.19090868430503177
1458.0,0.18770619053318943
1459.0,0.18858144237740332
1460.0,0.19414807241444848
1461.0,0.20242647140687692
1462.0,0.21048460770282945
1463.0,0.21640317802983838
1464.0,0.21951752402206254
1465.0,0.21974234119434782
1466.0,0.2176995370340063
1467.0,0.21441525080333218
1468.0,0.21048572902008994
1469.0,0.20573783770617432
1470.0,0.20021711712567974
1471.0,0.19446089793954796
1472.0,0.18785338772657995
1473.0,0.17876513154640933
1474.0,0.16721041088018457
1475.0,0.15560349847214755
1476.0,0.14672332126460091
1477.0,0.14211101839031554
1478.0,0.14232619045039457
1479.0,0.14679970821810323
1480.0,0.1535852055141375
1481.0,0.16019928763584018
1482.0,0.1647429413651203
1483.0,0.1668545121361435
1484.0,0.1675962640996404
1485.0,0.16958674919414857
1486.0,0.1765885460358277
1487.0,0.1901340119374902
1488.0,0.20723229990577657
1489.0,0.22257767836041892
1490.0,0.23247114127257912
1491.0,0.2354094872957408
1492.0,0.23114412186170558
1493.0,0.22175145842418215
1494.0,0.21084888270115515
1495.0,0.19936918128101583
1496.0,0.1844780144927683
1497.0,0.16586489167682555
1498.0,0.1484483327834571
1499.0,0.1364045323736252
1500.0,0.12947180838018163
1501.0,0.1259318142569476
1502.0,0.125631989244206
1503.0,0.13052543246933707
1504.0,0.14329892498733227
1505.0,0.1651005956340365
1506.0,0.1935310032648872
1507.0,0.22248850775195944
1508.0,0.24497429198212922
1509.0,0.25643090953055764
1510.0,0.2571292757472117
1511.0,0.2514371626674808
1512.0,0.24334598300614635
1513.0,0.23215891473363987
1514.0,0.2158257724567531
1515.0,0.1963681402834589
1516.0,0.1773454571461776
1517.0,0.15942590962158126
1518.0,0.14166821861838147
1519.0,0.12434212938160566
1520.0,0.10946161192605558
1521.0,0.10015547830716148
1522.0,0.10060860151311918
1523.0,0.11405211834672396
1524.0,0.1376715685742183
1525.0,0.16221004130606148
1526.0,0.17708123392382197
1527.0,0.17687104614335608
1528.0,0.16416109576350407
1529.0,0.147298307895583
1530.0,0.13508400848110252
1531.0,0.13189309885278783
1532.0,0.13766223731648203
1533.0,0.14879021146112575
1534.0,0.15965272536759928
1535.0,0.16524863417797314
1536.0,0.16265860247115965
1537.0,0.15274170315622398
1538.0,0.13995694715744883
1539.0,0.12928345095376909
1540.0,0.1228523855133537
1541.0,0.11994018055795036
1542.0,0.11940713053864166
1543.0,0.12120879259853773
1544.0,0.12668571611247753
1545.0,0.1366261035469944
1546.0,0.14967666969357857
1547.0,0.16341203425881673
1548.0,0.17611912907394273
1549.0,0.18721955906113702
1550.0,0.19681665404487664
1551.0,0.20479652152738986
1552.0,0.2098759410167676
1553.0,0.20878787008342276
1554.0,0.1984373954866226
1555.0,0.18073384816478982
1556.0,0.162357612680242
1557.0,0.14900723821580392
1558.0,0.14206762845275273
1559.0,0.14057347551400362
1560.0,0.14346060643274444
1561.0,0.1507368970409208
1562.0,0.16341125411449237
1563.0,0.18231297874283442
1564.0,0.2060661582243321
1565.0,0.23012982223867234
1566.0,0.2490246148931819
1567.0,0.25948411741371996
1568.0,0.2620342906082917
1569.0,0.25984571603091905
1570.0,0.25616699525088854
1571.0,0.25201853334433705
1572.0,0.24704653571415008
1573.0,0.24134900675208942
1574.0,0.23506672393954492
1575.0,0.22788891629510127
1576.0,0.21949633683061626
1577.0,0.21006891194443328
1578.0,0.20048510160261684
1579.0,0.19198970296770274
1580.0,0.18557624968554604
1581.0,0.1814705668057665
1582.0,0.17904894138439326
1583.0,0.17753076180966093
1584.0,0.17705497877597326
1585.0,0.1783541014676548
1586.0,0.18112037174056445
1587.0,0.18392356825516304
1588.0,0.18563005825323692
1589.0,0.1859726169412011
1590.0,0.18504496638884044
1591.0,0.18302413049805283
1592.0,0.18008657839778858
1593.0,0.17616509894296734
1594.0,0.17084616635955047
1595.0,0.16412787557475456
1596.0,0.15703900782398167
1597.0,0.15107096634607392
1598.0,0.14753524686680747
1599.0,0.14605571929392863
