0.0,0.0
1.0,0.0
2.0,0.0
3.0,0.0
4.0,0.0
5.0,0.0
6.0,0.0
7.0,0.0
8.0,0.0
9.0,0.0
10.0,0.0
11.0,0.0
12.0,0.0
13.0,0.0
14.0,0.0
15.0,0.0
16.0,0.0
17.0,0.0
18.0,0.0
19.0,0.0
20.0,0.0
21.0,0.0
22.0,0.0
23.0,0.0
24.0,0.0
25.0,0.0
26.0,0.0
27.0,0.0
28.0,0.0
29.0,0.0
30.0,0.0
31.0,0.0
32.0,0.0
33.0,0.0
34.0,0.0
35.0,0.0
36.0,0.0
37.0,0.0
38.0,0.0
39.0,0.0
40.0,0.0
41.0,0.0
42.0,0.0
43.0,0.0
44.0,0.0
45.0,0.0
46.0,0.0
47.0,0.0
48.0,0.0
49.0,0.0
50.0,0.0
51.0,0.0
52.0,0.0
53.0,0.0
54.0,0.0
55.0,0.0
56.0,0.0
57.0,0.0
58.0,0.0
59.0,0.0
60.0,0.0
61.0,0.0
62.0,0.0
63.0,0.0
64.0,0.0
65.0,0.0
66.0,0.0
67.0,0.0
68.0,0.0
69.0,0.0
70.0,0.0
71.0,0.0
72.0,0.0
73.0,0.0
74.0,0.0
75.0,0.0
76.0,0.0
77.0,0.0
78.0,0.0
79.0,0.0
80.0,0.0
81.0,0.0
82.0,0.0
83.0,0.0
84.0,0.0
85.0,0.0
86.0,0.05360024908582134
87.0,0.053152619874127754
88.0,0.052782628464162484
89.0,0.052502413078111265
90.0,0.05226932224803113
91.0,0.05205315091212376
92.0,0.051824464516795114
93.0,0.05156043773273192
94.0,0.051259656436555404
95.0,0.050943538117171394
96.0,0.05064525738337971
97.0,0.05039137105807927
98.0,0.0501918205645218
99.0,0.050043430728752274
100.0,0.04994610310864857
101.0,0.04990763867376595
102.0,0.04993568239840292
103.0,0.050013036284764466
104.0,0.05007357110627869
105.0,0.0500826088419995
106.0,0.05013288766192351
107.0,0.05039220440877389
108.0,0.050976021663070616
109.0,0.05190994613437139
110.0,0.05317322124679649
111.0,0.05470773881156144
112.0,0.056438498114265476
113.0,0.058331635151539676
114.0,0.060419016775061785
115.0,0.06272406616184127
116.0,0.06520096624162841
117.0,0.06779049935223029
118.0,0.07048247329256385
119.0,0.07331531618978668
120.0,0.0763294934020255
121.0,0.07949532421743957
122.0,0.08270140893090956
123.0,0.08582603032839806
124.0,0.08879315354537938
125.0,0.0915428520069109
126.0,0.09408479066376357
127.0,0.09662204401195346
128.0,0.09940809826735669
129.0,0.10246306959696655
130.0,0.10551922459826293
131.0,0.10821204216500713
132.0,0.11034620491637082
133.0,0.11203323575851601
134.0,0.11356654582241217
135.0,0.11515136890800609
136.0,0.11677644662995937
137.0,0.1182738284358382
138.0,0.1195113636260153
139.0,0.12054997906952827
140.0,0.12151238116080229
141.0,0.12239589512552945
142.0,0.12310385835561663
143.0,0.12351963573872844
144.0,0.12338582118622769
145.0,0.12235550423183739
146.0,0.1203906582353221
147.0,0.11788996722913975
148.0,0.11533604911377314
149.0,0.11297460703249146
150.0,0.11088436457253413
151.0,0.10906869455382034
152.0,0.10746403996412157
153.0,0.10599755099525057
154.0,0.10463617649915564
155.0,0.10338866612933356
156.0,0.10225393707257857
157.0,0.10121260145169914
158.0,0.1002584620418121
159.0,0.09940236755258922
160.0,0.09865510256667946
161.0,0.09801726273983408
162.0,0.0974794376194698
163.0,0.09702657227681614
164.0,0.09664529450516533
165.0,0.09632808454730023
166.0,0.096072460356381
167.0,0.09587564984369124
168.0,0.0957298264586739
169.0,0.0956245066952579
170.0,0.09555123941946178
171.0,0.09550603244750155
172.0,0.09548927977275992
173.0,0.09550332731972846
174.0,0.09555544661857338
175.0,0.09567710512551661
176.0,0.09590948352095963
177.0,0.0962508684714269
178.0,0.0966475016739771
179.0,0.09704359437190425
180.0,0.09740427347484495
181.0,0.09768360480682652
182.0,0.09784731407676503
183.0,0.09792792745692215
184.0,0.09800678033259255
185.0,0.09814466841651362
186.0,0.09836923879152248
187.0,0.09871385187281695
188.0,0.09917272187555279
189.0,0.09965120429680915
190.0,0.10001555749126964
191.0,0.10017837215705072
192.0,0.10013049369237474
193.0,0.0999143315877365
194.0,0.09959860182823475
195.0,0.09924233209973833
196.0,0.09887438808914895
197.0,0.09849517468247031
198.0,0.09809580187060499
199.0,0.09767678013976669
200.0,0.0972341668142081
201.0,0.09675417928194682
202.0,0.09622956976354
203.0,0.09567023327224836
204.0,0.09509619673799002
205.0,0.09453850223814836
206.0,0.09405933242797496
207.0,0.09371721081642417
208.0,0.09349965690456147
209.0,0.0933266556552798
210.0,0.09312203212119118
211.0,0.09283411887527634
212.0,0.09239741912767271
213.0,0.0917834685729895
214.0,0.09106718083522891
215.0,0.09037360964379149
216.0,0.08977385710201544
217.0,0.08928119914360186
218.0,0.08890655497128427
219.0,0.0886334831544891
220.0,0.08839611980067152
221.0,0.08812878987548897
222.0,0.08781600034164913
223.0,0.0874718241081075
224.0,0.08710177347659016
225.0,0.08670974389373179
226.0,0.08630155671087592
227.0,0.08586062865564606
228.0,0.08535559544026522
229.0,0.08480039435720022
230.0,0.08426693625502266
231.0,0.0838248019083736
232.0,0.08350304366888886
233.0,0.0833192486062459
234.0,0.08327352881734991
235.0,0.08330568038755543
236.0,0.08331759896772037
237.0,0.08323737218761557
238.0,0.08305410498925357
239.0,0.08279861010067113
240.0,0.08251619767865553
241.0,0.08224258737136046
242.0,0.08199317126405689
243.0,0.08177166742893668
244.0,0.08157324969350212
245.0,0.08138985635071247
246.0,0.08123723257677913
247.0,0.08116617432346035
248.0,0.08121892890319193
249.0,0.08138504456607759
250.0,0.08158622900486769
251.0,0.08170484283037294
252.0,0.08161636908566738
253.0,0.08123874521998285
254.0,0.08058901533815123
255.0,0.0797704624066028
256.0,0.07890119431651269
257.0,0.07803303640603804
258.0,0.07712366309556277
259.0,0.07610241714667357
260.0,0.07499686554572994
261.0,0.07394107470509888
262.0,0.07304923552483979
263.0,0.07234680839065777
264.0,0.07180930890305968
265.0,0.07139404542444386
266.0,0.07105522134924147
267.0,0.0707615944135182
268.0,0.07049939145645248
269.0,0.0702743678485425
270.0,0.0701047857809971
271.0,0.07000424640687539
272.0,0.06996891211373546
273.0,0.06998819517893261
274.0,0.07006195185054831
275.0,0.0701980709529241
276.0,0.07040374444565663
277.0,0.07068854781937549
278.0,0.0710642112713227
279.0,0.07152992855778272
280.0,0.07206847553160389
281.0,0.07266574131350773
282.0,0.07331492110534674
283.0,0.07397676283403365
284.0,0.07459368341322802
285.0,0.07517520427938362
286.0,0.07581077895373443
287.0,0.07658786319878443
288.0,0.07754469319992478
289.0,0.07870582383309412
290.0,0.08006292946061201
291.0,0.08151728067033395
292.0,0.08297172217191429
293.0,0.08448150363553585
294.0,0.08615374912750756
295.0,0.08793270326948621
296.0,0.08964666597145261
297.0,0.09119569613789963
298.0,0.09246973421842464
299.0,0.09321912939358265
300.0,0.09338093597152027
301.0,0.09332310941039287
302.0,0.09345938209822513
303.0,0.09382665154407611
304.0,0.09424976446648468
305.0,0.09466988338607077
306.0,0.09526325858357597
307.0,0.09637119851588627
308.0,0.09827202107602073
309.0,0.10101999382965242
310.0,0.10451748600832464
311.0,0.1086879496629254
312.0,0.11359793884570502
313.0,0.11951807032247233
314.0,0.12694245628137663
315.0,0.13609846893059024
316.0,0.14623344755057016
317.0,0.1560954123135769
318.0,0.16520460001248796
319.0,0.17396550823029927
320.0,0.1827090234845919
321.0,0.19117984416333852
322.0,0.19868003638594106
323.0,0.20398574585772225
324.0,0.2054145692648706
325.0,0.20230722721735975
326.0,0.19604410981479822
327.0,0.18863746720825245
328.0,0.18078570999991134
329.0,0.17214397733576764
330.0,0.16245508291728122
331.0,0.15183998352057748
332.0,0.14076633444083472
333.0,0.12991587234904212
334.0,0.11989026384490967
335.0,0.11096160697640856
336.0,0.10305323302888182
337.0,0.09597896622229213
338.0,0.08966854774944158
339.0,0.08411071832350629
340.0,0.07928891741554425
341.0,0.07515779446306745
342.0,0.07165223190147228
343.0,0.06872884802246321
344.0,0.06637846193022783
345.0,0.06460840377670848
346.0,0.06335550662247182
347.0,0.06240637329444498
348.0,0.06151448223206174
349.0,0.06058475080540977
350.0,0.0596629619175493
351.0,0.058789405828177446
352.0,0.057949558385051225
353.0,0.05709391986667339
354.0,0.05614173788405377
355.0,0.05500747741630234
356.0,0.053724920362216114
357.0,0.05248822937635138
358.0,0.051495830128626616
359.0,0.05080147211291859
360.0,0.05036674220231355
361.0,0.05015977221949271
362.0,0.05015471907120411
363.0,0.05034794407226556
364.0,0.05081967453699214
365.0,0.051682071140756264
366.0,0.05290144788708705
367.0,0.05429774993878002
368.0,0.05575990452368723
369.0,0.05731783332320893
370.0,0.058998919288727525
371.0,0.0607772529036569
372.0,0.06264616241934558
373.0,0.06457497911799365
374.0,0.06640834443280651
375.0,0.06802428885831435
376.0,0.06955429940464174
377.0,0.07130474546508171
378.0,0.07351184866469816
379.0,0.07619810698748365
380.0,0.07920553795123236
381.0,0.08244491743065194
382.0,0.08610769414725188
383.0,0.09061531673827695
384.0,0.09639038127660012
385.0,0.10364210817904254
386.0,0.11225513714593847
387.0,0.12164489298025737
388.0,0.1311279105834488
389.0,0.1410356202753323
390.0,0.15263230006344086
391.0,0.1661458464508696
392.0,0.18006693402015247
393.0,0.19277339153765846
394.0,0.20364225160075344
395.0,0.21248716577275015
396.0,0.21927944212472544
397.0,0.22443989059196243
398.0,0.22819764935813622
399.0,0.22955557051155653
400.0,0.2271093180254305
401.0,0.22081142082347952
402.0,0.211951060095633
403.0,0.20174826805847462
404.0,0.19076278028804558
405.0,0.1791104688438307
406.0,0.16684521389967194
407.0,0.15433525475720555
408.0,0.14218100037202033
409.0,0.1309135576116136
410.0,0.12084583149200881
411.0,0.11207243784913327
412.0,0.10447049272753729
413.0,0.09784002182086173
414.0,0.09210224646472542
415.0,0.08734859621719995
416.0,0.08355433749035371
417.0,0.0804506816719655
418.0,0.07778031585266076
419.0,0.07547756749410083
420.0,0.07357675346520227
421.0,0.07207356882036978
422.0,0.07085026816151936
423.0,0.0696864984941644
424.0,0.06834940681391243
425.0,0.0667076011968014
426.0,0.06477469118566609
427.0,0.06267945320042521
428.0,0.0605786304612575
429.0,0.05854214282791073
430.0,0.05650205071780838
431.0,0.05439662441489357
432.0,0.052346161395514235
433.0,0.05057339628631924
434.0,0.049218364080033467
435.0,0.04832686035482034
436.0,0.0479202357917001
437.0,0.04794339974736736
438.0,0.04825887662853791
439.0,0.04879248865800773
440.0,0.0496069226705272
441.0,0.05071240198129241
442.0,0.05195040553595148
443.0,0.05315420106979818
444.0,0.05427846923501882
445.0,0.055333017206302584
446.0,0.05630827604696628
447.0,0.05717852941974691
448.0,0.057885810151444395
449.0,0.05830264660343305
450.0,0.05829336765333795
451.0,0.05783068703879235
452.0,0.057002433548099266
453.0,0.05590691191485839
454.0,0.05458763179296247
455.0,0.05304288079607776
456.0,0.05126441648779269
457.0,0.04928026752979403
458.0,0.04716942501777513
459.0,0.045038413639991504
460.0,0.04298038823668816
461.0,0.041046090789613895
462.0,0.039251616398777917
463.0,0.03760780311783564
464.0,0.036102047045120114
465.0,0.03469413044696136
466.0,0.033369251583565934
467.0,0.03216851108084573
468.0,0.031142228625354915
469.0,0.030303804058791392
470.0,0.029647648722110204
471.0,0.029158524449909677
472.0,0.028770829492889283
473.0,0.02838376323808344
474.0,0.027935240517718618
475.0,0.02743401289048663
476.0,0.026916887191941866
477.0,0.02641136587533012
478.0,0.02593596552919889
479.0,0.025495640080968524
480.0,0.025078929938602487
481.0,0.024682818026258053
482.0,0.02434203446647358
483.0,0.024108760843934922
484.0,0.024009132556785995
485.0,0.024023189146502616
486.0,0.02409984532958384
487.0,0.024175890471192958
488.0,0.024196904209724958
489.0,0.024127629281865647
490.0,0.0239509431942605
491.0,0.023694690284115687
492.0,0.023430986765722195
493.0,0.02323216675869829
494.0,0.023129792617564093
495.0,0.023125564697153586
496.0,0.023215652267581044
497.0,0.023389166203892378
498.0,0.023629424046279483
499.0,0.02391397937293093
500.0,0.02422137322143493
501.0,0.024541052763698126
502.0,0.024873670851541844
503.0,0.025219117114246806
504.0,0.02557807638759279
505.0,0.025967888852420393
506.0,0.02642015743594775
507.0,0.02696622571749549
508.0,0.02760206541496625
509.0,0.028262065751565438
510.0,0.02889350784655452
511.0,0.0295500051357524
512.0,0.03034228077057549
513.0,0.03132400030023677
514.0,0.03250684525874388
515.0,0.03392792923548833
516.0,0.035590746271405016
517.0,0.037419273937884204
518.0,0.03940336433020954
519.0,0.04168623629413595
520.0,0.04434760961456495
521.0,0.04724199765995561
522.0,0.050138877544796526
523.0,0.052894711796153224
524.0,0.05543036378957311
525.0,0.05768916948834259
526.0,0.059649406802889784
527.0,0.06129626525502231
528.0,0.06256349202205216
529.0,0.0633371135361486
530.0,0.06352660435356748
531.0,0.06311783923393885
532.0,0.06216772774482973
533.0,0.06075328767429446
534.0,0.058907288904763266
535.0,0.05666492322842823
536.0,0.05416939945667397
537.0,0.05159040805729871
538.0,0.048968742184596334
539.0,0.04627569565777798
540.0,0.04356749665464768
541.0,0.040936592918210724
542.0,0.038399644226963736
543.0,0.03594268265947301
544.0,0.03360167650542356
545.0,0.03142396127956239
546.0,0.029416192741842415
547.0,0.027571568927757306
548.0,0.025900248776468696
549.0,0.024397590452660184
550.0,0.02302808559574522
551.0,0.021756200510254994
552.0,0.02057409760279401
553.0,0.019499045317412873
554.0,0.01855314510188455
555.0,0.017741295275538582
556.0,0.017043106463012297
557.0,0.016426486955533934
558.0,0.015867598061972937
559.0,0.015361069278294684
560.0,0.014918835974449068
561.0,0.014558020789906728
562.0,0.014284067028538072
563.0,0.014082885920987873
564.0,0.013925902317477465
565.0,0.013784771733258414
566.0,0.013639505147869713
567.0,0.013477545667868185
568.0,0.013318764914362638
569.0,0.013224593876494717
570.0,0.013239471207931772
571.0,0.013341597994610516
572.0,0.013487995286480509
573.0,0.013672511652192021
574.0,0.01389723236351928
575.0,0.014138286655274154
576.0,0.014357604740589669
577.0,0.014529229198277843
578.0,0.014666120882662198
579.0,0.014808219820476753
580.0,0.014964028533355392
581.0,0.015092898898860826
582.0,0.015160401833522047
583.0,0.015157901655664718
584.0,0.015055038343476324
585.0,0.014811628478452937
586.0,0.014443213760355983
587.0,0.014012609063414228
588.0,0.01355911841754584
589.0,0.013087534853404748
590.0,0.012612624009216061
591.0,0.01215495010091662
592.0,0.011711905800079497
593.0,0.011269263188049203
594.0,0.010828940562432082
595.0,0.010407691052770923
596.0,0.01002068442224524
597.0,0.009679792317785305
598.0,0.009395696451274888
599.0,0.00916496545866588
600.0,0.008968768372394825
601.0,0.008808236326841537
602.0,0.008716342761147994
603.0,0.008694162073891634
604.0,0.008688781349439331
605.0,0.00868174246144307
606.0,0.008723993503606683
607.0,0.008843661639044667
608.0,0.009010635226513353
609.0,0.009219397185432104
610.0,0.009517401121814512
611.0,0.009940027042601413
612.0,0.0105133117068512
613.0,0.01133632485546815
614.0,0.012498281188061677
615.0,0.013904661884026101
616.0,0.015372976326002943
617.0,0.016883893132699265
618.0,0.018519414378354276
619.0,0.02022651047834867
620.0,0.021870608021196364
621.0,0.023418116582100704
622.0,0.02488524833865907
623.0,0.026210582992257092
624.0,0.027285824329471714
625.0,0.028031959572512796
626.0,0.02835576696749778
627.0,0.028125080165059282
628.0,0.027308204736828295
629.0,0.026048636773692804
630.0,0.024583525375634643
631.0,0.023106771768043433
632.0,0.02171452721717816
633.0,0.02042506435240496
634.0,0.019268472075412685
635.0,0.0183362219138994
636.0,0.017729008915043976
637.0,0.01748797231609875
638.0,0.01755259347631416
639.0,0.017814224957287406
640.0,0.01822844998327297
641.0,0.018834168776693777
642.0,0.01966952881218967
643.0,0.020721706509624432
644.0,0.021935005223284232
645.0,0.02325486436866303
646.0,0.024675156662801845
647.0,0.026191670749714152
648.0,0.027732417408004528
649.0,0.029266338383514237
650.0,0.03091116410258518
651.0,0.0327677098741556
652.0,0.034758002092156806
653.0,0.0368480386896356
654.0,0.03922953302704538
655.0,0.04202916455886117
656.0,0.045131433838299304
657.0,0.048612014712402424
658.0,0.05288937759633153
659.0,0.058109107248411285
660.0,0.0638363775064063
661.0,0.06945995677790535
662.0,0.07467957088106705
663.0,0.07966433655631311
664.0,0.08486823477841351
665.0,0.09063539603206239
666.0,0.09690389879410888
667.0,0.10319352525823111
668.0,0.10934382058153752
669.0,0.11642876952322678
670.0,0.12603033615801632
671.0,0.13864661658136623
672.0,0.1539871073481149
673.0,0.1724199213606898
674.0,0.19437457426223534
675.0,0.2191332808845415
676.0,0.24733161910609272
677.0,0.2830048299646932
678.0,0.32764628172824467
679.0,0.3756737162464887
680.0,0.4221095100435015
681.0,0.46943544113311897
682.0,0.5201824660643694
683.0,0.5702438171375447
684.0,0.6141465134030177
685.0,0.650164688243736
686.0,0.6776811986189857
687.0,0.6951700158492047
688.0,0.702514486760969
689.0,0.7006789881177401
690.0,0.6874509363850014
691.0,0.6588100536016124
692.0,0.6161932892262536
693.0,0.566868750066268
694.0,0.516988920452518
695.0,0.4683662403092661
696.0,0.42099067827127834
697.0,0.3749258308063441
698.0,0.3309792728962845
699.0,0.2905926570059609
700.0,0.2550371226036426
701.0,0.2246977671933934
702.0,0.19898655326958772
703.0,0.17676201708726358
704.0,0.1570733631177277
705.0,0.13984930721799596
706.0,0.12586881175081122
707.0,0.11530354365942333
708.0,0.10679732379418108
709.0,0.09899980528042676
710.0,0.09192866453171109
711.0,0.0860216649526209
712.0,0.08109047812045289
713.0,0.07661512353605973
714.0,0.07213573635594131
715.0,0.06721257822729343
716.0,0.0615599494101068
717.0,0.05536870453294805
718.0,0.04921282413471237
719.0,0.04359700630467159
720.0,0.03868275618108245
721.0,0.03443618278561403
722.0,0.030745130933195364
723.0,0.027450830370204238
724.0,0.024456072437204518
725.0,0.02180173327119657
726.0,0.01956324245983343
727.0,0.017681411109725514
728.0,0.016027311626580887
729.0,0.014567428574653096
730.0,0.013343839056215667
731.0,0.012370267577190952
732.0,0.011600717915939002
733.0,0.010952867602370658
734.0,0.010366244203634994
735.0,0.009840672746035728
736.0,0.009395852488485346
737.0,0.009024638313460093
738.0,0.008715614863867571
739.0,0.008473327134255595
740.0,0.00830294857173973
741.0,0.008196192229160876
742.0,0.008130168074095667
743.0,0.008086350350943822
744.0,0.008085689651702699
745.0,0.008169282389562008
746.0,0.008329202143979211
747.0,0.00849919591432477
748.0,0.008613623191397773
749.0,0.008642636798392417
750.0,0.008577989940747183
751.0,0.008444589892229487
752.0,0.008314281298943474
753.0,0.008272301475491572
754.0,0.008371196767498104
755.0,0.008609540149102007
756.0,0.008950380140680447
757.0,0.009349654139643171
758.0,0.009783314147925742
759.0,0.010249066590666378
760.0,0.01075009653976558
761.0,0.011278235177542714
762.0,0.0118140548950562
763.0,0.012386978555445405
764.0,0.013081610556703066
765.0,0.013906073712865827
766.0,0.01474123961315979
767.0,0.015481220661283712
768.0,0.016126005847317854
769.0,0.016697846592703527
770.0,0.017176969701654624
771.0,0.017533669885558448
772.0,0.017731349775558444
773.0,0.017681474406909772
774.0,0.017305826578062067
775.0,0.01666210882055899
776.0,0.015917977862088123
777.0,0.015203840889701031
778.0,0.014557131632409792
779.0,0.013980758707937857
780.0,0.013460231880233764
781.0,0.012961795719515556
782.0,0.0124202949808149
783.0,0.011738146584776205
784.0,0.010879908580566089
785.0,0.00993831176197206
786.0,0.00905704090480225
787.0,0.008315010047295929
788.0,0.007730341193153967
789.0,0.007305001912717005
790.0,0.006998890924230616
791.0,0.006730790841795772
792.0,0.006423341208024458
793.0,0.006046045585965443
794.0,0.005619378136078684
795.0,0.005190321140116527
796.0,0.004808023405607792
797.0,0.00450083992852629
798.0,0.00427986125177976
799.0,0.004137865682194569
800.0,0.004041393638933716
801.0,0.003931484509921854
802.0,0.0037249828474261726
803.0,0.003372207939554492
804.0,0.0029200626324678847
805.0,0.002477954962286172
806.0,0.0021224775120306794
807.0,0.0018765941290714572
808.0,0.0017559448068330957
809.0,0.0017489331788776014
810.0,0.0017903453818132603
811.0,0.0018027549670261989
812.0,0.0017513186290781385
813.0,0.001644726623460241
814.0,0.0015025606217954346
815.0,0.001339670080008501
816.0,0.0011588407691933145
817.0,0.0009584930564211502
818.0,0.0007442537070324329
819.0,0.0005351263446287946
820.0,0.0003569273454618882
821.0,0.00022168067060893137
822.0,0.00012117934400493469
823.0,4.503206510265978e-05
824.0,0.0
825.0,1.6626375677841754e-05
826.0,0.00013097085025856603
827.0,0.0003545233587548824
828.0,0.0006553281820641105
829.0,0.0009650959952310079
830.0,0.001204182124394118
831.0,0.001302604081799691
832.0,0.0012430066329517236
833.0,0.0010818089762046623
834.0,0.0009103227222150428
835.0,0.0007902913431074854
836.0,0.0007352155920575809
837.0,0.0007366988553215159
838.0,0.0007730322382860089
839.0,0.0008175533902423926
840.0,0.0008526430099936588
841.0,0.0008767111951650669
842.0,0.0008989514113241226
843.0,0.0009262217078279261
844.0,0.0009520737195158613
845.0,0.0009570715372982375
846.0,0.0009239391030354538
847.0,0.0008536377275750878
848.0,0.0007720827919789341
849.0,0.0007231382248123197
850.0,0.0007616495750867591
851.0,0.0009220818345942877
852.0,0.001176581357860182
853.0,0.0014470360918848735
854.0,0.001664996296582566
855.0,0.001804495694093855
856.0,0.0018575360697205279
857.0,0.0018296485631359022
858.0,0.0017511016112096295
859.0,0.001670349221674805
860.0,0.0016382850481629907
861.0,0.001679035541263696
862.0,0.0017758552895626445
863.0,0.001880419724918203
864.0,0.0019412552009594741
865.0,0.0019150822385567146
866.0,0.0017689434665312254
867.0,0.0015279648676931046
868.0,0.0012895196225607558
869.0,0.001165435325326425
870.0,0.0012111013702943568
871.0,0.0013987855535474714
872.0,0.0016448770669653806
873.0,0.0018506291704541572
874.0,0.0019546682840612256
875.0,0.0019573421779994216
876.0,0.0019062313741836229
877.0,0.0018576217663412165
878.0,0.001847084642667196
879.0,0.0019092785451827465
880.0,0.0020686016642850885
881.0,0.0022993070934823334
882.0,0.0025412720348249734
883.0,0.002759341770801546
884.0,0.0029540912357402804
885.0,0.0031189856658057624
886.0,0.0032407978038356267
887.0,0.003329149460371675
888.0,0.0033993566142492965
889.0,0.0034374373339118858
890.0,0.003431232868698772
891.0,0.0034157144964636343
892.0,0.0034579429930782224
893.0,0.0036128379678415506
894.0,0.00389622306249085
895.0,0.004285618496318172
896.0,0.0047287799758904125
897.0,0.005168921468201679
898.0,0.005560005315170244
899.0,0.00587870222406528
900.0,0.006141733213065215
901.0,0.006389812735850736
902.0,0.0066364072688819276
903.0,0.006856010776711691
904.0,0.007047891497663411
905.0,0.007261994968350782
906.0,0.007552356535062296
907.0,0.007947876769578782
908.0,0.00847309179986891
909.0,0.009130214250307439
910.0,0.009853900551156924
911.0,0.010551545657176475
912.0,0.011190672481562691
913.0,0.011794501119158418
914.0,0.012365839337636783
915.0,0.01286880638003346
916.0,0.01325905760752863
917.0,0.013512343896398812
918.0,0.013636162420757728
919.0,0.013663717685275398
920.0,0.013630742169388865
921.0,0.01354620013368131
922.0,0.01338484434766285
923.0,0.013129559605454255
924.0,0.012806120445199465
925.0,0.012455652862357586
926.0,0.01210045112054331
927.0,0.011754322476097229
928.0,0.011433067210928072
929.0,0.011143096420483653
930.0,0.01087640502722595
931.0,0.010615854513062406
932.0,0.0103447277677952
933.0,0.010051038580090349
934.0,0.009729450815167573
935.0,0.009377683507109436
936.0,0.009000274996088159
937.0,0.008617530411419855
938.0,0.008258599984586307
939.0,0.007944612690266473
940.0,0.007694825952473505
941.0,0.007547002644411993
942.0,0.007525838648801297
943.0,0.007602958300276685
944.0,0.007719550448310741
945.0,0.007837529721642367
946.0,0.007935346295931567
947.0,0.007983303443771614
948.0,0.007971851109230599
949.0,0.007934061352702207
950.0,0.007933368679167274
951.0,0.008027015946172888
952.0,0.008224975245128274
953.0,0.008481311328592173
954.0,0.00872463782598526
955.0,0.0089008837135994
956.0,0.008977154834346843
957.0,0.008956228712158065
958.0,0.00892126083552039
959.0,0.009004537973124477
960.0,0.009296685044937886
961.0,0.009792200095296022
962.0,0.010419600249321578
963.0,0.011088448947564139
964.0,0.011713446853233556
965.0,0.012257064334520784
966.0,0.012749469676118633
967.0,0.013256393262812388
968.0,0.013820796846354094
969.0,0.014452920553042342
970.0,0.015161757071835008
971.0,0.015947375595512264
972.0,0.016785629374691274
973.0,0.017643035521025224
974.0,0.018500432546161683
975.0,0.019360977245070077
976.0,0.02024164887900176
977.0,0.021161815454037308
978.0,0.022130537478433715
979.0,0.023137969927649743
980.0,0.02416386007213331
981.0,0.025209049567137848
982.0,0.026301378248641996
983.0,0.0274468039821629
984.0,0.028617529336555786
985.0,0.029811175286206554
986.0,0.03108421958785934
987.0,0.03253413693473825
988.0,0.034231947877085334
989.0,0.036147806223955345
990.0,0.038185489168014244
991.0,0.040301675384451396
992.0,0.042542619783180816
993.0,0.044975417393122025
994.0,0.04767036269473067
995.0,0.050724342877561335
996.0,0.05421194033369192
997.0,0.05813150990705607
998.0,0.0624159942957076
999.0,0.06699283762637134
1000.0,0.0718732648584231
1001.0,0.07718220048073132
1002.0,0.08304501259297489
1003.0,0.08946230502760197
1004.0,0.09627223848589933
1005.0,0.10324127565506605
1006.0,0.11027124781207007
1007.0,0.11747315308818046
1008.0,0.12493936848230758
1009.0,0.13251109595397287
1010.0,0.13969895702775578
1011.0,0.14591266926903543
1012.0,0.15091166096602932
1013.0,0.15488842917412945
1014.0,0.15803292684646053
1015.0,0.16021191461675519
1016.0,0.16102401992045862
1017.0,0.16012811663617602
1018.0,0.15760385567300736
1019.0,0.15397981862742458
1020.0,0.1499174097414829
1021.0,0.14584598751371447
1022.0,0.14180936305517905
1023.0,0.13772358400010404
1024.0,0.13379165152503777
1025.0,0.1304084676498944
1026.0,0.12782138188062056
1027.0,0.12611443364114003
1028.0,0.12534843655934835
1029.0,0.12543155092723401
1030.0,0.12606414823298076
1031.0,0.12700368299214232
1032.0,0.1282812030572067
1033.0,0.13005988598710877
1034.0,0.13241343557915536
1035.0,0.13528738834846163
1036.0,0.138563282258649
1037.0,0.14218139755822065
1038.0,0.14622140686954155
1039.0,0.1508788863651529
1040.0,0.1563359833554855
1041.0,0.16260580836667446
1042.0,0.16956761256529476
1043.0,0.17720065376871882
1044.0,0.18560533317232575
1045.0,0.19477907910138012
1046.0,0.2046706017949801
1047.0,0.2154295786179736
1048.0,0.22733985094893816
1049.0,0.24055092647775098
1050.0,0.2551777498198825
1051.0,0.2715530627269367
1052.0,0.2901071797069631
1053.0,0.31111165877358127
1054.0,0.33470311019203713
1055.0,0.36103729353040337
1056.0,0.39027286781141635
1057.0,0.4225356615951351
1058.0,0.45805167725982443
1059.0,0.4971134817894428
1060.0,0.5393999363720587
1061.0,0.5838110893229845
1062.0,0.6293569804971967
1063.0,0.6758036430163584
1064.0,0.723312679655143
1065.0,0.7714204296291796
1066.0,0.817654757957608
1067.0,0.8582874489555786
1068.0,0.8911370792338206
1069.0,0.916313017820104
1070.0,0.9339747629931364
1071.0,0.9432514427741456
1072.0,0.9431212433215261
1073.0,0.9329027286683655
1074.0,0.91207720642311
1075.0,0.8813938072998146
1076.0,0.8439328963379837
1077.0,0.8031132792566307
1078.0,0.7599045600859694
1079.0,0.7139187264229852
1080.0,0.6661706335069942
1081.0,0.6187242950067909
1082.0,0.5730899893510997
1083.0,0.5300097697418522
1084.0,0.48989285145894035
1085.0,0.4528157001886973
1086.0,0.4186479327406055
1087.0,0.3871970294393594
1088.0,0.358339170085859
1089.0,0.33192204202343245
1090.0,0.3077118242445088
1091.0,0.2854823124983663
1092.0,0.26510235213612265
1093.0,0.24656572127284634
1094.0,0.2298764250879787
1095.0,0.21483213549162908
1096.0,0.201068010423938
1097.0,0.18837737677014868
1098.0,0.17670025281661478
1099.0,0.165765327236324
1100.0,0.15521615311515904
1101.0,0.14505337053287634
1102.0,0.13557711881424658
1103.0,0.1269765058003183
1104.0,0.1192237194270632
1105.0,0.11223289859078872
1106.0,0.10591267535817894
1107.0,0.10017203629040403
1108.0,0.09493834645831961
1109.0,0.09016254413637664
1110.0,0.08582098653932824
1111.0,0.08190138430203256
1112.0,0.07837816286905602
1113.0,0.07519859098781054
1114.0,0.07229598967393974
1115.0,0.06961122250295278
1116.0,0.06709545861085425
1117.0,0.06471662838960794
1118.0,0.06248140887819248
1119.0,0.06043918924128583
1120.0,0.058678546956402775
1121.0,0.05727917985257053
1122.0,0.05625195627493537
1123.0,0.055519594292126245
1124.0,0.05495119482293309
1125.0,0.05442370288868906
1126.0,0.05385750625140928
1127.0,0.0532415675721617
1128.0,0.052620697572249436
1129.0,0.05205947725330684
1130.0,0.05160618427685276
1131.0,0.05127038931836794
1132.0,0.0510316747524118
1133.0,0.050878328933371963
1134.0,0.050840798976845264
1135.0,0.05095455883063185
1136.0,0.051209372719345406
1137.0,0.05154150720648523
1138.0,0.051864742862855834
1139.0,0.0521057891141201
1140.0,0.05222659989631538
1141.0,0.0522066300560787
1142.0,0.052023309942382745
1143.0,0.05167970407840833
1144.0,0.051208807645335336
1145.0,0.0506374650186715
1146.0,0.04996316228166406
1147.0,0.04917343708351492
1148.0,0.048259974850355755
1149.0,0.04720568131947542
1150.0,0.046005572510854506
1151.0,0.04471218747909754
1152.0,0.04342008535315893
1153.0,0.04220561822848248
1154.0,0.04107710245747234
1155.0,0.03997363379159888
1156.0,0.03881383605596542
1157.0,0.037556583487447295
1158.0,0.03622549760030583
1159.0,0.034881425843317215
1160.0,0.033597367276727574
1161.0,0.032436291737763856
1162.0,0.03142671534994007
1163.0,0.03056107798897373
1164.0,0.029809123215702324
1165.0,0.029145666930520217
1166.0,0.028580317232772143
1167.0,0.028154890386513615
1168.0,0.027877534300256204
1169.0,0.027689410376386933
1170.0,0.02752501507979571
1171.0,0.027367723610367184
1172.0,0.02723400099758816
1173.0,0.027143414044682693
1174.0,0.02711112104631931
1175.0,0.02712544659656195
1176.0,0.02711487436144698
1177.0,0.026990628783898227
1178.0,0.02673938889554528
1179.0,0.02643596842935446
1180.0,0.026165427920212883
1181.0,0.0259779133537668
1182.0,0.02590381707317216
1183.0,0.02594806817410819
1184.0,0.026083262602915144
1185.0,0.026288664919199997
1186.0,0.02659289327249499
1187.0,0.02701288177531394
1188.0,0.027479733806134
1189.0,0.027891971469575283
1190.0,0.028203632005805612
1191.0,0.028408687260363316
1192.0,0.028492856909878683
1193.0,0.028455645902752735
1194.0,0.02832779954978898
1195.0,0.028149138972131546
1196.0,0.027947397893858972
1197.0,0.027759804810197797
1198.0,0.027639555385723713
1199.0,0.027628548445767787
1200.0,0.027727226632753982
1201.0,0.027870889370902402
1202.0,0.027973096917388307
1203.0,0.02801551565505296
1204.0,0.028059430092634785
1205.0,0.028160774005022857
1206.0,0.028320998540606365
1207.0,0.028512075916981655
1208.0,0.02869145704722674
1209.0,0.028802717407510683
1210.0,0.028817472222285395
1211.0,0.028773491781321825
1212.0,0.02873198625323871
1213.0,0.02870452740824586
1214.0,0.028671009892263205
1215.0,0.028638711511002377
1216.0,0.028645218007631798
1217.0,0.028731879094571408
1218.0,0.028937638342952265
1219.0,0.029292740640641426
1220.0,0.029773553679298764
1221.0,0.030292511728533922
1222.0,0.03074252313120379
1223.0,0.031059793171725775
1224.0,0.03126236826901549
1225.0,0.0314332902005547
1226.0,0.03166490771646291
1227.0,0.03200577523582043
1228.0,0.03246805745495948
1229.0,0.03303654219030082
1230.0,0.03365922642006988
1231.0,0.03427197716108846
1232.0,0.03483538797307516
1233.0,0.0353534932014041
1234.0,0.035856176158868325
1235.0,0.03639602188907294
1236.0,0.03705991591218781
1237.0,0.03789221573309243
1238.0,0.038813765798380834
1239.0,0.03967914757931523
1240.0,0.04040043142973122
1241.0,0.040963734718703015
1242.0,0.04137013890297772
1243.0,0.04162670419216963
1244.0,0.04174686809655967
1245.0,0.0417146667822562
1246.0,0.04147350805944561
1247.0,0.04100912430350406
1248.0,0.04039513187725907
1249.0,0.03969418712604758
1250.0,0.038885429351823333
1251.0,0.037945068501298
1252.0,0.0369173247297202
1253.0,0.03589046435547974
1254.0,0.03495207192408163
1255.0,0.03417349559985794
1256.0,0.03358495173031907
1257.0,0.03315054156096674
1258.0,0.03280138057855589
1259.0,0.032504088092841096
1260.0,0.032271761307447286
1261.0,0.03210669546507225
1262.0,0.03198321487139957
1263.0,0.031873775385582115
1264.0,0.03177393174320328
1265.0,0.0317112202363333
1266.0,0.03170529722779292
1267.0,0.031722383095547355
1268.0,0.03173173885996783
1269.0,0.031778424186188856
1270.0,0.031914524216017065
1271.0,0.032110387805137613
1272.0,0.032311467169029454
1273.0,0.03251890160458043
1274.0,0.032754581047976586
1275.0,0.033007904243343836
1276.0,0.03323887877745978
1277.0,0.033400436328091795
1278.0,0.03344532676030133
1279.0,0.033350275620784436
1280.0,0.0331656159330249
1281.0,0.03301153718829539
1282.0,0.03302830308469791
1283.0,0.03329192867365151
1284.0,0.03375203046621085
1285.0,0.0342695515684682
1286.0,0.034728182026063925
1287.0,0.0350963673117787
1288.0,0.03538753416031
1289.0,0.035627985757033895
1290.0,0.03584469005854607
1291.0,0.03605430358260239
1292.0,0.03626480676620186
1293.0,0.03647354650101009
1294.0,0.03666880843760739
1295.0,0.03682746525500222
1296.0,0.036917446229313575
1297.0,0.03693401162373565
1298.0,0.03692149234582065
1299.0,0.03694268630107636
1300.0,0.03703353659518484
1301.0,0.03718909081701158
1302.0,0.03737766831430414
1303.0,0.03756046028301127
1304.0,0.03771226684978203
1305.0,0.03781794320067815
1306.0,0.03787064120146508
1307.0,0.03789084625107972
1308.0,0.037913341587762384
1309.0,0.037936993063423644
1310.0,0.03792454215322748
1311.0,0.03786661088570577
1312.0,0.03780873752620911
1313.0,0.037818711533211716
1314.0,0.03794462190442954
1315.0,0.03819671457656826
1316.0,0.038539406220423025
1317.0,0.038903927626455184
1318.0,0.03923070498341735
1319.0,0.039505425498536514
1320.0,0.03975239350950298
1321.0,0.039995648916330326
1322.0,0.04021695649331347
1323.0,0.040345474322699915
1324.0,0.040328578301871046
1325.0,0.04019813211252925
1326.0,0.04005113242131926
1327.0,0.03998480541925614
1328.0,0.04007876850288511
1329.0,0.040381973894412795
1330.0,0.040853607861807584
1331.0,0.04137694324939313
1332.0,0.041877574746148394
1333.0,0.042382225627873665
1334.0,0.04291549254832226
1335.0,0.043429812102544235
1336.0,0.04385620632591318
1337.0,0.044155894227551507
1338.0,0.04432535114808275
1339.0,0.044394909498132185
1340.0,0.044424531882748766
1341.0,0.04447237868071413
1342.0,0.04456273233984896
1343.0,0.04468796620738871
1344.0,0.04484203304389167
1345.0,0.045035305130079986
1346.0,0.04528715105789831
1347.0,0.045603691704603336
1348.0,0.04596085182846954
1349.0,0.04633830379192656
1350.0,0.04675850012687163
1351.0,0.047250517960131605
1352.0,0.04779938102536689
1353.0,0.04834178544865224
1354.0,0.04879616039168487
1355.0,0.04907927689605231
1356.0,0.04913414788220685
1357.0,0.049000566241886534
1358.0,0.04881620130835736
1359.0,0.04873364733873038
1360.0,0.04882827160875053
1361.0,0.0490787323362088
1362.0,0.049402756583426785
1363.0,0.04970791238827038
1364.0,0.049941977295506784
1365.0,0.05009208485291847
1366.0,0.050175651628955195
1367.0,0.05023210427631769
1368.0,0.05029992172070481
1369.0,0.050399961186962064
1370.0,0.05052963019539526
1371.0,0.05067369593794514
1372.0,0.050822294668817256
1373.0,0.050983405687327024
1374.0,0.05116916935434998
1375.0,0.051373249336742574
1376.0,0.0515696734621648
1377.0,0.05172816345992012
1378.0,0.05182602665298086
1379.0,0.05185442030441524
1380.0,0.051834331346169965
1381.0,0.05181707111229464
1382.0,0.05188463933610887
1383.0,0.052118160660076504
1384.0,0.052508316514531514
1385.0,0.052937332167435944
1386.0,0.05327868255347756
1387.0,0.05348945900290611
1388.0,0.053592892060856295
1389.0,0.05363185858707874
1390.0,0.05364653112298651
1391.0,0.05365472344862414
1392.0,0.053654248756029255
1393.0,0.05364111649085025
1394.0,0.053630520136248555
1395.0,0.05366018440998914
1396.0,0.053775210297088746
1397.0,0.053993529791515824
1398.0,0.05428107728723547
1399.0,0.05457820023025546
1400.0,0.054851308530534326
1401.0,0.055101368100132636
1402.0,0.05533584844197492
1403.0,0.055566807232005286
1404.0,0.055815873006683295
1405.0,0.05610551763903175
1406.0,0.05644729949608694
1407.0,0.056821038140692934
1408.0,0.05717297736826317
1409.0,0.05742943951782799
1410.0,0.05753172608588197
1411.0,0.057496701322914734
1412.0,0.05741834826009466
1413.0,0.05738681110450458
1414.0,0.05742474822004187
1415.0,0.05751950207798004
1416.0,0.057666551581534276
1417.0,0.05787760563468111
1418.0,0.05817681819915793
1419.0,0.05858847809468816
1420.0,0.059106793375728245
1421.0,0.0596678925744466
1422.0,0.06016738727960132
1423.0,0.060504575435389854
1424.0,0.06064851110718679
1425.0,0.06066915921158339
1426.0,0.060679857130753176
1427.0,0.0607418613891621
1428.0,0.06085419453481036
1429.0,0.061011140176593495
1430.0,0.061219548968428364
1431.0,0.0614926307689584
1432.0,0.06184861026620522
1433.0,0.06230446491621114
1434.0,0.06283638192566833
1435.0,0.06336710347282777
1436.0,0.06381582703633598
1437.0,0.06415133809204522
1438.0,0.06439670877375966
1439.0,0.06459501830054193
1440.0,0.06476366237800282
1441.0,0.06488037185410853
1442.0,0.06493468515635885
1443.0,0.06495834309646117
1444.0,0.06499778997726441
1445.0,0.0650854325480268
1446.0,0.06523754246958566
1447.0,0.06545093676238546
1448.0,0.06569857537385385
1449.0,0.06595540933160735
1450.0,0.06623498383467431
1451.0,0.06656674288071707
1452.0,0.0669387936351653
1453.0,0.06729476475588514
1454.0,0.06757518077334215
1455.0,0.06775890289121725
1456.0,0.06787515454752831
1457.0,0.06798287556402934
1458.0,0.06813132519130348
1459.0,0.06834787639379075
1460.0,0.06864488126745678
1461.0,0.06900592764232208
1462.0,0.06938948174146789
1463.0,0.06976656127037179
1464.0,0.07014451687087188
1465.0,0.07053272168253161
1466.0,0.07090987113592463
1467.0,0.0712320698676332
1468.0,0.07146207498188221
1469.0,0.07160241117080127
1470.0,0.07169862749291474
1471.0,0.07180764734427289
1472.0,0.07196543109976374
1473.0,0.07218589849349323
1474.0,0.07246206845895614
1475.0,0.0727673475937229
1476.0,0.07307294915110124
1477.0,0.0733665073129447
1478.0,0.07365195595781518
1479.0,0.073930564176411
1480.0,0.07420868749317594
1481.0,0.07451702506229585
1482.0,0.07488108683744009
1483.0,0.07528341182203473
1484.0,0.07566479672128687
1485.0,0.07595731522682017
1486.0,0.07611936463315555
1487.0,0.07615217668301927
1488.0,0.07611090146838762
1489.0,0.07608168606033533
1490.0,0.0761412228915323
1491.0,0.07632120735601317
1492.0,0.07659511641607306
1493.0,0.07690601910177164
1494.0,0.07721552208325186
1495.0,0.07752795175369796
1496.0,0.0778505737653109
1497.0,0.0781642965384787
1498.0,0.07843930676881114
1499.0,0.07865549617937527
1500.0,0.07881098739891937
1501.0,0.07892279453304321
1502.0,0.07902089274805167
1503.0,0.0791225348057423
1504.0,0.0792051996046014
1505.0,0.07924014795598965
1506.0,0.07925130300043777
1507.0,0.07933746019130924
1508.0,0.07964525429642547
1509.0,0.08024063960610806
1510.0,0.08101300471505454
1511.0,0.08177004869711277
1512.0,0.08240526345765617
1513.0,0.08290934600855529
1514.0,0.08329403689347645
1515.0,0.08358179138014432
1516.0,0.08379744167206317
1517.0,0.08392464800725241
1518.0,0.08390552861336224
1519.0,0.08374875085426818
1520.0,0.08357764118861793
1521.0,0.0835348675165003
1522.0,0.08367918726996734
1523.0,0.08397152270419272
1524.0,0.08432493160532409
1525.0,0.08467722341805113
1526.0,0.08502546658278914
1527.0,0.08537897628717944
1528.0,0.08573046340372636
1529.0,0.08607059882287936
1530.0,0.0863943542128253
1531.0,0.0866972694649919
1532.0,0.08697889496437179
1533.0,0.08724902123205043
1534.0,0.08751399455413052
1535.0,0.08775831267636264
1536.0,0.08796807463128198
1537.0,0.08816381431579065
1538.0,0.08838276339533009
1539.0,0.08864216844446013
1540.0,0.08893780874978761
1541.0,0.0892619312149042
1542.0,0.0896112672745262
1543.0,0.08998917468066392
1544.0,0.09040046354999261
1545.0,0.09084308948100527
1546.0,0.0912972825455613
1547.0,0.09172931257014606
1548.0,0.09211249398335158
1549.0,0.09244318882933363
1550.0,0.09273795405206559
1551.0,0.09301817525988385
1552.0,0.09329570294932037
1553.0,0.09356907422545371
1554.0,0.09383795116332226
1555.0,0.09410175444122032
1556.0,0.09433945605271167
1557.0,0.09452209454174396
1558.0,0.09464421819855139
1559.0,0.09474430881003387
1560.0,0.09489746631810084
1561.0,0.0951928864409887
1562.0,0.09571227420100223
1563.0,0.0964484952341208
1564.0,0.09726233578745708
1565.0,0.09797984203871009
1566.0,0.0985231659284396
1567.0,0.0989197819818668
1568.0,0.09922549327531405
1569.0,0.09946062335020228
1570.0,0.0995851877536133
1571.0,0.09956511473027616
1572.0,0.09943621066511421
1573.0,0.09929582811294341
1574.0,0.09925186946435144
1575.0,0.09938265497763163
1576.0,0.09970016552076685
1577.0,0.10012408042340198
1578.0,0.10050826200966129
1579.0,0.10067573075966935
1580.0,0.10052402988882929
1581.0,0.10013396034240371
1582.0,0.09975077556038195
1583.0,0.09966282779838315
1584.0,0.1000233248044942
1585.0,0.10076247286310006
1586.0,0.1016428072468864
1587.0,0.1024205078566215
1588.0,0.10296525307080712
1589.0,0.10326002213678279
1590.0,0.10339057210992297
1591.0,0.10349113574228258
1592.0,0.10367044833240359
1593.0,0.10396641657077296
1594.0,0.10434895710100645
1595.0,0.10476923335269935
1596.0,0.10519375000226547
1597.0,0.10562757302740047
1598.0,0.10607007412535796
1599.0,0.0
