0.0,0.0
1.0,0.0
2.0,0.0
3.0,0.0
4.0,0.0
5.0,0.0
6.0,0.0
7.0,0.0
8.0,0.0
9.0,0.0
10.0,0.0
11.0,0.0
12.0,0.0
13.0,0.0
14.0,0.0
15.0,0.0
16.0,0.0
17.0,0.0
18.0,0.0
19.0,0.0
20.0,0.0
21.0,0.0
22.0,0.0
23.0,0.0
24.0,0.0
25.0,0.0
26.0,0.0
27.0,0.0
28.0,0.0
29.0,0.0
30.0,0.0
31.0,0.0
32.0,0.0
33.0,0.0
34.0,0.0
35.0,0.0
36.0,0.0
37.0,0.0
38.0,0.0
39.0,0.0
40.0,0.0
41.0,0.0
42.0,0.0
43.0,0.0
44.0,0.0
45.0,0.0
46.0,0.0
47.0,0.0
48.0,0.0
49.0,0.0
50.0,0.0
51.0,0.0
52.0,0.0
53.0,0.0
54.0,0.0
55.0,0.0
56.0,0.0
57.0,0.0
58.0,0.0
59.0,0.0
60.0,0.0
61.0,0.0
62.0,0.0
63.0,0.0
64.0,0.0
65.0,0.0
66.0,0.0
67.0,0.0
68.0,0.0
69.0,0.0
70.0,0.0
71.0,0.0
72.0,0.0
73.0,0.0
74.0,0.0
75.0,0.0
76.0,0.0
77.0,0.0
78.0,0.0
79.0,0.0
80.0,0.0
81.0,0.0
82.0,0.0
83.0,0.0
84.0,0.0
85.0,0.0
86.0,0.0
87.0,0.0
88.0,0.0
89.0,0.0
90.0,0.0
91.0,0.0
92.0,0.0
93.0,0.0
94.0,0.0
95.0,0.0
96.0,0.0
97.0,0.0
98.0,0.0
99.0,0.0
100.0,0.0
101.0,0.0
102.0,0.0
103.0,0.0
104.0,0.0
105.0,0.0
106.0,0.0
107.0,0.0
108.0,0.0
109.0,0.0
110.0,0.0
111.0,0.0
112.0,0.0
113.0,0.0
114.0,0.0
115.0,0.0
116.0,0.0
117.0,0.0
118.0,0.0
119.0,0.0
120.0,0.0
121.0,0.0
122.0,0.0
123.0,0.0
124.0,0.0
125.0,0.0
126.0,0.0
127.0,0.0
128.0,0.0
129.0,5.848124477692007e-05
130.0,0.0010893018453250747
131.0,0.0014580265061162612
132.0,0.0009674277947125942
133.0,0.00032623888652594246
134.0,0.0
135.0,0.00024196471026416422
136.0,0.001039686476956736
137.0,0.002195441474539983
138.0,0.003462663742088923
139.0,0.004580155969484134
140.0,0.0053995472762553565
141.0,0.005993432235739227
142.0,0.0066342265158158
143.0,0.0076674212091844
144.0,0.00929764109778164
145.0,0.011474003917169129
146.0,0.013893575901070765
147.0,0.016148971793880196
148.0,0.017930936474231607
149.0,0.01913972495386207
150.0,0.019886026757799047
151.0,0.020352731950416536
152.0,0.02060845249782306
153.0,0.020528878337221834
154.0,0.020055218993994983
155.0,0.019394768198297663
156.0,0.01876714170631366
157.0,0.018168628111315588
158.0,0.017532287190703877
159.0,0.016908722602923087
160.0,0.016438923712386866
161.0,0.01626887693282908
162.0,0.016491507499213354
163.0,0.017093512270960898
164.0,0.017925172332404427
165.0,0.018784855953412616
166.0,0.019556564823018152
167.0,0.020250140789782267
168.0,0.020904710908318802
169.0,0.021511783274075436
170.0,0.022006286808785913
171.0,0.02232519053734272
172.0,0.022482306596517843
173.0,0.02260198834746685
174.0,0.02288262382868811
175.0,0.023469008892778365
176.0,0.024353216805202416
177.0,0.025369424005675212
178.0,0.026284800542508813
179.0,0.026698767936609413
180.0,0.026063777833224333
181.0,0.02432825282548834
182.0,0.022262367356325696
183.0,0.020979182921748163
184.0,0.021189074282556897
185.0,0.022816531685296626
186.0,0.0251270006229406
187.0,0.027153185296640014
188.0,0.028257666971745476
189.0,0.02830768826717578
190.0,0.02760689193054411
191.0,0.026697648068717106
192.0,0.02609177635869342
193.0,0.02623724712588682
194.0,0.027294163080323508
195.0,0.028895251629023178
196.0,0.030339064546301864
197.0,0.031031134643501046
198.0,0.03084276110920059
199.0,0.030105373133132773
200.0,0.029331059368141288
201.0,0.028844151565875942
202.0,0.028683274362572453
203.0,0.028772306972772332
204.0,0.029000469070617707
205.0,0.029273942763251126
206.0,0.02956111082802304
207.0,0.029887036722103577
208.0,0.0302553164230287
209.0,0.03060006526303838
210.0,0.030909236758947523
211.0,0.03128597775230668
212.0,0.03178476794040985
213.0,0.03228233380960288
214.0,0.03249477274070067
215.0,0.03216192014941843
216.0,0.0313160559810749
217.0,0.030313015513310337
218.0,0.029574081621366433
219.0,0.029345817777696848
220.0,0.029710439557566914
221.0,0.03058465238870245
222.0,0.03170461628066912
223.0,0.03278780899929756
224.0,0.033730684933275246
225.0,0.03458741478796434
226.0,0.03536899343377575
227.0,0.035997016243992985
228.0,0.036385406416153177
229.0,0.03651620048154536
230.0,0.03646364315405548
231.0,0.03632562559111985
232.0,0.03613526436029102
233.0,0.035885631882540237
234.0,0.03559165259808994
235.0,0.035276888330959655
236.0,0.03494406584104359
237.0,0.034547711657227476
238.0,0.03402463747416151
239.0,0.033431612468787675
240.0,0.03299485006559988
241.0,0.033028946532048686
242.0,0.03373186525985905
243.0,0.034943210946249637
244.0,0.036204250202151456
245.0,0.037108891529954446
246.0,0.03754367377859802
247.0,0.03758942250601627
248.0,0.037371090622639436
249.0,0.03696585576547973
250.0,0.036376329544911434
251.0,0.03559705343569841
252.0,0.03467369729385905
253.0,0.03372008893295109
254.0,0.03283559571946171
255.0,0.03200644112525308
256.0,0.031197513906141894
257.0,0.030498239263635263
258.0,0.030104888600027246
259.0,0.030202425068322714
260.0,0.030788991157188805
261.0,0.03163642023222424
262.0,0.03255560134396773
263.0,0.03360983512252469
264.0,0.034885929613010624
265.0,0.03625017314986123
266.0,0.03738771010162223
267.0,0.037962512210155896
268.0,0.03770685551962716
269.0,0.0365829663752022
270.0,0.035041228490884646
271.0,0.033856494688751626
272.0,0.0336407087054168
273.0,0.03447465477672662
274.0,0.0359660297526494
275.0,0.037545867833328916
276.0,0.038762382575985965
277.0,0.039490336010518434
278.0,0.03986722571912871
279.0,0.040132473903499166
280.0,0.04045971657167624
281.0,0.04089088892006543
282.0,0.04140619098770115
283.0,0.04196786529311525
284.0,0.042548866572550414
285.0,0.043148689554937336
286.0,0.043783585176274786
287.0,0.044427810405189616
288.0,0.04497674525132955
289.0,0.04525405978714503
290.0,0.04508944727539388
291.0,0.04449796216393109
292.0,0.04374948530560452
293.0,0.043319420591040325
294.0,0.04363369433186737
295.0,0.04469722867007808
296.0,0.046044472203829234
297.0,0.047091049887781344
298.0,0.047502587992739986
299.0,0.0472108750303003
300.0,0.04637916849827062
301.0,0.045379431127447134
302.0,0.04459413772303922
303.0,0.04422091959279628
304.0,0.04419522929201325
305.0,0.04430765854446195
306.0,0.044290069667226706
307.0,0.04383483245447539
308.0,0.04283260209913964
309.0,0.0415485916170838
310.0,0.040456211367051576
311.0,0.03990609979187265
312.0,0.03995182103674044
313.0,0.04040879125992658
314.0,0.04098070481237326
315.0,0.0414363415099257
316.0,0.0416792415928372
317.0,0.041725794733642574
318.0,0.04169603102489228
319.0,0.04174196781991857
320.0,0.041977734797375765
321.0,0.04242423669422746
322.0,0.04299047726504779
323.0,0.04352055799989574
324.0,0.04384556188753197
325.0,0.043871632032489116
326.0,0.04364693055950042
327.0,0.043331273517853486
328.0,0.043096586904709855
329.0,0.04302492884144726
330.0,0.043097140319200866
331.0,0.04317277864706548
332.0,0.042983252179126574
333.0,0.042310526927954784
334.0,0.04117164660888217
335.0,0.03986463134197449
336.0,0.038829691724864945
337.0,0.038474142822789825
338.0,0.039054385381923185
339.0,0.04045020654086606
340.0,0.04215446870242634
341.0,0.04358653796368783
342.0,0.04445265103211771
343.0,0.04482090256927884
344.0,0.04494066863983048
345.0,0.04503981685616354
346.0,0.045169263995998965
347.0,0.045282162595111974
348.0,0.045345349352132636
349.0,0.045304073808655865
350.0,0.04508686989232169
351.0,0.0446751916923146
352.0,0.044129345599234204
353.0,0.043546060901139216
354.0,0.04300498336729153
355.0,0.042554415575815185
356.0,0.04219790857629213
357.0,0.04188664044653312
358.0,0.04161523012231927
359.0,0.041548952666512484
360.0,0.04184094866250032
361.0,0.04233940629035515
362.0,0.04269365078298504
363.0,0.04268398573984977
364.0,0.04233121689985231
365.0,0.04178461126404742
366.0,0.04115889136156703
367.0,0.04041806424287331
368.0,0.039496069161814695
369.0,0.03845865555925421
370.0,0.03749115792121238
371.0,0.03679634118357378
372.0,0.036535392207570294
373.0,0.03677167450447938
374.0,0.03736442225848635
375.0,0.03802386567615579
376.0,0.038530127487585664
377.0,0.038867727123335416
378.0,0.03912203930458358
379.0,0.03932198598286396
380.0,0.03934811849820263
381.0,0.03903853458566964
382.0,0.03845138077247967
383.0,0.03788519805912205
384.0,0.0376438427647775
385.0,0.03784757910236636
386.0,0.0384255284553745
387.0,0.03922128452036644
388.0,0.04014630578206069
389.0,0.04120700568576008
390.0,0.042420173935835304
391.0,0.04371284311899537
392.0,0.04488376217203205
393.0,0.04565520812466628
394.0,0.045787211726037946
395.0,0.04532315529928688
396.0,0.04464679386679549
397.0,0.0441564214550878
398.0,0.04394303278754563
399.0,0.043889832270561535
400.0,0.04389836403480363
401.0,0.043929836117411636
402.0,0.043995187674996994
403.0,0.044102852337573495
404.0,0.04421528924843954
405.0,0.044256906023432574
406.0,0.04415388586352842
407.0,0.0438751969090424
408.0,0.04345816645779299
409.0,0.04300349808273429
410.0,0.04262100329038465
411.0,0.04237189026820776
412.0,0.0422417564198696
413.0,0.04216753123043904
414.0,0.04208937255786116
415.0,0.041990538734628435
416.0,0.04189711896184278
417.0,0.041839801360322504
418.0,0.0418828154630817
419.0,0.04215372735935108
420.0,0.04270622940349711
421.0,0.04340848797501862
422.0,0.04402481467880415
423.0,0.04437971408696606
424.0,0.04444952553769277
425.0,0.044341997149779044
426.0,0.044190407591549685
427.0,0.04404652063336012
428.0,0.043902196411370054
429.0,0.043758468280100105
430.0,0.043689442941269085
431.0,0.04383809387726667
432.0,0.04433368358239542
433.0,0.0451980412966948
434.0,0.04629529350504358
435.0,0.0474334617685046
436.0,0.048560290240440396
437.0,0.04975080221302097
438.0,0.0509945507449171
439.0,0.05206154215078784
440.0,0.05252034461850641
441.0,0.052100894206035586
442.0,0.051058325646930136
443.0,0.05002808296545613
444.0,0.04955651024193586
445.0,0.04982737712523855
446.0,0.05070595519562071
447.0,0.051828887509588584
448.0,0.052801894876962074
449.0,0.053377213798114
450.0,0.053520265194474614
451.0,0.05340815976665869
452.0,0.053294060485134076
453.0,0.05336209464815134
454.0,0.053637141071188
455.0,0.05402247644305136
456.0,0.05441077205475575
457.0,0.0547548573081903
458.0,0.05507919246766746
459.0,0.055401899985483505
460.0,0.05567050565967069
461.0,0.05576089212734192
462.0,0.055564532740172146
463.0,0.055108870545800825
464.0,0.054559781469639135
465.0,0.05410560953133636
466.0,0.05384791945720202
467.0,0.053785100374130757
468.0,0.05380728834268578
469.0,0.053729590919032955
470.0,0.05339487623378669
471.0,0.0527544031605397
472.0,0.051919171242539974
473.0,0.051114236989846296
474.0,0.050564789115933206
475.0,0.05038815596282209
476.0,0.05052079297665213
477.0,0.05077072378374792
478.0,0.05098665537803482
479.0,0.051178151643472725
480.0,0.051398875876774386
481.0,0.05159480973301778
482.0,0.051555551190212046
483.0,0.05103373185776361
484.0,0.05003303784659574
485.0,0.04890017708601324
486.0,0.04813091386165458
487.0,0.048057716954067575
488.0,0.048671823197482866
489.0,0.04964604774848158
490.0,0.05053332682366063
491.0,0.05102112966012606
492.0,0.05102593400068456
493.0,0.050665343410242536
494.0,0.05011112749499491
495.0,0.04945708429950402
496.0,0.04868595476224569
497.0,0.04777698207907588
498.0,0.04684690457115537
499.0,0.04615581650449774
500.0,0.04599540880180508
501.0,0.04641227160129435
502.0,0.04708117314928584
503.0,0.047596382854965036
504.0,0.0478232330937739
505.0,0.04784073367692043
506.0,0.04773257249993745
507.0,0.04755892289428598
508.0,0.04735661576766226
509.0,0.047146272335248485
510.0,0.04694021087427025
511.0,0.046724532645154526
512.0,0.04646678684748362
513.0,0.046150778977077755
514.0,0.04579483953792318
515.0,0.04543590987893997
516.0,0.04510276582581818
517.0,0.04479752466159059
518.0,0.04451308620162864
519.0,0.04427685502082879
520.0,0.04413950465213268
521.0,0.044123835230469255
522.0,0.04420688428133435
523.0,0.04433841509034997
524.0,0.044553766236366754
525.0,0.04506289293869681
526.0,0.04598658527611321
527.0,0.04708365093372513
528.0,0.04791651336726155
529.0,0.048195528285530864
530.0,0.04792654770061755
531.0,0.04732772030100507
532.0,0.046603906617219804
533.0,0.04576608623621481
534.0,0.044776738840753505
535.0,0.043728187083816095
536.0,0.04285016111292195
537.0,0.042404182429716886
538.0,0.04254302386939124
539.0,0.04320378012943704
540.0,0.04407518171159097
541.0,0.04474234823370837
542.0,0.044873606269255184
543.0,0.044415797521369815
544.0,0.04365767894182637
545.0,0.04303453334624541
546.0,0.042832730235230265
547.0,0.04304360552286024
548.0,0.043483468326744656
549.0,0.04394212785484519
550.0,0.044282945453629874
551.0,0.04448600887412957
552.0,0.04459441358385241
553.0,0.044749374600154934
554.0,0.04520196869394855
555.0,0.046072779956352616
556.0,0.04716622926148584
557.0,0.04803891637508273
558.0,0.04825509623043689
559.0,0.047670895638161515
560.0,0.04651294483247992
561.0,0.045188303910205785
562.0,0.043994603426031564
563.0,0.043041932268871985
564.0,0.04232059160495405
565.0,0.04187185648392011
566.0,0.041898799742376314
567.0,0.042732834127569896
568.0,0.04454450349695349
569.0,0.04689896486891387
570.0,0.04894096771294554
571.0,0.05011704615921009
572.0,0.05048044766452209
573.0,0.05033587384124505
574.0,0.04986674206167652
575.0,0.04896882651585488
576.0,0.04749476066726954
577.0,0.04567297776339807
578.0,0.04399663309565738
579.0,0.04280707293474506
580.0,0.042137351669708
581.0,0.041832994868649775
582.0,0.04181081549772436
583.0,0.04224437669066394
584.0,0.043283605962388116
585.0,0.04474480453037022
586.0,0.046123074279548315
587.0,0.0468535013364737
588.0,0.046620083498679965
589.0,0.045531843682889206
590.0,0.044143594180169776
591.0,0.04315674809361836
592.0,0.043039406840578276
593.0,0.04378595729068435
594.0,0.04499556235641844
595.0,0.046188831142745634
596.0,0.047080652831781866
597.0,0.047684616971645055
598.0,0.04812788855905714
599.0,0.048510451655789266
600.0,0.04892208403245679
601.0,0.04940916037648457
602.0,0.04995029449755217
603.0,0.0503937971737245
604.0,0.05042297491388592
605.0,0.04984517449063741
606.0,0.04887664216690113
607.0,0.04803754733692778
608.0,0.047803205589005526
609.0,0.048304372857837174
610.0,0.049283533739934104
611.0,0.05028398099270248
612.0,0.05095939526765292
613.0,0.05120214023959957
614.0,0.05109378628298544
615.0,0.05076825356420045
616.0,0.050270611942966004
617.0,0.049596663501801364
618.0,0.048778624279103955
619.0,0.04796063785777871
620.0,0.04736613783250532
621.0,0.04715525339241522
622.0,0.04732561215093567
623.0,0.04773444365666857
624.0,0.048211806108994115
625.0,0.048677995524861184
626.0,0.049146438449903185
627.0,0.049591910905095626
628.0,0.04998511200819
629.0,0.050448368321580284
630.0,0.05111451865556005
631.0,0.051874996876943524
632.0,0.052361520263125017
633.0,0.05213304899154436
634.0,0.05104354782539622
635.0,0.04943340255826445
636.0,0.047903986303940105
637.0,0.046900971836522864
638.0,0.04652805774073698
639.0,0.04660893116945075
640.0,0.04674431855230621
641.0,0.046515286442436965
642.0,0.0457411447594831
643.0,0.04460059168192787
644.0,0.04360564291392843
645.0,0.043315870435830295
646.0,0.043997095146418363
647.0,0.04543730652678468
648.0,0.04702092751647635
649.0,0.0480725763416725
650.0,0.0481549609122256
651.0,0.0472995534463202
652.0,0.04599644871532693
653.0,0.04488791463751318
654.0,0.044424845913705435
655.0,0.04463350663856647
656.0,0.04519947949602621
657.0,0.045678658874436784
658.0,0.045710002066268296
659.0,0.04523164343104369
660.0,0.0444931937918861
661.0,0.04393202305067001
662.0,0.04395227169532001
663.0,0.044621197385476985
664.0,0.045587480501887545
665.0,0.04628848729013968
666.0,0.0463043214995279
667.0,0.04559799987781765
668.0,0.0444848261823646
669.0,0.043388581298424156
670.0,0.04255333413125706
671.0,0.04203284507868088
672.0,0.04176250653879432
673.0,0.041549999669347026
674.0,0.04118143639653804
675.0,0.04056762154669469
676.0,0.03984635582555507
677.0,0.039390886043902396
678.0,0.03961399610370553
679.0,0.040738427910227526
680.0,0.04259744813504318
681.0,0.04461890362500898
682.0,0.0461444773809524
683.0,0.046813230077918044
684.0,0.046716287209302765
685.0,0.046205048070076415
686.0,0.04557846583236014
687.0,0.04485236705585327
688.0,0.04393495394446101
689.0,0.04294794114300127
690.0,0.04213612287470081
691.0,0.041627873192467635
692.0,0.0413772565750935
693.0,0.04123489268618519
694.0,0.04097380759991409
695.0,0.040381371117277465
696.0,0.039456137027688465
697.0,0.03847261950020986
698.0,0.03789658030774978
699.0,0.038110564342859976
700.0,0.03908345256727752
701.0,0.040351960561941125
702.0,0.04135078964558203
703.0,0.04177812380918644
704.0,0.04167526297282653
705.0,0.0412799738670816
706.0,0.04074776418622916
707.0,0.04006815330850644
708.0,0.03924951057306392
709.0,0.038442244833633565
710.0,0.037934942412428674
711.0,0.03798593860254018
712.0,0.03864555751972987
713.0,0.0396801397563612
714.0,0.040675740641175184
715.0,0.04132652979314577
716.0,0.041646757548958746
717.0,0.041681833014329595
718.0,0.04118292888055319
719.0,0.04029506805148586
720.0,0.03994299197264295
721.0,0.040267242302898576
722.0,0.039855150305240006
723.0,0.03827266074104141
724.0,0.037388235874904696
725.0,0.03844284899175732
726.0,0.04022443821105193
727.0,0.041218307769029905
728.0,0.04131592778103421
729.0,0.04099718197283986
730.0,0.0405178672742339
731.0,0.03989629590722965
732.0,0.039050329754954816
733.0,0.03804763194108396
734.0,0.037132617579024974
735.0,0.0365080172563893
736.0,0.0362073858200096
737.0,0.03613117525982068
738.0,0.03621323361054596
739.0,0.036589734644451144
740.0,0.03740909123020841
741.0,0.03853725025850896
742.0,0.039624664242594254
743.0,0.0403754039589187
744.0,0.040691687364916684
745.0,0.04065232530947005
746.0,0.04038037204505429
747.0,0.03989682392805438
748.0,0.03914406666932457
749.0,0.038115960201265175
750.0,0.037169488447492904
751.0,0.03690815450276996
752.0,0.03716225731266409
753.0,0.036932676265607256
754.0,0.03622488227761289
755.0,0.03632220420614707
756.0,0.03724486289022355
757.0,0.03732799385626462
758.0,0.03600591966655797
759.0,0.03456627746817165
760.0,0.03402487978979096
761.0,0.03419677632522411
762.0,0.03459466799007449
763.0,0.03496016093683252
764.0,0.035226087496460834
765.0,0.03543082257507746
766.0,0.035577023053090406
767.0,0.03552321204476161
768.0,0.034986388128030566
769.0,0.03386836054609943
770.0,0.03251654864285369
771.0,0.03148545940069214
772.0,0.031116144265870394
773.0,0.031359944340203505
774.0,0.0319029603856299
775.0,0.03249404749792917
776.0,0.03317565042771242
777.0,0.03401846493422256
778.0,0.034879774173029454
779.0,0.035568882872063834
780.0,0.03602011309301689
781.0,0.03626645324152622
782.0,0.03637288543882733
783.0,0.03641010550095913
784.0,0.03642685542741464
785.0,0.036464424603984025
786.0,0.03648549636045717
787.0,0.036233485682449884
788.0,0.03541404570228668
789.0,0.03403589868889767
790.0,0.03255491242795372
791.0,0.031730112636945806
792.0,0.032119632026281986
793.0,0.033667032579607126
794.0,0.035716971659653485
795.0,0.03744868536689272
796.0,0.03832543050331416
797.0,0.03828590632448836
798.0,0.03770400184475442
799.0,0.03707335023113878
800.0,0.03674101441000188
801.0,0.036775562316453736
802.0,0.03701571519705593
803.0,0.037262238019433624
804.0,0.03738024324244105
805.0,0.03734873572276143
806.0,0.0372286322589942
807.0,0.037083847743389686
808.0,0.03693417271113808
809.0,0.03676238548141031
810.0,0.0366031557473081
811.0,0.03654092273362519
812.0,0.03658349352865936
813.0,0.036651406933626396
814.0,0.036703884878586446
815.0,0.036785565220931904
816.0,0.03696612053996384
817.0,0.037254837062337565
818.0,0.0375456168755281
819.0,0.03775567023047793
820.0,0.03801635780807877
821.0,0.038502630545652505
822.0,0.03914307315483356
823.0,0.03967927246778252
824.0,0.039912383349545166
825.0,0.03983364915711335
826.0,0.039605698123888866
827.0,0.03952583386120134
828.0,0.03989360564073102
829.0,0.04075157859098372
830.0,0.04179580523839055
831.0,0.042527289500375154
832.0,0.04256267317454321
833.0,0.04189864313544023
834.0,0.040906632004709675
835.0,0.040056769701892314
836.0,0.03960346209546417
837.0,0.03952477435630042
838.0,0.039646936384685194
839.0,0.039872274204603264
840.0,0.04024325388402028
841.0,0.04076229709368523
842.0,0.041263251721444905
843.0,0.04140926728088934
844.0,0.04091613119587495
845.0,0.03980174943356102
846.0,0.0384303000857843
847.0,0.03732026236211139
848.0,0.03683636452958433
849.0,0.037006479489526956
850.0,0.03754158462974877
851.0,0.03806636911068262
852.0,0.03832711466702238
853.0,0.03828535601565114
854.0,0.03809515660868207
855.0,0.037956372511809056
856.0,0.03800850319486976
857.0,0.03826760849502969
858.0,0.03860613675768404
859.0,0.03883126813598742
860.0,0.038794440899538485
861.0,0.03847495949234814
862.0,0.037978512535299824
863.0,0.03744501786141119
864.0,0.03692956091127947
865.0,0.03640657072067971
866.0,0.03593817286035189
867.0,0.035714227987134806
868.0,0.03593879229526753
869.0,0.03662770033381829
870.0,0.03746624492924289
871.0,0.03797633484709517
872.0,0.03783624854999568
873.0,0.03708950353092427
874.0,0.036083197382897
875.0,0.03520227187887348
876.0,0.034595017853213006
877.0,0.03420318374174802
878.0,0.03398696254052258
879.0,0.03403015209198729
880.0,0.034513589169675285
881.0,0.03544553601361755
882.0,0.036506783318897285
883.0,0.037298117467887804
884.0,0.03764490312347535
885.0,0.03762854203266092
886.0,0.03741997659661578
887.0,0.03701829441731219
888.0,0.03621538812775216
889.0,0.034987483920512985
890.0,0.03369059126824692
891.0,0.03285701467094454
892.0,0.032820341436890055
893.0,0.03344460347935624
894.0,0.0341658038258672
895.0,0.03429290661304624
896.0,0.03347848842319662
897.0,0.03197363323940944
898.0,0.03047274770488151
899.0,0.029671081348366157
900.0,0.02981662942679769
901.0,0.030609239949553335
902.0,0.031510761668016696
903.0,0.032222770975919524
904.0,0.03274172087684568
905.0,0.03311240185098696
906.0,0.03328524553140905
907.0,0.03308988801736534
908.0,0.03245682951340523
909.0,0.031577475191971294
910.0,0.03072752789864064
911.0,0.030038676192278513
912.0,0.029513302627192872
913.0,0.029131360297731113
914.0,0.02893975118554365
915.0,0.02905213199321388
916.0,0.029490292111276073
917.0,0.03012888074461978
918.0,0.030829808853109375
919.0,0.03153300661977104
920.0,0.0322039082136123
921.0,0.03279294703864999
922.0,0.03323416776752203
923.0,0.033477991393575435
924.0,0.033539302294619655
925.0,0.03345016632613351
926.0,0.033162694981804686
927.0,0.03258345780557098
928.0,0.03167304858098785
929.0,0.030675080581792302
930.0,0.030219267236685277
931.0,0.030570061547322336
932.0,0.030989329876618565
933.0,0.030696266793587
934.0,0.029982762007261854
935.0,0.029575719696680713
936.0,0.029608323636969636
937.0,0.02971900331306071
938.0,0.029560605366227954
939.0,0.0291529002773539
940.0,0.028891015666606346
941.0,0.029014482363142746
942.0,0.02930918814934924
943.0,0.029512206514533734
944.0,0.029610665197168595
945.0,0.02965489678717137
946.0,0.02962731836868482
947.0,0.02950160186692624
948.0,0.029301408256495298
949.0,0.02912580842840634
950.0,0.02910910378088849
951.0,0.02935621578770442
952.0,0.029822557331788735
953.0,0.030246560999116434
954.0,0.0302894830171212
955.0,0.029743408621364376
956.0,0.028738497423756115
957.0,0.02774397878355994
958.0,0.02725628497401228
959.0,0.027458940604525195
960.0,0.028160793107768256
961.0,0.029012611557953594
962.0,0.02975689299024037
963.0,0.030377917148996958
964.0,0.030955710994861274
965.0,0.031471596709430893
966.0,0.031869912359813624
967.0,0.03213502549662828
968.0,0.03225377334014551
969.0,0.032182969423534546
970.0,0.031852794481357916
971.0,0.031234480775483298
972.0,0.03046866864953368
973.0,0.029817087979815637
974.0,0.02944947960412847
975.0,0.029339084619694866
976.0,0.02935714691635416
977.0,0.02940078140928204
978.0,0.02946638572637872
979.0,0.02958914811363661
980.0,0.02969034639546697
981.0,0.02974140569744954
982.0,0.030038081629103486
983.0,0.030756727009135787
984.0,0.0313972559981745
985.0,0.031419527928791546
986.0,0.031099749421645673
987.0,0.03108250791651529
988.0,0.03153414529525522
989.0,0.03204312799417314
990.0,0.0320420902751718
991.0,0.03161098476616986
992.0,0.03166009385470803
993.0,0.032584197805617054
994.0,0.03354467648866022
995.0,0.03382062574085104
996.0,0.03376136994015422
997.0,0.03399803319105299
998.0,0.03467852730054233
999.0,0.035539625885604054
1000.0,0.03615515123377888
1001.0,0.03612680139243152
1002.0,0.035338836067969004
1003.0,0.034077009100825784
1004.0,0.03280433642092351
1005.0,0.031764701576862064
1006.0,0.03091426898134464
1007.0,0.030200315568777225
1008.0,0.02969647614637283
1009.0,0.029567461108143123
1010.0,0.029871377738384552
1011.0,0.03039467397290635
1012.0,0.03077806705552133
1013.0,0.03077271635333023
1014.0,0.030396879507680996
1015.0,0.02989655636758104
1016.0,0.029588901192845962
1017.0,0.029661744576308657
1018.0,0.030062531876056342
1019.0,0.030546287583579856
1020.0,0.03078129279430558
1021.0,0.030544459810755598
1022.0,0.02992015946604809
1023.0,0.029298826405567302
1024.0,0.02922296761669696
1025.0,0.03002440939020834
1026.0,0.03145325685808753
1027.0,0.0327855058748559
1028.0,0.03334529329899738
1029.0,0.03296210133263788
1030.0,0.03199424470387785
1031.0,0.030980932222310353
1032.0,0.030169941858353533
1033.0,0.029470128915125682
1034.0,0.028829551786324403
1035.0,0.028373358650341796
1036.0,0.02830012888470851
1037.0,0.02867269520576221
1038.0,0.029280736960909937
1039.0,0.029802895044450384
1040.0,0.030073350143832944
1041.0,0.030122363105963945
1042.0,0.03005829631153223
1043.0,0.030038889813330583
1044.0,0.03021857704641695
1045.0,0.030612131340203852
1046.0,0.031035672953086624
1047.0,0.03110842559128879
1048.0,0.030466071773127656
1049.0,0.029199108606648427
1050.0,0.02790649163856751
1051.0,0.027217178814465948
1052.0,0.0273337958662786
1053.0,0.028008615776174806
1054.0,0.028824768210870988
1055.0,0.029582403151500236
1056.0,0.030366783209229253
1057.0,0.031185979310160483
1058.0,0.03186073023008057
1059.0,0.032223206414485506
1060.0,0.03225512042224715
1061.0,0.032088699261505205
1062.0,0.031891636574137794
1063.0,0.03172194448993487
1064.0,0.03156573312386424
1065.0,0.031473547404960056
1066.0,0.03147546080520658
1067.0,0.031463947807853054
1068.0,0.03141606454235002
1069.0,0.03156614582552891
1070.0,0.031858787587256465
1071.0,0.03167245454897005
1072.0,0.03106588133304239
1073.0,0.03127436032275538
1074.0,0.03246170663804493
1075.0,0.032769965145160784
1076.0,0.0311312696631445
1077.0,0.028848359770862086
1078.0,0.02747861288771125
1079.0,0.02717220736282744
1080.0,0.0273795417663395
1081.0,0.02760621526356244
1082.0,0.027468609410286393
1083.0,0.026875295920616993
1084.0,0.02618033454284252
1085.0,0.025832480821234738
1086.0,0.025794695430415904
1087.0,0.025657728117157164
1088.0,0.02527892875901594
1089.0,0.024883207992086875
1090.0,0.02471093006694941
1091.0,0.02475213738898535
1092.0,0.024699946420056795
1093.0,0.024389988643326643
1094.0,0.02420000059957861
1095.0,0.024502549088082914
1096.0,0.025039517726382132
1097.0,0.025275412740575876
1098.0,0.025006110768009182
1099.0,0.024505019640993664
1100.0,0.024269655864543216
1101.0,0.024463276425471303
1102.0,0.024695060203723473
1103.0,0.024589196844492456
1104.0,0.024234512213356263
1105.0,0.023977627340591057
1106.0,0.024032879448343036
1107.0,0.024179130824146855
1108.0,0.023967415887692245
1109.0,0.023419256521251763
1110.0,0.02302683012528961
1111.0,0.02297797408509661
1112.0,0.022979444378253944
1113.0,0.02276728959936203
1114.0,0.022390540653316693
1115.0,0.022139862841376423
1116.0,0.022216468253686505
1117.0,0.022408680624896538
1118.0,0.022381773177394315
1119.0,0.02218387996266802
1120.0,0.02207945678895895
1121.0,0.022116637364286262
1122.0,0.02217510010556001
1123.0,0.02219705555964052
1124.0,0.022216119635581677
1125.0,0.02229593324768042
1126.0,0.022450054712368384
1127.0,0.022618886623064105
1128.0,0.022818610393362693
1129.0,0.023149688333328644
1130.0,0.023388874890356015
1131.0,0.023065322335823257
1132.0,0.022429233207139354
1133.0,0.02238527102774729
1134.0,0.022872504483439138
1135.0,0.022831997119330927
1136.0,0.022299336869559427
1137.0,0.02250389282732046
1138.0,0.023689130975420858
1139.0,0.024837134361139157
1140.0,0.025372264903084252
1141.0,0.025615989839616715
1142.0,0.025953504650721826
1143.0,0.026485706789007524
1144.0,0.027162821103152157
1145.0,0.027785120668708807
1146.0,0.028024951152047284
1147.0,0.0276893399994374
1148.0,0.026920801628178337
1149.0,0.026134206771961266
1150.0,0.025754314172295012
1151.0,0.02594585556416118
1152.0,0.026528931782768217
1153.0,0.027111808110373448
1154.0,0.027366972870667305
1155.0,0.027208850063620615
1156.0,0.02680755180203004
1157.0,0.026458216500329312
1158.0,0.026368436855344346
1159.0,0.026554055260051
1160.0,0.026844472969006827
1161.0,0.026966108117231213
1162.0,0.026736305674232408
1163.0,0.026222767760141652
1164.0,0.025717558648445937
1165.0,0.025550463896944653
1166.0,0.02585944454175987
1167.0,0.0265009526974799
1168.0,0.027175476535021226
1169.0,0.027672043660602275
1170.0,0.027960619637119682
1171.0,0.028093754989015784
1172.0,0.028175023056297183
1173.0,0.02834463800316861
1174.0,0.028665751844391157
1175.0,0.02904593826166238
1176.0,0.02918456085134835
1177.0,0.028675044777666386
1178.0,0.027466628856090747
1179.0,0.02609207066949648
1180.0,0.025334494341151148
1181.0,0.025682467750166776
1182.0,0.026958595567826787
1183.0,0.02845150084773651
1184.0,0.029525189397108548
1185.0,0.030075548091046983
1186.0,0.03029790312040731
1187.0,0.030344469807524477
1188.0,0.03021003593881802
1189.0,0.029805535452516074
1190.0,0.029230319375776748
1191.0,0.028785030216076063
1192.0,0.0287051454226038
1193.0,0.02898606716529814
1194.0,0.02942444614504003
1195.0,0.029764116770869598
1196.0,0.029846558252165423
1197.0,0.02968521923042053
1198.0,0.02940355527820926
1199.0,0.02914704531873466
1200.0,0.02900656752695796
1201.0,0.028995633988018993
1202.0,0.02908860402611302
1203.0,0.02922542610044837
1204.0,0.029328103878578343
1205.0,0.029353572364413993
1206.0,0.029323347359434704
1207.0,0.029302918764782637
1208.0,0.029342048114969432
1209.0,0.02939574861053798
1210.0,0.029331377035602763
1211.0,0.029055447155351688
1212.0,0.028628378668161703
1213.0,0.02830326731148486
1214.0,0.02837657760260129
1215.0,0.028937987771074564
1216.0,0.029740845232553964
1217.0,0.03026780783889177
1218.0,0.030077343983960475
1219.0,0.029165051136667786
1220.0,0.027972236826734997
1221.0,0.027039279714104802
1222.0,0.026657530282918784
1223.0,0.026772819352990307
1224.0,0.027113114580406078
1225.0,0.027463345162207775
1226.0,0.027748042739118323
1227.0,0.02794086987821623
1228.0,0.02805726620363902
1229.0,0.02815192453803053
1230.0,0.028280392530179582
1231.0,0.028460730959555064
1232.0,0.02865606291301115
1233.0,0.028797965325838726
1234.0,0.02884128973974298
1235.0,0.02880811947040246
1236.0,0.02881096575784367
1237.0,0.028978232193852038
1238.0,0.02925074307203121
1239.0,0.029391989161453413
1240.0,0.02935178644493075
1241.0,0.029308653436049492
1242.0,0.029144432711367407
1243.0,0.0285146237108031
1244.0,0.02766958283960705
1245.0,0.027319765383729905
1246.0,0.027572218609252908
1247.0,0.027830502446303085
1248.0,0.02766574458892318
1249.0,0.027165526453780564
1250.0,0.02663108248962706
1251.0,0.026340792618210707
1252.0,0.026445779652198242
1253.0,0.02687627805898221
1254.0,0.027384647998330625
1255.0,0.027696334401499934
1256.0,0.027670025727198455
1257.0,0.02744984674304074
1258.0,0.027410714346844223
1259.0,0.02773015995177902
1260.0,0.02812550302063313
1261.0,0.028286339017887602
1262.0,0.028289660129225208
1263.0,0.028375532775308965
1264.0,0.02863128336150264
1265.0,0.028948944829739642
1266.0,0.029147511501902285
1267.0,0.029207018015908054
1268.0,0.029303429357531996
1269.0,0.029531025547210876
1270.0,0.02979273843215277
1271.0,0.029987513894142642
1272.0,0.0301496457858271
1273.0,0.03044323928237666
1274.0,0.03101976238645518
1275.0,0.03185046756265561
1276.0,0.032693084828514546
1277.0,0.03320850513495999
1278.0,0.03321876256425421
1279.0,0.03287862678727399
1280.0,0.03251273424449669
1281.0,0.03229926575149894
1282.0,0.0322763292881455
1283.0,0.03250676751731146
1284.0,0.03292453968761161
1285.0,0.033234277640003085
1286.0,0.03327122571083596
1287.0,0.03326312124474623
1288.0,0.0334912244606205
1289.0,0.033927355597365316
1290.0,0.03430896641566242
1291.0,0.03442608451415119
1292.0,0.03448563900222973
1293.0,0.03498911570606897
1294.0,0.03590243800552487
1295.0,0.03655689300294626
1296.0,0.036693274634794604
1297.0,0.03678228133100067
1298.0,0.037185383320173515
1299.0,0.03774791755470441
1300.0,0.038146203812699425
1301.0,0.03825294022390585
1302.0,0.03830130053152486
1303.0,0.03858287002535071
1304.0,0.038941778607993
1305.0,0.038997782925345476
1306.0,0.03874805889624128
1307.0,0.038462643919608464
1308.0,0.03821683860112282
1309.0,0.03795898666897182
1310.0,0.0377764374064144
1311.0,0.03782128240269786
1312.0,0.03814205501002649
1313.0,0.03862520701673569
1314.0,0.039062280920642456
1315.0,0.039307362337947904
1316.0,0.03939196030387654
1317.0,0.03950981002045703
1318.0,0.03986673997305454
1319.0,0.040474415089255256
1320.0,0.04111427371649318
1321.0,0.04155081596584198
1322.0,0.041720945209749394
1323.0,0.04171492790107412
1324.0,0.04167574159483309
1325.0,0.04170091554800376
1326.0,0.04178736742346284
1327.0,0.041877931950672104
1328.0,0.041873624699026085
1329.0,0.041592604239865216
1330.0,0.0409968548363569
1331.0,0.04046490931239366
1332.0,0.04040525187653066
1333.0,0.0406669145898364
1334.0,0.04077783090290532
1335.0,0.0405729957531189
1336.0,0.04030360651323367
1337.0,0.040352420178298265
1338.0,0.04076734339395888
1339.0,0.041065095163094784
1340.0,0.04090054458951342
1341.0,0.040617871425608465
1342.0,0.04068076400612475
1343.0,0.041070604314617926
1344.0,0.041601018842599535
1345.0,0.04222769219372269
1346.0,0.04272635849016615
1347.0,0.04264744583236019
1348.0,0.04179170615458047
1349.0,0.04046653092938568
1350.0,0.03930307183415008
1351.0,0.038822023953328844
1352.0,0.03908203384189285
1353.0,0.039689652421158905
1354.0,0.04018060610033619
1355.0,0.04034665924973507
1356.0,0.04026148594330711
1357.0,0.040131501928004354
1358.0,0.04005966587218318
1359.0,0.040021027393192965
1360.0,0.040011873487636074
1361.0,0.040121837166212315
1362.0,0.040515278370645336
1363.0,0.04123052661878737
1364.0,0.04203740009886178
1365.0,0.0426037600043484
1366.0,0.04275344480644272
1367.0,0.04255648899673048
1368.0,0.04223853172342168
1369.0,0.04202122991568513
1370.0,0.041973677343387084
1371.0,0.042002871296651256
1372.0,0.04195265905799572
1373.0,0.04170587787471691
1374.0,0.04127160649542655
1375.0,0.04080562952126854
1376.0,0.040511174234735325
1377.0,0.040486392828743056
1378.0,0.040672637700560677
1379.0,0.04096327484417839
1380.0,0.04128949024529721
1381.0,0.04161273445727415
1382.0,0.04189290923020739
1383.0,0.042044337543787835
1384.0,0.0419877785934043
1385.0,0.04173785286021556
1386.0,0.04142375575553975
1387.0,0.04123231791295069
1388.0,0.041276833147341374
1389.0,0.041510792997692295
1390.0,0.04177411352147535
1391.0,0.04192268225985489
1392.0,0.041908343819440835
1393.0,0.04177520712482283
1394.0,0.041544676840410896
1395.0,0.04113993530663761
1396.0,0.04056998503285457
1397.0,0.040041145914875176
1398.0,0.03979720809543859
1399.0,0.03992876751469987
1400.0,0.040316423500915716
1401.0,0.04073255907228737
1402.0,0.04104077133027356
1403.0,0.041269139887879114
1404.0,0.04143672719893132
1405.0,0.0414685921473517
1406.0,0.041288565499404434
1407.0,0.04091483126467757
1408.0,0.04049778600263772
1409.0,0.04022683921021637
1410.0,0.04017947923605207
1411.0,0.040317162278788135
1412.0,0.04061648195040711
1413.0,0.04106785980073874
1414.0,0.04160046014970677
1415.0,0.04208078899747167
1416.0,0.04236384141738664
1417.0,0.04240947154177985
1418.0,0.04233770860596786
1419.0,0.0423460178083364
1420.0,0.04256806071971238
1421.0,0.04298111721952021
1422.0,0.04343744361378847
1423.0,0.04386017686767285
1424.0,0.04432625378576692
1425.0,0.044703933987377625
1426.0,0.04461381780632831
1427.0,0.04422487378310741
1428.0,0.04426623578007538
1429.0,0.04458824301901018
1430.0,0.04413337546497434
1431.0,0.04307238785159122
1432.0,0.04291428915151911
1433.0,0.04400564037761841
1434.0,0.045105354367058495
1435.0,0.04547967209275017
1436.0,0.045448183307687656
1437.0,0.04514785194031465
1438.0,0.044332401915477854
1439.0,0.04300252121769124
1440.0,0.0416525316456243
1441.0,0.04109748422634729
1442.0,0.041806485500307314
1443.0,0.04339639247893479
1444.0,0.044972404820561085
1445.0,0.04588276224697238
1446.0,0.04604822938277367
1447.0,0.04582753197429855
1448.0,0.045683944153963735
1449.0,0.04581807253677321
1450.0,0.04614750218773403
1451.0,0.046484190867466954
1452.0,0.04668489418470034
1453.0,0.04674044980409245
1454.0,0.04667964941351155
1455.0,0.046479633500701584
1456.0,0.046089558092602484
1457.0,0.04552146008040066
1458.0,0.0449903371170369
1459.0,0.04481424120377647
1460.0,0.04512066117749752
1461.0,0.04574009299782737
1462.0,0.046371644373120385
1463.0,0.04678885658892848
1464.0,0.04693728428911301
1465.0,0.04688209237043048
1466.0,0.0466389740844943
1467.0,0.04619877552373207
1468.0,0.04565468779597365
1469.0,0.04520573639711921
1470.0,0.045069507521826285
1471.0,0.04529504454832231
1472.0,0.045677064338443624
1473.0,0.04591967167261944
1474.0,0.04586937136374605
1475.0,0.0455691135908638
1476.0,0.045163900198468554
1477.0,0.04476451604201248
1478.0,0.04437284584054528
1479.0,0.04403846273463624
1480.0,0.0439398892953628
1481.0,0.04423448333554156
1482.0,0.044876061112442994
1483.0,0.04547182220565826
1484.0,0.04549164545138107
1485.0,0.04473669694918524
1486.0,0.04352755797693822
1487.0,0.04245316457111015
1488.0,0.041950768011475126
1489.0,0.042045798014520394
1490.0,0.04242036069070726
1491.0,0.04277199151875724
1492.0,0.043004027254413685
1493.0,0.043147406778050706
1494.0,0.04324184213076679
1495.0,0.04323007388347759
1496.0,0.043042520903307735
1497.0,0.042739806479942945
1498.0,0.04250732105830736
1499.0,0.04254341436501457
1500.0,0.04288285221801592
1501.0,0.04333461319426873
1502.0,0.043650399756595265
1503.0,0.04373064961563319
1504.0,0.04363323510933316
1505.0,0.04347250530713406
1506.0,0.04333145288420552
1507.0,0.043218499398298665
1508.0,0.043149145753395006
1509.0,0.04318265846522791
1510.0,0.043335489371976
1511.0,0.04352156672979568
1512.0,0.04355116479803535
1513.0,0.04325528841626253
1514.0,0.04265414816252471
1515.0,0.0419757264578539
1516.0,0.04151714584185218
1517.0,0.041432459703266665
1518.0,0.04160857710995748
1519.0,0.04183365732133893
1520.0,0.04211103313284175
1521.0,0.0425306559361413
1522.0,0.04292510254292728
1523.0,0.04306715969920116
1524.0,0.043036890968166916
1525.0,0.043049436851407934
1526.0,0.043112669159373986
1527.0,0.0430979594753856
1528.0,0.04295245788391858
1529.0,0.04273941499477041
1530.0,0.04256884189987781
1531.0,0.04243289036135868
1532.0,0.04216884611475837
1533.0,0.04174838614611007
1534.0,0.04140113463945966
1535.0,0.04129275021733961
1536.0,0.041334042915954355
1537.0,0.04139994629965717
1538.0,0.04148500327991301
1539.0,0.04160613061670133
1540.0,0.04175684696505187
1541.0,0.04196788523918042
1542.0,0.04228097991041677
1543.0,0.042654827091752126
1544.0,0.04298257101605012
1545.0,0.04319754003852873
1546.0,0.04330698815203176
1547.0,0.04334356631529384
1548.0,0.043322424009406515
1549.0,0.04322145265830222
1550.0,0.04306250226355497
1551.0,0.04298862523997548
1552.0,0.043140829332274505
1553.0,0.04350623873723497
1554.0,0.043878347959234225
1555.0,0.04396603695707596
1556.0,0.043651860338296294
1557.0,0.04312025201259208
1558.0,0.04266229761851003
1559.0,0.04241887541180981
1560.0,0.04235442692951365
1561.0,0.042348729934860434
1562.0,0.04230280475546011
1563.0,0.042216295405354584
1564.0,0.042153528910170227
1565.0,0.04217742415195043
1566.0,0.042311753531593124
1567.0,0.042536576588510316
1568.0,0.04282893015144602
1569.0,0.043179960227583976
1570.0,0.04357897965898133
1571.0,0.043957216572949674
1572.0,0.04412819480225102
1573.0,0.043929180233768905
1574.0,0.0434158667467161
1575.0,0.04283221449471834
1576.0,0.04241629630697598
1577.0,0.0422482225196313
1578.0,0.04223192976819001
1579.0,0.04224568593819407
1580.0,0.0423103892078557
1581.0,0.042461322534553446
1582.0,0.04258225128489056
1583.0,0.04248303552875984
1584.0,0.04205506168056519
1585.0,0.04139365881399986
1586.0,0.04076246193686156
1587.0,0.04038127660981795
1588.0,0.0402642586047128
1589.0,0.04029091384632538
1590.0,0.04034019927137127
1591.0,0.04033985280613677
1592.0,0.04027218053167965
1593.0,0.040108517999493325
1594.0,0.03981714418335672
1595.0,0.03946793733058837
1596.0,0.03919554460314634
1597.0,0.03905020106430131
1598.0,0.038915482633750824
1599.0,0.038819445152032936
