0.0,0.0
1.0,0.0
2.0,0.0
3.0,0.0
4.0,0.0
5.0,0.0
6.0,0.0
7.0,0.0
8.0,0.0
9.0,0.0
10.0,0.0
11.0,0.0
12.0,0.0
13.0,0.0
14.0,0.0
15.0,0.0
16.0,0.0
17.0,0.0
18.0,0.0
19.0,0.0
20.0,0.0
21.0,0.0
22.0,0.0
23.0,0.0
24.0,0.0
25.0,0.0
26.0,0.0
27.0,0.0
28.0,0.0
29.0,0.0
30.0,0.0
31.0,0.0
32.0,0.0
33.0,0.0
34.0,0.0
35.0,0.0
36.0,0.0
37.0,0.0
38.0,0.0
39.0,0.0
40.0,0.0
41.0,0.0
42.0,0.0
43.0,0.0
44.0,0.0
45.0,0.0
46.0,0.0
47.0,0.0
48.0,0.0
49.0,0.0
50.0,0.0
51.0,0.0
52.0,0.0
53.0,0.0
54.0,0.0
55.0,0.0
56.0,0.0
57.0,0.0
58.0,0.0
59.0,0.0
60.0,0.0
61.0,0.0
62.0,0.0
63.0,0.0
64.0,0.0
65.0,0.0
66.0,0.0
67.0,0.0
68.0,0.0
69.0,0.0
70.0,0.0
71.0,0.0
72.0,0.0
73.0,0.0
74.0,0.0
75.0,0.0
76.0,0.0
77.0,0.0
78.0,0.0
79.0,0.0
80.0,0.0
81.0,0.0
82.0,0.0
83.0,0.0
84.0,0.0
85.0,0.0
86.0,0.08396878011587647
87.0,0.02625310537060377
88.0,0.0
89.0,0.01095466521256086
90.0,0.03869089889317487
91.0,0.0691479322549321
92.0,0.09241923278476678
93.0,0.10442844054806896
94.0,0.10657006706669322
95.0,0.10279922616386192
96.0,0.09753325794813467
97.0,0.09524035089270633
98.0,0.10422763614430795
99.0,0.13200641592863283
100.0,0.1746741632459591
101.0,0.21893237042296923
102.0,0.25502157262125197
103.0,0.27959775324023556
104.0,0.28765417184349173
105.0,0.27635584047314843
106.0,0.2532217639737696
107.0,0.2312404793741769
108.0,0.21813787732214146
109.0,0.21468261393674412
110.0,0.21960854764269702
111.0,0.23003618163373207
112.0,0.24141053335973833
113.0,0.2468101888623076
114.0,0.23831511076612585
115.0,0.21445974649292063
116.0,0.1831211908957513
117.0,0.15468075536944462
118.0,0.13472285868583722
119.0,0.1265329641867396
120.0,0.1327191355859721
121.0,0.15033115319141999
122.0,0.1711975221780342
123.0,0.1884274033721061
124.0,0.2001150394809858
125.0,0.2059074513490522
126.0,0.20586367575152076
127.0,0.20313959046412694
128.0,0.20214611628751644
129.0,0.20393035067556817
130.0,0.20655282693464144
131.0,0.2096048374535999
132.0,0.21421988042779438
133.0,0.21989479741450846
134.0,0.22779314078128238
135.0,0.24508517052746542
136.0,0.2755894833093766
137.0,0.3102117152370969
138.0,0.33462198453137315
139.0,0.3418550171788942
140.0,0.3317001153087117
141.0,0.30513329973138076
142.0,0.2673255202641809
143.0,0.22817417510718893
144.0,0.1969138812174995
145.0,0.17721449035255893
146.0,0.16743865858796958
147.0,0.16382567531568346
148.0,0.1627872856111917
149.0,0.16243997082513636
150.0,0.16114263691725375
151.0,0.15740921614067627
152.0,0.1519645589857827
153.0,0.14770805754741784
154.0,0.1476536437640025
155.0,0.15351644656010585
156.0,0.1662225833654144
157.0,0.18480233181744798
158.0,0.20509326514270457
159.0,0.22164837904021198
160.0,0.2308515027611986
161.0,0.23237875873019928
162.0,0.22808683699151983
163.0,0.22074960846407315
164.0,0.2126796335280297
165.0,0.20465744831156324
166.0,0.19605849413877635
167.0,0.18644237982230366
168.0,0.17691033759282654
169.0,0.16908932187865033
170.0,0.16385034405777749
171.0,0.16202671922740045
172.0,0.16460311111013398
173.0,0.17067185444253438
174.0,0.1767381569072805
175.0,0.17788694560208396
176.0,0.1706298002047167
177.0,0.15573667604023098
178.0,0.13772552574764796
179.0,0.12098305824183547
180.0,0.10837408321953199
181.0,0.10445582939012059
182.0,0.11284837409291354
183.0,0.13016655103269034
184.0,0.1480173572509464
185.0,0.1605914580217636
186.0,0.166372900152215
187.0,0.16422160886759182
188.0,0.15462946752991133
189.0,0.14208050670801123
190.0,0.1330851183295274
191.0,0.1324872729438436
192.0,0.14084560090028878
193.0,0.15486540227555828
194.0,0.17020768222494886
195.0,0.184471842632721
196.0,0.19518057092999194
197.0,0.19848930753699232
198.0,0.19413401642781183
199.0,0.18720968386209524
200.0,0.18264429658816717
201.0,0.18107550404690775
202.0,0.18185989886700832
203.0,0.1853312090313654
204.0,0.19088050521745736
205.0,0.1971806566082014
206.0,0.2051155611458538
207.0,0.2171062691799404
208.0,0.23301558151611315
209.0,0.24951782748993623
210.0,0.2633074121099782
211.0,0.2721687711703336
212.0,0.2735208237782394
213.0,0.2663619372099667
214.0,0.25374737229151634
215.0,0.24041437767622442
216.0,0.22855690585207727
217.0,0.21777574385921722
218.0,0.20760812149708713
219.0,0.19814104322823547
220.0,0.1898620967324556
221.0,0.18465715542010827
222.0,0.18567447464495204
223.0,0.1939251417396411
224.0,0.2064102091717249
225.0,0.21854663682976866
226.0,0.22709640125404412
227.0,0.22917714868159178
228.0,0.22246254253698877
229.0,0.20873510022084873
230.0,0.1937344895634365
231.0,0.1826766220400452
232.0,0.1774255728720029
233.0,0.17851188264970902
234.0,0.18562490730966696
235.0,0.19587999329205397
236.0,0.20482054677737868
237.0,0.2089855200645169
238.0,0.20781753462658262
239.0,0.20342372729442354
240.0,0.19866152159832703
241.0,0.19489930616025017
242.0,0.191863801235821
243.0,0.18916856098638565
244.0,0.18662166238932518
245.0,0.1839730870602358
246.0,0.18101407248541093
247.0,0.1777433346931397
248.0,0.17494780204641164
249.0,0.17415973195959575
250.0,0.17597384957966092
251.0,0.17926896068266848
252.0,0.18348099619030933
253.0,0.18973287832036556
254.0,0.19767539088970645
255.0,0.20439066162629965
256.0,0.2081367607041339
257.0,0.2096201540814421
258.0,0.20793245154857165
259.0,0.20055455845287165
260.0,0.1888983931474812
261.0,0.178474421099211
262.0,0.1732729381415817
263.0,0.17346878574760374
264.0,0.17809134497959883
265.0,0.1859616324966639
266.0,0.1950036752403227
267.0,0.20267340433849107
268.0,0.2067721209333371
269.0,0.20664130144491408
270.0,0.2034913595248551
271.0,0.19929085420644613
272.0,0.19516933969608566
273.0,0.19123542545560668
274.0,0.1873050005742942
275.0,0.1832535085226673
276.0,0.1793976790601759
277.0,0.17781637268089903
278.0,0.18200428667164587
279.0,0.1931045045065809
280.0,0.20813543882326646
281.0,0.22315563680251596
282.0,0.2355153385148905
283.0,0.24034834195487118
284.0,0.23193467688736097
285.0,0.211968585632904
286.0,0.18945953563238427
287.0,0.17082904067938887
288.0,0.155823185497452
289.0,0.14323206812807623
290.0,0.13344730036021427
291.0,0.1264239563667486
292.0,0.12200064078441136
293.0,0.12158956265904838
294.0,0.12656827442548196
295.0,0.1355690120324548
296.0,0.14558635239228224
297.0,0.15495392946202916
298.0,0.16389117452865484
299.0,0.17325188439872752
300.0,0.1837363965928118
301.0,0.19538042303868608
302.0,0.2068713663418917
303.0,0.21581241166061077
304.0,0.2201774489319518
305.0,0.2196052477902277
306.0,0.2155529360792898
307.0,0.2106320625666927
308.0,0.2089306771133611
309.0,0.2143967623182893
310.0,0.22723863881768733
311.0,0.24347552244160928
312.0,0.25855424426035334
313.0,0.27010403521492926
314.0,0.27682362955786727
315.0,0.2783020088544262
316.0,0.2759792732788259
317.0,0.27253250395581813
318.0,0.27036793985975605
319.0,0.27052660906292336
320.0,0.27285743402752716
321.0,0.27641084481155453
322.0,0.2800981568905513
323.0,0.28174420706317327
324.0,0.2771481893846731
325.0,0.26424406982147947
326.0,0.24668414261300994
327.0,0.23065777276896487
328.0,0.21962752351095952
329.0,0.21442323747333858
330.0,0.21523766259491597
331.0,0.22021597438831678
332.0,0.2252635466306661
333.0,0.22612863287977336
334.0,0.22068785416558084
335.0,0.2095673034547107
336.0,0.19522662833542717
337.0,0.1808456886045872
338.0,0.16873031790591161
339.0,0.15964046775744165
340.0,0.1531771073927661
341.0,0.14897949860146445
342.0,0.14754811740542606
343.0,0.14995667851686975
344.0,0.15731295776721366
345.0,0.17047655483829116
346.0,0.18849822565745056
347.0,0.2073435916284599
348.0,0.2218702557386854
349.0,0.22900759000043608
350.0,0.228754476297199
351.0,0.22265094405269747
352.0,0.21239674764169938
353.0,0.19880996949767613
354.0,0.18118621592534057
355.0,0.15795226052550876
356.0,0.1301818063312484
357.0,0.10329511006927977
358.0,0.08384627213594376
359.0,0.07546275213908371
360.0,0.07803987035270585
361.0,0.08901481790041749
362.0,0.10430777649093337
363.0,0.11989064693016313
364.0,0.13190917264839766
365.0,0.1376986662295515
366.0,0.1375279344572509
367.0,0.13478692393759586
368.0,0.13483001090166136
369.0,0.1424895839752713
370.0,0.16057844487187295
371.0,0.18828561475194103
372.0,0.22113663367692143
373.0,0.2514984658274796
374.0,0.2693964740755623
375.0,0.2688257020344587
376.0,0.252930046646866
377.0,0.23076749063519575
378.0,0.20931915393086198
379.0,0.19148004904804988
380.0,0.1784113839105118
381.0,0.16953887036620163
382.0,0.16309594107196504
383.0,0.1587600915221412
384.0,0.15902410175683132
385.0,0.16609694194758903
386.0,0.17910880283493466
387.0,0.1956221040104652
388.0,0.21311749936819935
389.0,0.2259099022493936
390.0,0.22666203205095725
391.0,0.2148529634041374
392.0,0.19867366993974178
393.0,0.1871895894168348
394.0,0.18454978149976997
395.0,0.1923971631921545
396.0,0.21041749741069893
397.0,0.234509786454914
398.0,0.2579451164349307
399.0,0.274046246785705
400.0,0.2798834351999299
401.0,0.27775844325936605
402.0,0.2728035291521295
403.0,0.26853619341051266
404.0,0.26746853496258727
405.0,0.2741575421716965
406.0,0.29063066561720186
407.0,0.31193959056706305
408.0,0.3296847485763389
409.0,0.33833765189262166
410.0,0.3366801937713421
411.0,0.326151717297303
412.0,0.31046775497643003
413.0,0.29407412074039035
414.0,0.28094749426482735
415.0,0.27325054941562543
416.0,0.2696724163267522
417.0,0.26660970322851657
418.0,0.2618975767121458
419.0,0.2566890993686481
420.0,0.25319928508218936
421.0,0.252305200591181
422.0,0.2532121654418302
423.0,0.2533147135123173
424.0,0.24810312110844968
425.0,0.23430297002544626
426.0,0.21355082848688478
427.0,0.19149681339300062
428.0,0.17341838221970343
429.0,0.16109130019156087
430.0,0.1528403264443606
431.0,0.14671961737472147
432.0,0.14407965581899637
433.0,0.14639465709638944
434.0,0.15087716636465826
435.0,0.1546248394749873
436.0,0.1595746362707704
437.0,0.16889987101457912
438.0,0.18229948860012796
439.0,0.19781432139974925
440.0,0.21443669161843104
441.0,0.23023938395498056
442.0,0.24171595851360062
443.0,0.24673957376801248
444.0,0.2459921681147465
445.0,0.2405512794245861
446.0,0.23097664276636537
447.0,0.22037840202406522
448.0,0.21345745679190398
449.0,0.2113895272792657
450.0,0.21117364283708773
451.0,0.21021015013988564
452.0,0.2082850999300942
453.0,0.20566925970311922
454.0,0.2025967926017368
455.0,0.19986212462858738
456.0,0.19844763826614886
457.0,0.19879437612907924
458.0,0.2012937936108199
459.0,0.20713963260474655
460.0,0.21706927649846686
461.0,0.22998951772060217
462.0,0.24319993366759463
463.0,0.2536349799232783
464.0,0.25735350575614735
465.0,0.24996390784289346
466.0,0.23133945818821505
467.0,0.20731236038896217
468.0,0.18526622360922362
469.0,0.16943218847703156
470.0,0.16208990863393627
471.0,0.16445441492628443
472.0,0.174085931298459
473.0,0.18554858508081873
474.0,0.19420666461990604
475.0,0.198643435560931
476.0,0.19934875096138094
477.0,0.19684464629377119
478.0,0.19065029802852235
479.0,0.1794111366695152
480.0,0.1620605489796218
481.0,0.13954724253463774
482.0,0.11552779016045284
483.0,0.09632800518632234
484.0,0.08984653751105623
485.0,0.10000173429735246
486.0,0.12289623700325711
487.0,0.15048119142081748
488.0,0.17733529315142393
489.0,0.1992344190917411
490.0,0.21010770422322733
491.0,0.2081002235153434
492.0,0.1992034798593308
493.0,0.1912401316084114
494.0,0.1871085053461915
495.0,0.18631732830229064
496.0,0.18811619627389092
497.0,0.1912954245728266
498.0,0.19398033828551087
499.0,0.19293168119678045
500.0,0.18518010930550705
501.0,0.1718839847832161
502.0,0.15797452775148668
503.0,0.14724974158077944
504.0,0.14041269589932928
505.0,0.13808955106601856
506.0,0.14082426733030545
507.0,0.14637024244969604
508.0,0.1521091373903503
509.0,0.15979743410060046
510.0,0.17291291453826219
511.0,0.19057615188481136
512.0,0.20883601170816218
513.0,0.22574329436121598
514.0,0.2392254017321328
515.0,0.24362933490311256
516.0,0.23535885285929947
517.0,0.21808154709673483
518.0,0.19921758549095764
519.0,0.18376921864302548
520.0,0.17364281019376238
521.0,0.16905771513552625
522.0,0.16898432640122546
523.0,0.17198179724936902
524.0,0.17593255074865283
525.0,0.17880007869384368
526.0,0.18066652452408055
527.0,0.18343227695496656
528.0,0.1876475709422344
529.0,0.19147050598758386
530.0,0.19316149614025446
531.0,0.1919352464291324
532.0,0.1860303804481872
533.0,0.17523088909044982
534.0,0.1657045368393204
535.0,0.16511496276937604
536.0,0.17335664601072637
537.0,0.18405469163439664
538.0,0.19327055623494532
539.0,0.19993066528667147
540.0,0.20158343577937976
541.0,0.1960556096344903
542.0,0.18428211828723567
543.0,0.17087516179851214
544.0,0.16198276924761645
545.0,0.16076713307794377
546.0,0.16520236951614964
547.0,0.1720462589284863
548.0,0.18065678815703462
549.0,0.18899740601544984
550.0,0.1920658674704916
551.0,0.1880113180064903
552.0,0.18087327095599426
553.0,0.17594203809622827
554.0,0.17541457399867466
555.0,0.17885146538195223
556.0,0.18439041090039038
557.0,0.18951661684023757
558.0,0.19231777401536282
559.0,0.19200165496517912
560.0,0.18911561709025843
561.0,0.1852462342745509
562.0,0.1814976011784471
563.0,0.17704952943481606
564.0,0.17031249026408174
565.0,0.16126556051177804
566.0,0.15122702400911048
567.0,0.14112177583819027
568.0,0.1330939140067704
569.0,0.1319492714001483
570.0,0.14042861548850957
571.0,0.15538868734536188
572.0,0.171419237825849
573.0,0.18579545742080178
574.0,0.19643214391523822
575.0,0.19995579185290496
576.0,0.19526847171570916
577.0,0.18555282295235687
578.0,0.17663285209173685
579.0,0.1732491935919891
580.0,0.17596523756233784
581.0,0.18161121659668078
582.0,0.1876423128679846
583.0,0.19424652661091002
584.0,0.20167225042716908
585.0,0.20900210064580588
586.0,0.21539185059131605
587.0,0.2198215093540531
588.0,0.21967991311119267
589.0,0.2127584933280306
590.0,0.20042162580291017
591.0,0.18609440525203602
592.0,0.17122423348565274
593.0,0.15595926041938918
594.0,0.14204708906763008
595.0,0.13175619631968677
596.0,0.12575302180960665
597.0,0.1247535345239103
598.0,0.13124954239862566
599.0,0.14575052835280272
600.0,0.16405387575539193
601.0,0.1794738120285671
602.0,0.18682970474601301
603.0,0.18413218082546384
604.0,0.17274205275879978
605.0,0.1574112326283103
606.0,0.14443778564561588
607.0,0.14041131503405258
608.0,0.14926746492371995
609.0,0.1690795211360906
610.0,0.1929694802744199
611.0,0.21338389854654
612.0,0.22546625826854333
613.0,0.226227542039376
614.0,0.21574426604489866
615.0,0.19889089825318224
616.0,0.182536060045227
617.0,0.17094791095117368
618.0,0.1643157599766849
619.0,0.1609962119245109
620.0,0.15913982023566703
621.0,0.15761864623578425
622.0,0.1556169412799313
623.0,0.1517874349514423
624.0,0.1458843874413025
625.0,0.13997965089981712
626.0,0.1372403066748616
627.0,0.13998956034492865
628.0,0.14964966196626267
629.0,0.16683723579171017
630.0,0.1895144620656803
631.0,0.21306840030475738
632.0,0.23265632327909624
633.0,0.24564655300453891
634.0,0.2522104824812862
635.0,0.2531151735910017
636.0,0.24532489583336703
637.0,0.22367383258190465
638.0,0.18864195921257654
639.0,0.14817296830599547
640.0,0.11193039935292409
641.0,0.0880463845785851
642.0,0.08494657897843647
643.0,0.1056637332052768
644.0,0.14147817937404272
645.0,0.177589868773322
646.0,0.20449338527528665
647.0,0.22067905269891047
648.0,0.22755510141617907
649.0,0.2280433546540428
650.0,0.2258320182112819
651.0,0.22365101270860122
652.0,0.22230894357701814
653.0,0.221346549795584
654.0,0.22059242362919507
655.0,0.2213751339878799
656.0,0.22585188389848976
657.0,0.23227665401838005
658.0,0.2345229526824969
659.0,0.2298944830279802
660.0,0.22283270586275028
661.0,0.21902660494516518
662.0,0.22055724703573854
663.0,0.2275284458349487
664.0,0.23926458700756725
665.0,0.25372862653690326
666.0,0.2682531956542702
667.0,0.2807429791705016
668.0,0.2907998165842954
669.0,0.2998351587868077
670.0,0.3098603120938956
671.0,0.32188666152822637
672.0,0.3358318320909431
673.0,0.3516819099349418
674.0,0.369514233847677
675.0,0.3890462970359465
676.0,0.4113746548545757
677.0,0.44002331906192543
678.0,0.47583071726345627
679.0,0.5132727919260534
680.0,0.5453922032527122
681.0,0.5697169687847592
682.0,0.5868504117683198
683.0,0.5973904817925413
684.0,0.6027948989140397
685.0,0.6057224158474246
686.0,0.6093979048137981
687.0,0.6159396946409037
688.0,0.6242468764864557
689.0,0.6302585147333106
690.0,0.6293635337590984
691.0,0.6191441044855964
692.0,0.6001000580912399
693.0,0.5749600576971857
694.0,0.5471620320555276
695.0,0.5186418600313005
696.0,0.4886722457954007
697.0,0.4559521672864878
698.0,0.42204205110750836
699.0,0.3903384210361328
700.0,0.36250239557749353
701.0,0.33849887927190975
702.0,0.3187223251537688
703.0,0.30350607478951386
704.0,0.29206705021652113
705.0,0.2832347502914777
706.0,0.2765029523501893
707.0,0.2712914639339768
708.0,0.2663619885828802
709.0,0.2614640112872907
710.0,0.2582243581006419
711.0,0.258895084154942
712.0,0.2643100548361162
713.0,0.27218521609059326
714.0,0.27760033321891464
715.0,0.27503425054118347
716.0,0.2617106543407554
717.0,0.24011320360208588
718.0,0.21676669092420625
719.0,0.19834652826215404
720.0,0.18793059680948998
721.0,0.1845555315977946
722.0,0.18485898803104062
723.0,0.1858545313883599
724.0,0.18560276928529956
725.0,0.18155913463712042
726.0,0.1726057539642663
727.0,0.1616239652198006
728.0,0.15298943041307472
729.0,0.14833474944238806
730.0,0.14613904160475494
731.0,0.14408535374753545
732.0,0.14097813486993144
733.0,0.13762550834297366
734.0,0.13641924182794368
735.0,0.1396634632463356
736.0,0.14741096374531348
737.0,0.15689989448653063
738.0,0.16419323475195463
739.0,0.16653040806817848
740.0,0.16305614770996302
741.0,0.15477598378539725
742.0,0.1444754453855232
743.0,0.13534762540449147
744.0,0.1295427504297012
745.0,0.12733155683304442
746.0,0.12752037848784287
747.0,0.12907865142437513
748.0,0.13277652780992988
749.0,0.14071221335103556
750.0,0.15426379043749877
751.0,0.17222238718900673
752.0,0.19062685219065323
753.0,0.20412613717610312
754.0,0.2079483957932849
755.0,0.2013197582235779
756.0,0.1886082712817378
757.0,0.17591734312621043
758.0,0.16646280544023434
759.0,0.16076836865781235
760.0,0.15907608288300218
761.0,0.16065469147280104
762.0,0.16364736725945078
763.0,0.16774596961462113
764.0,0.17515519023973208
765.0,0.1864945671472802
766.0,0.1986410386939499
767.0,0.20838232247008415
768.0,0.21515846928777949
769.0,0.21926933410222826
770.0,0.22057391438618035
771.0,0.2195374540240268
772.0,0.2167611463155133
773.0,0.21090047326026645
774.0,0.19996594655596162
775.0,0.1851678648089986
776.0,0.17063817848317353
777.0,0.15956950733657693
778.0,0.1529388818600107
779.0,0.15119621947168516
780.0,0.1539523786597889
781.0,0.1591063791042871
782.0,0.16430415904034767
783.0,0.16885873754468406
784.0,0.1733045871624045
785.0,0.17782778582827125
786.0,0.18248172822021552
787.0,0.18772279325179492
788.0,0.19369730179048977
789.0,0.1997089828593024
790.0,0.2047975887466787
791.0,0.2085144207596401
792.0,0.21112667611138553
793.0,0.21329718526706115
794.0,0.2154807422307417
795.0,0.21757822358911966
796.0,0.2193840527965435
797.0,0.22048510177007902
798.0,0.21903600933327044
799.0,0.2130321456607306
800.0,0.2036489414260586
801.0,0.19478179850962568
802.0,0.18906623668985623
803.0,0.18642599612907934
804.0,0.1859980807392571
805.0,0.18747120891224017
806.0,0.19133686074075418
807.0,0.198076702940715
808.0,0.20707047451182975
809.0,0.21650027465078392
810.0,0.22414988972269984
811.0,0.22637234422178232
812.0,0.2177503092933522
813.0,0.19700158070200552
814.0,0.1705174801442253
815.0,0.14680245233633155
816.0,0.1297268041940644
817.0,0.12032451380235476
818.0,0.11968703913996154
819.0,0.12576281288737567
820.0,0.13378647616269373
821.0,0.14390602481388776
822.0,0.16199825432091464
823.0,0.18853837046920735
824.0,0.21473747194405035
825.0,0.23155903104699743
826.0,0.23525568691738913
827.0,0.22343919483710678
828.0,0.19608113103927527
829.0,0.16070307165241066
830.0,0.12975886060090197
831.0,0.11327639778948206
832.0,0.11348031315934592
833.0,0.12551440242667766
834.0,0.141289207755659
835.0,0.15447296160256552
836.0,0.16228565299054332
837.0,0.1638154710208043
838.0,0.16037160380395216
839.0,0.15522951452628492
840.0,0.15229463281631728
841.0,0.15435828386445632
842.0,0.1612442106319848
843.0,0.1700029716241594
844.0,0.1772320313253557
845.0,0.18158254809501262
846.0,0.18399064840994395
847.0,0.18636703568811502
848.0,0.18995024742363986
849.0,0.1947581636290887
850.0,0.20160808616767084
851.0,0.21202380162499368
852.0,0.22514430670350893
853.0,0.23652492353277937
854.0,0.23946983665122984
855.0,0.22906114163823132
856.0,0.2056726148235567
857.0,0.17493183154882092
858.0,0.14392794380447366
859.0,0.1197123195148656
860.0,0.1105651102161112
861.0,0.11980296808505919
862.0,0.14013380697904831
863.0,0.16074541737463705
864.0,0.17832590018415911
865.0,0.19449399958838548
866.0,0.20778298768534148
867.0,0.21542007789568096
868.0,0.21713641787593535
869.0,0.21298494239184762
870.0,0.20124286449025686
871.0,0.1825251921445462
872.0,0.1619722058713588
873.0,0.14536389890976437
874.0,0.13523241789933144
875.0,0.13150103956773768
876.0,0.13296595728886873
877.0,0.13718872668310844
878.0,0.14167048947092464
879.0,0.14556169378822398
880.0,0.14953038691532172
881.0,0.1534772573450704
882.0,0.1565205001000427
883.0,0.15956782855524737
884.0,0.16379224602494424
885.0,0.1665915523607146
886.0,0.1635603297320828
887.0,0.15371500163776297
888.0,0.14015080876418334
889.0,0.12677682195090628
890.0,0.11626461392047677
891.0,0.10961378826422591
892.0,0.10634271294126185
893.0,0.10556822227865792
894.0,0.10659032834094284
895.0,0.1092011584427941
896.0,0.11400462736808042
897.0,0.12232631995253723
898.0,0.13657075995859647
899.0,0.15905131917030274
900.0,0.18784762415292133
901.0,0.2157157041242319
902.0,0.23318580324169358
903.0,0.23369241710521338
904.0,0.21678983487018744
905.0,0.18806623912967546
906.0,0.15618781411873978
907.0,0.12980321623348068
908.0,0.11841407417647992
909.0,0.12704927258681087
910.0,0.14877319466975686
911.0,0.16920254709579113
912.0,0.1786385935844762
913.0,0.1769086892320082
914.0,0.16837688220769353
915.0,0.15914595675998877
916.0,0.15582141780861553
917.0,0.16063692203494218
918.0,0.16887762100884324
919.0,0.17418568615317181
920.0,0.1753589522127244
921.0,0.17360640818677375
922.0,0.16769770970708586
923.0,0.15830956716070432
924.0,0.15104474873474827
925.0,0.15029207661760013
926.0,0.1545270261123452
927.0,0.16036262688568614
928.0,0.16686845511071235
929.0,0.17416425295543086
930.0,0.18184728410992096
931.0,0.18918537416365833
932.0,0.19534742049905385
933.0,0.199446105057694
934.0,0.20060231695290864
935.0,0.1977977987250683
936.0,0.19090964508643027
937.0,0.18226870425289943
938.0,0.17520129150907476
939.0,0.1709344889370491
940.0,0.1683152325160206
941.0,0.16610533971729546
942.0,0.16383421707014367
943.0,0.1613112801282089
944.0,0.15988687574555027
945.0,0.16322848613429009
946.0,0.1737872251375075
947.0,0.18955571444739638
948.0,0.2051890603281008
949.0,0.21556942914593458
950.0,0.2175839796769929
951.0,0.21065452962812203
952.0,0.19774948005337228
953.0,0.1839712061475876
954.0,0.1734805613450871
955.0,0.1672580220263734
956.0,0.1638556338271266
957.0,0.16175985894409106
958.0,0.1614994280997114
959.0,0.1652508532555671
960.0,0.17343943836690862
961.0,0.18332881793924155
962.0,0.19066703123425272
963.0,0.19331776667938672
964.0,0.1945557458194776
965.0,0.19828437702906598
966.0,0.19996443351050236
967.0,0.19348760066381554
968.0,0.18566849297329574
969.0,0.18675040750261507
970.0,0.1916089577308281
971.0,0.18802439808610288
972.0,0.17531525421348026
973.0,0.16180182913358743
974.0,0.1529295477790692
975.0,0.15032357820507813
976.0,0.15470431912613136
977.0,0.16409352754369233
978.0,0.17335013534143995
979.0,0.17618111566470845
980.0,0.16865946818230704
981.0,0.1532428386381146
982.0,0.13821857267141124
983.0,0.13284208312989243
984.0,0.14175742862643748
985.0,0.16371940486240766
986.0,0.1922283723591181
987.0,0.2158585242062464
988.0,0.2240452821038223
989.0,0.21377227986365333
990.0,0.19113765948626305
991.0,0.16649475887444443
992.0,0.14844238147610556
993.0,0.1412585191141239
994.0,0.14378077306054693
995.0,0.1514605450282956
996.0,0.15960249340632676
997.0,0.1658143586048113
998.0,0.17096946193455925
999.0,0.17776400057019015
1000.0,0.18727205874929326
1001.0,0.19668742219891744
1002.0,0.2018352737193282
1003.0,0.20094433453913663
1004.0,0.19552633052652463
1005.0,0.18905943449387763
1006.0,0.18616053789025866
1007.0,0.19079082239867595
1008.0,0.20420084662007798
1009.0,0.2240072906562442
1010.0,0.24372092610780632
1011.0,0.2556974616581736
1012.0,0.25546219260211556
1013.0,0.24431708765701643
1014.0,0.22823344039495308
1015.0,0.21479785004529772
1016.0,0.2114296309720598
1017.0,0.22162737073346422
1018.0,0.2425260126584628
1019.0,0.26637497002480615
1020.0,0.28467574475539387
1021.0,0.29325858295897805
1022.0,0.2941230916797677
1023.0,0.29237058822612555
1024.0,0.2907723965550427
1025.0,0.2887259014708152
1026.0,0.2846944900058474
1027.0,0.27706531971957604
1028.0,0.2645350235740183
1029.0,0.2476629766645943
1030.0,0.2291432942200048
1031.0,0.21095084062738023
1032.0,0.1924769514442029
1033.0,0.17428460836613024
1034.0,0.16047797491609378
1035.0,0.15521802438923427
1036.0,0.15927061992499475
1037.0,0.17009784404736183
1038.0,0.18312658766882906
1039.0,0.19161662866011975
1040.0,0.18958004737580708
1041.0,0.1761179416525207
1042.0,0.15590211730942988
1043.0,0.13524698233717314
1044.0,0.11903291896424323
1045.0,0.11124275578277826
1046.0,0.11365501581889986
1047.0,0.12446445946314322
1048.0,0.13946609405126598
1049.0,0.15479369849734753
1050.0,0.16763893834344096
1051.0,0.1751996213720719
1052.0,0.1760414506260426
1053.0,0.17133813734119108
1054.0,0.16639257040830174
1055.0,0.1695820690865027
1056.0,0.18524075663005962
1057.0,0.20917712278057898
1058.0,0.23382024475673918
1059.0,0.2552372431682234
1060.0,0.27150575490237927
1061.0,0.2807371273866141
1062.0,0.28521463056205143
1063.0,0.29158350554398843
1064.0,0.30471636990769285
1065.0,0.32333989730643314
1066.0,0.34175857208894395
1067.0,0.35334257017489795
1068.0,0.351875882846493
1069.0,0.33453080659386064
1070.0,0.3041516892503824
1071.0,0.26860329587877196
1072.0,0.2377694754805318
1073.0,0.22052135902890457
1074.0,0.22444055359909787
1075.0,0.2505786123484734
1076.0,0.2896524392688462
1077.0,0.32495077971943603
1078.0,0.3396666127646693
1079.0,0.3271247701501612
1080.0,0.29437254704120003
1081.0,0.2557972487413769
1082.0,0.22230436641393664
1083.0,0.20293966178325978
1084.0,0.20824062658046283
1085.0,0.23869751103668452
1086.0,0.2799573963595054
1087.0,0.316038127545121
1088.0,0.341976361253109
1089.0,0.35873341831835426
1090.0,0.3659283115775231
1091.0,0.3626615744092182
1092.0,0.3485062535432065
1093.0,0.3234744762501672
1094.0,0.2893456738618182
1095.0,0.25262443617673996
1096.0,0.22183552909449283
1097.0,0.2008305258699004
1098.0,0.18667835831714674
1099.0,0.17364586753818767
1100.0,0.15856690687509206
1101.0,0.14367539066089519
1102.0,0.13466300697349698
1103.0,0.1356457596711369
1104.0,0.1470532571014621
1105.0,0.16715725672625414
1106.0,0.19308551318412415
1107.0,0.22183261624773326
1108.0,0.24890979121173673
1109.0,0.2674449185569905
1110.0,0.27055015352632744
1111.0,0.2543659219360146
1112.0,0.22189127739448428
1113.0,0.1823605493623776
1114.0,0.14638959956386471
1115.0,0.12115319260801305
1116.0,0.11282095877899584
1117.0,0.12649136381904036
1118.0,0.1577494821506124
1119.0,0.19207299954153229
1120.0,0.21346841659319704
1121.0,0.21410310060067317
1122.0,0.19686519105592432
1123.0,0.17194175954370144
1124.0,0.15028225489534408
1125.0,0.13811614622308266
1126.0,0.13759804380230845
1127.0,0.146563685244315
1128.0,0.15857784951164033
1129.0,0.1665059075349512
1130.0,0.16632110404449135
1131.0,0.15939581581302714
1132.0,0.15113445320958813
1133.0,0.14723001451067996
1134.0,0.15010774383043507
1135.0,0.15858481783156736
1136.0,0.17024780693256902
1137.0,0.18236640734899756
1138.0,0.19252949400747132
1139.0,0.19879912575670122
1140.0,0.19983929909878584
1141.0,0.19639981544154317
1142.0,0.1916014339289972
1143.0,0.19022737924285432
1144.0,0.19623012847782517
1145.0,0.209415933747497
1146.0,0.22538838940571004
1147.0,0.23927268614962438
1148.0,0.24874540420161395
1149.0,0.2530883392647263
1150.0,0.2526310070660607
1151.0,0.24955430005716583
1152.0,0.24486806648588377
1153.0,0.23367236495035315
1154.0,0.20931420937525969
1155.0,0.17226115605541326
1156.0,0.13024110341378692
1157.0,0.09099532159594909
1158.0,0.059571541498764424
1159.0,0.039828872010770344
1160.0,0.03318743239054145
1161.0,0.03799746794821157
1162.0,0.052404100160434286
1163.0,0.07713211636702344
1164.0,0.11034371355167683
1165.0,0.14367604425290237
1166.0,0.1668276181161253
1167.0,0.17421892881530004
1168.0,0.16886296716263804
1169.0,0.1600185602770836
1170.0,0.1559792142877961
1171.0,0.15879781812696758
1172.0,0.16797269651768038
1173.0,0.1830414077398952
1174.0,0.19986011574849283
1175.0,0.2108520284339539
1176.0,0.20914243839438673
1177.0,0.1933144132475939
1178.0,0.16956105773182317
1179.0,0.14682632765676468
1180.0,0.1285648946587291
1181.0,0.11204131955821567
1182.0,0.09514116003927364
1183.0,0.0790446866854217
1184.0,0.0661656767136945
1185.0,0.06087413005942777
1186.0,0.07049798183451617
1187.0,0.09710755949508698
1188.0,0.1309744084094498
1189.0,0.15895247206477764
1190.0,0.17641383643495845
1191.0,0.18785233956731906
1192.0,0.20010636286264405
1193.0,0.21569210157091645
1194.0,0.22988770076604237
1195.0,0.23518648615761373
1196.0,0.22763940793673765
1197.0,0.20884544058864019
1198.0,0.18467351773320673
1199.0,0.16315284883832115
1200.0,0.15024357911680275
1201.0,0.14640253032582695
1202.0,0.14735394321308615
1203.0,0.14887083939567497
1204.0,0.14959366895816018
1205.0,0.1489032906416728
1206.0,0.14628073356290627
1207.0,0.14241730654447643
1208.0,0.1387409248740355
1209.0,0.1359409875576464
1210.0,0.1347394696532268
1211.0,0.1377941705113787
1212.0,0.14692163354722926
1213.0,0.15951303833641262
1214.0,0.16985039876473684
1215.0,0.17315705773919143
1216.0,0.16956101677069513
1217.0,0.16466449984334408
1218.0,0.16684396025695414
1219.0,0.18245735319408407
1220.0,0.21082397448972412
1221.0,0.24387712158530073
1222.0,0.2699386813047131
1223.0,0.28042826752008865
1224.0,0.27518814229052013
1225.0,0.2618667877244065
1226.0,0.24967863629339493
1227.0,0.24335146336151725
1228.0,0.2439479577255913
1229.0,0.2502557013533676
1230.0,0.2587439100063391
1231.0,0.26519651886395224
1232.0,0.2662942906833041
1233.0,0.26129781764399795
1234.0,0.2522339220514911
1235.0,0.2438011866943237
1236.0,0.24303163949071394
1237.0,0.2539217277293022
1238.0,0.2725054032430384
1239.0,0.2902677887516081
1240.0,0.3018249478459464
1241.0,0.3059442702451811
1242.0,0.3020880886201277
1243.0,0.29160873156251765
1244.0,0.2785451416317123
1245.0,0.2634073720554916
1246.0,0.23981124267703513
1247.0,0.20498127390344145
1248.0,0.16762851464131345
1249.0,0.1415232683784225
1250.0,0.13546964180054094
1251.0,0.14967854621990795
1252.0,0.17719768607000175
1253.0,0.20755446246283782
1254.0,0.23183311068844403
1255.0,0.24328972268298632
1256.0,0.2394226254618932
1257.0,0.2256694119299414
1258.0,0.21046314509075514
1259.0,0.19455287911455588
1260.0,0.17204928454561186
1261.0,0.14238371601208744
1262.0,0.11405250912924364
1263.0,0.09868759549803613
1264.0,0.1043741034096613
1265.0,0.13278283567634142
1266.0,0.1760275241625352
1267.0,0.21824663255872556
1268.0,0.24157366278710124
1269.0,0.23281272799044106
1270.0,0.19318029056994646
1271.0,0.13926322210393027
1272.0,0.0941702360214624
1273.0,0.07446386547422579
1274.0,0.08288234166721631
1275.0,0.11032761423676185
1276.0,0.14208533214811436
1277.0,0.16670967897704847
1278.0,0.17755581277114119
1279.0,0.1728581742443811
1280.0,0.15776612075111673
1281.0,0.14121015769998424
1282.0,0.1299193467422629
1283.0,0.12505462701350795
1284.0,0.12507182997167982
1285.0,0.12884153307267177
1286.0,0.13644178484316716
1287.0,0.14835746388613313
1288.0,0.16342972825145718
1289.0,0.17879190647370002
1290.0,0.19168289678825357
1291.0,0.19951737738423003
1292.0,0.19866510471121668
1293.0,0.1878935603084264
1294.0,0.1717552268079905
1295.0,0.1571138536879274
1296.0,0.1473532707186822
1297.0,0.14199922531881537
1298.0,0.1396676552181243
1299.0,0.13869934655585414
1300.0,0.13754795936561148
1301.0,0.13594822177742216
1302.0,0.135087882948269
1303.0,0.13589559752147062
1304.0,0.1378599822629687
1305.0,0.14050616358367107
1306.0,0.14427681862241182
1307.0,0.14897299738664793
1308.0,0.15330188032032077
1309.0,0.15663572362567801
1310.0,0.15942247364595752
1311.0,0.16141146910171011
1312.0,0.16120577129508873
1313.0,0.15756321051620148
1314.0,0.15047650763991738
1315.0,0.14122775522347197
1316.0,0.1319034163596896
1317.0,0.12461908219500684
1318.0,0.12126273276060551
1319.0,0.12388589814464868
1320.0,0.13275315624584783
1321.0,0.1447168918248023
1322.0,0.1554114751364879
1323.0,0.16262688491623956
1324.0,0.16677840841706548
1325.0,0.16921441280298333
1326.0,0.1710777932830947
1327.0,0.17256715528909516
1328.0,0.17298632138336523
1329.0,0.1714807005793091
1330.0,0.1677571695181832
1331.0,0.16288447170908693
1332.0,0.16106769939798005
1333.0,0.16774542852005447
1334.0,0.18309689782571215
1335.0,0.20013243351743848
1336.0,0.2097599212170944
1337.0,0.206558264575898
1338.0,0.18993246656168283
1339.0,0.1638343478241362
1340.0,0.1355267054791417
1341.0,0.11188748813338767
1342.0,0.09648077822843498
1343.0,0.08881648659601626
1344.0,0.0864942899182013
1345.0,0.08858987734864643
1346.0,0.09785689886063431
1347.0,0.11663695504342941
1348.0,0.1414420124974296
1349.0,0.16682728959141557
1350.0,0.19212177699568722
1351.0,0.21964968818489417
1352.0,0.2496847722414286
1353.0,0.2787786545819141
1354.0,0.3009630671130795
1355.0,0.30939592623198764
1356.0,0.2993502882691549
1357.0,0.2737596819812498
1358.0,0.24273273403258377
1359.0,0.21489586016241713
1360.0,0.1914020997802579
1361.0,0.17056972864871656
1362.0,0.1525818238439539
1363.0,0.13865754811335496
1364.0,0.12982163154434279
1365.0,0.12615801699974005
1366.0,0.1264766095303934
1367.0,0.12865248463479506
1368.0,0.13047397639558156
1369.0,0.13021509033706735
1370.0,0.12761906416447433
1371.0,0.1242103898793947
1372.0,0.12370970479170684
1373.0,0.1318966863602118
1374.0,0.15161144718972752
1375.0,0.17855490218866232
1376.0,0.2048120383317822
1377.0,0.225565858602929
1378.0,0.23983913338934348
1379.0,0.24775552397316203
1380.0,0.2505746037684957
1381.0,0.2504671868885813
1382.0,0.24902520789200733
1383.0,0.24633395286585558
1384.0,0.24228286162343116
1385.0,0.23726551599253032
1386.0,0.2293167543902318
1387.0,0.21438392298436593
1388.0,0.19205773141173477
1389.0,0.16770872916855517
1390.0,0.14821045217020812
1391.0,0.13805564877516452
1392.0,0.1401162819789754
1393.0,0.1544595738303105
1394.0,0.1755514430185635
1395.0,0.19553587796538252
1396.0,0.21079105933304187
1397.0,0.22274489462666225
1398.0,0.2328736956219567
1399.0,0.2405454777174223
1400.0,0.244048243465124
1401.0,0.24230702090770062
1402.0,0.23617255375626134
1403.0,0.22804614056883998
1404.0,0.22032969108207812
1405.0,0.21462875856798758
1406.0,0.21164087597348036
1407.0,0.21047039412364021
1408.0,0.20874837460950502
1409.0,0.2027399558574401
1410.0,0.18886113995469045
1411.0,0.16766380798951563
1412.0,0.14465248157071053
1413.0,0.12616077185517216
1414.0,0.11507212340571327
1415.0,0.11071848448791377
1416.0,0.11091186789315866
1417.0,0.11424076926443427
1418.0,0.12126486869709907
1419.0,0.13340242708699845
1420.0,0.15046050831279434
1421.0,0.16868744615969544
1422.0,0.18027271250077037
1423.0,0.17405991473656313
1424.0,0.14427960882791013
1425.0,0.099045524371698
1426.0,0.05749447343643044
1427.0,0.038776202950826066
1428.0,0.050425114803451465
1429.0,0.08533219739034115
1430.0,0.12804067440962463
1431.0,0.16617847169519395
1432.0,0.19386945370592024
1433.0,0.20922423975280136
1434.0,0.21471882362074102
1435.0,0.21511904988401997
1436.0,0.2112648076425041
1437.0,0.19801897084881515
1438.0,0.17425791761496623
1439.0,0.14862692269512157
1440.0,0.13129300753448447
1441.0,0.12582985488484955
1442.0,0.13030474792444857
1443.0,0.1410893166299616
1444.0,0.15533114412842863
1445.0,0.17292344102302926
1446.0,0.19643583279114496
1447.0,0.22756153841759086
1448.0,0.2627389648422427
1449.0,0.2914845382137692
1450.0,0.29787068721455734
1451.0,0.27330014307891903
1452.0,0.22909376900113376
1453.0,0.18793026258355394
1454.0,0.16368387895556313
1455.0,0.1563126156032144
1456.0,0.1608574767806903
1457.0,0.1715171132313359
1458.0,0.18345300604129933
1459.0,0.1945013973384434
1460.0,0.20486690090844872
1461.0,0.21497855052271087
1462.0,0.2234140132932566
1463.0,0.22779505107766862
1464.0,0.22661522676364387
1465.0,0.22066463520572555
1466.0,0.21218362645065925
1467.0,0.20054748975751602
1468.0,0.18171928356264966
1469.0,0.15475359867319927
1470.0,0.12512058793408964
1471.0,0.10129492808022
1472.0,0.08989788456109227
1473.0,0.09393827931947396
1474.0,0.11108996423932538
1475.0,0.13318871642308383
1476.0,0.1490924408473029
1477.0,0.14792917603531353
1478.0,0.1262626636108093
1479.0,0.09217485588245533
1480.0,0.06372172954478672
1481.0,0.062446700325768045
1482.0,0.09830838735694658
1483.0,0.16098604428274466
1484.0,0.22585099632794603
1485.0,0.2696932055456327
1486.0,0.2803813830901324
1487.0,0.25774028988004494
1488.0,0.21500646872376805
1489.0,0.17251291749572029
1490.0,0.14879718237814865
1491.0,0.15249127811903218
1492.0,0.17800413710956953
1493.0,0.21045643902370736
1494.0,0.23431866029152637
1495.0,0.24227913004049617
1496.0,0.2365944766841085
1497.0,0.22465660705865664
1498.0,0.2129910421943383
1499.0,0.20336040283882628
1500.0,0.1952581193176668
1501.0,0.18881038475125145
1502.0,0.18571761009566468
1503.0,0.19007596013166728
1504.0,0.2087210385312086
1505.0,0.2447581320197616
1506.0,0.2905672366796094
1507.0,0.3298378006667372
1508.0,0.3460398587872343
1509.0,0.3338660520181813
1510.0,0.3034127116735288
1511.0,0.27321559014682073
1512.0,0.25766056775492485
1513.0,0.2612973357768401
1514.0,0.2808872959612001
1515.0,0.30682055375923967
1516.0,0.3275886999097556
1517.0,0.3320400401525072
1518.0,0.31263767087688366
1519.0,0.2737843656210409
1520.0,0.23156451293311475
1521.0,0.2036262379723719
1522.0,0.19792641315475612
1523.0,0.2098457948403083
1524.0,0.2273471746539355
1525.0,0.2394527305711489
1526.0,0.24252146098685678
1527.0,0.23783561048268465
1528.0,0.22873590568094282
1529.0,0.21980111348048914
1530.0,0.2151784424207953
1531.0,0.21801677423083798
1532.0,0.2283704603128377
1533.0,0.24187414835543497
1534.0,0.2513914699440776
1535.0,0.25018919777713666
1536.0,0.23699732105959004
1537.0,0.2178941418700564
1538.0,0.20030110895120345
1539.0,0.18557058776888025
1540.0,0.1714782049202873
1541.0,0.15835200865102095
1542.0,0.14975072418563562
1543.0,0.15025106814708877
1544.0,0.16324796311763634
1545.0,0.18894881651154183
1546.0,0.22172122377335213
1547.0,0.2510098082545117
1548.0,0.2636028946300685
1549.0,0.25045053359240577
1550.0,0.21616819057830516
1551.0,0.17916716066032856
1552.0,0.16337544758986255
1553.0,0.18329603651804904
1554.0,0.2336539520120534
1555.0,0.29176445342561674
1556.0,0.33045561309631766
1557.0,0.33254777819256987
1558.0,0.2942856749844951
1559.0,0.2282200657899215
1560.0,0.16060106505403027
1561.0,0.11941778465093666
1562.0,0.12315541724623447
1563.0,0.16883055499560629
1564.0,0.23266113253996057
1565.0,0.28346358181945586
1566.0,0.2998980542115909
1567.0,0.28128273627980727
1568.0,0.24394115778949388
1569.0,0.21219294317764992
1570.0,0.2049100202053391
1571.0,0.2269985739414756
1572.0,0.26959226894744814
1573.0,0.3132782732613518
1574.0,0.3380248712267473
1575.0,0.3302751597873168
1576.0,0.2887179081156064
1577.0,0.22860618563442625
1578.0,0.17501945670198493
1579.0,0.15221239857573532
1580.0,0.17026364427878593
1581.0,0.21895908242479978
1582.0,0.2742827880905647
1583.0,0.3116496797314878
1584.0,0.3196157510792199
1585.0,0.3021743558145549
1586.0,0.27586348833895813
1587.0,0.2623353033202843
1588.0,0.2767412878830635
1589.0,0.32189282980307565
1590.0,0.3845776358953442
1591.0,0.4405327575901995
1592.0,0.46440620050858405
1593.0,0.43927756323830003
1594.0,0.3704107211096861
1595.0,0.28490114909455666
1596.0,0.21098322612469822
1597.0,0.15695767724396037
1598.0,0.12009225383217803
1599.0,0.0
