0.0,0.0
1.0,0.0
2.0,0.0
3.0,0.0
4.0,0.0
5.0,0.0
6.0,0.0
7.0,0.0
8.0,0.0
9.0,0.0
10.0,0.0
11.0,0.0
12.0,0.0
13.0,0.0
14.0,0.0
15.0,0.0
16.0,0.0
17.0,0.0
18.0,0.0
19.0,0.0
20.0,0.0
21.0,0.0
22.0,0.0
23.0,0.0
24.0,0.0
25.0,0.0
26.0,0.0
27.0,0.0
28.0,0.0
29.0,0.0
30.0,0.0
31.0,0.0
32.0,0.0
33.0,0.0
34.0,0.0
35.0,0.0
36.0,0.0
37.0,0.0
38.0,0.0
39.0,0.0
40.0,0.0
41.0,0.0
42.0,0.0
43.0,0.0
44.0,0.0
45.0,0.0
46.0,0.0
47.0,0.0
48.0,0.0
49.0,0.0
50.0,0.0
51.0,0.0
52.0,0.0
53.0,0.0
54.0,0.0
55.0,0.0
56.0,0.0
57.0,0.0
58.0,0.0
59.0,0.0
60.0,0.0
61.0,0.0
62.0,0.0
63.0,0.0
64.0,0.0
65.0,0.0
66.0,0.0
67.0,0.0
68.0,0.0
69.0,0.0
70.0,0.0
71.0,0.0
72.0,0.0
73.0,0.0
74.0,0.0
75.0,0.0
76.0,0.0
77.0,0.0
78.0,0.0
79.0,0.0
80.0,0.0
81.0,0.0
82.0,0.0
83.0,0.09198225531954214
84.0,0.09550777597676322
85.0,0.10184049902159412
86.0,0.11119688291986957
87.0,0.12279856302383454
88.0,0.13613737269433887
89.0,0.15100726147043783
90.0,0.167303378043649
91.0,0.18445596375864273
92.0,0.20072328664443528
93.0,0.21244029405645667
94.0,0.21650198278482063
95.0,0.2144195151028836
96.0,0.21099921959371312
97.0,0.20891858974358707
98.0,0.20753588151928795
99.0,0.20600846215774746
100.0,0.20423810680275542
101.0,0.20212026556405194
102.0,0.1994977108337738
103.0,0.19635087245702385
104.0,0.19281156668462568
105.0,0.18905339874910507
106.0,0.18506644711261838
107.0,0.1805848287262918
108.0,0.17555924881340576
109.0,0.17045390190694965
110.0,0.16571302669874657
111.0,0.1613010183675936
112.0,0.1570610168248348
113.0,0.15305752496405622
114.0,0.1493447524332752
115.0,0.14582457119641407
116.0,0.14241951117669785
117.0,0.13919697324371394
118.0,0.1363112181090344
119.0,0.1339938396934559
120.0,0.13268172003115564
121.0,0.13267537916736905
122.0,0.1335600766311567
123.0,0.13441402687642598
124.0,0.13458954607078408
125.0,0.13404197982219676
126.0,0.13303557489526863
127.0,0.13184271237246611
128.0,0.13055066678461236
129.0,0.12911705607504606
130.0,0.12757381814288563
131.0,0.12604720286595847
132.0,0.12468368464314025
133.0,0.1238091066404643
134.0,0.1239467698972268
135.0,0.12508663185978658
136.0,0.1263386225097908
137.0,0.12676652538175232
138.0,0.1261869886589765
139.0,0.12487628541902038
140.0,0.12301612343054444
141.0,0.12051817871035642
142.0,0.11710871637367201
143.0,0.11269145634618885
144.0,0.10754781233990515
145.0,0.10218435385779778
146.0,0.09707400580643899
147.0,0.09252403843376628
148.0,0.08859159831971317
149.0,0.08513306716468297
150.0,0.08188433111612937
151.0,0.07850432065348321
152.0,0.07481950379203064
153.0,0.07102160613739081
154.0,0.06757281300899853
155.0,0.064912717981523
156.0,0.06321662678479142
157.0,0.062367616740678214
158.0,0.06204594487230036
159.0,0.061929648696653516
160.0,0.06182517229682136
161.0,0.06168818766268144
162.0,0.06156766548647602
163.0,0.06150673688970826
164.0,0.061572209819828555
165.0,0.06185458153298022
166.0,0.06235379910075248
167.0,0.0629315389067567
168.0,0.0633814086629063
169.0,0.06355687646282639
170.0,0.06346026770234663
171.0,0.06323526722986945
172.0,0.06307044433371742
173.0,0.0631033287453596
174.0,0.06342787968835517
175.0,0.06405102963683977
176.0,0.06482948199825067
177.0,0.06555044537467851
178.0,0.06608090543112796
179.0,0.0664285434079571
180.0,0.06667359785700155
181.0,0.06692755815548011
182.0,0.06731356819481606
183.0,0.0678821709041335
184.0,0.06856302650397658
185.0,0.06920907355171949
186.0,0.0696929082925587
187.0,0.06994806221898267
188.0,0.06996474337965815
189.0,0.06982243212593868
190.0,0.06966944615427925
191.0,0.06965797658584391
192.0,0.06986458346467697
193.0,0.0702209287284441
194.0,0.07055345350435108
195.0,0.07071885002427748
196.0,0.07069635906650543
197.0,0.07053439572437975
198.0,0.07025142508364213
199.0,0.06976149276407197
200.0,0.0689289865375055
201.0,0.06772707151076533
202.0,0.06632183988747566
203.0,0.0650192872496598
204.0,0.06414026262750225
205.0,0.06393321926093422
206.0,0.06438426509173109
207.0,0.06512342926549833
208.0,0.06563849086705868
209.0,0.0655979688610564
210.0,0.06502479234112778
211.0,0.06420115787598847
212.0,0.06341390813722586
213.0,0.06272223459681264
214.0,0.06206857138872594
215.0,0.06149927074292923
216.0,0.061170283809250936
217.0,0.06125803570032609
218.0,0.06189758065402619
219.0,0.06311993031149732
220.0,0.06473298697219725
221.0,0.06638225114987538
222.0,0.0677997915066806
223.0,0.06896193440893653
224.0,0.06998134876321802
225.0,0.07095083117762555
226.0,0.07189219981833544
227.0,0.07277159965761193
228.0,0.07358685077013644
229.0,0.07440611052182455
230.0,0.07532884012510802
231.0,0.07642346704065305
232.0,0.07769049766695527
233.0,0.07905053669025879
234.0,0.08037399209139594
235.0,0.08155114693696792
236.0,0.08254491913047489
237.0,0.08339068429964258
238.0,0.08414322897316451
239.0,0.08477589264009877
240.0,0.08514032364933477
241.0,0.08517654944551492
242.0,0.08508139615231472
243.0,0.08519312347915242
244.0,0.085760641491505
245.0,0.08678951182901423
246.0,0.08807004829890064
247.0,0.08939123382025393
248.0,0.0907088968747049
249.0,0.0920393426443635
250.0,0.0933166162987531
251.0,0.09433694763295125
252.0,0.09480668996492725
253.0,0.09444518677962699
254.0,0.09316550160716608
255.0,0.09124386464830248
256.0,0.08902314991196023
257.0,0.08633000229133006
258.0,0.08275610311557527
259.0,0.0785214154304851
260.0,0.07444073958280326
261.0,0.07119085802965124
262.0,0.0689733066368691
263.0,0.06767574151211952
264.0,0.06696230965957131
265.0,0.06641077455688202
266.0,0.06570988891967647
267.0,0.06476703334594587
268.0,0.06374208661966888
269.0,0.06292500428270874
270.0,0.06259956544620905
271.0,0.06291823720359416
272.0,0.06383856588798636
273.0,0.06519511124684277
274.0,0.06685237557137158
275.0,0.06880057107163083
276.0,0.07103329666402602
277.0,0.07350462408955616
278.0,0.07631582017003251
279.0,0.07968745966674051
280.0,0.08367147145285811
281.0,0.0880252620727631
282.0,0.09235457618705115
283.0,0.09631581020296687
284.0,0.09970954325034093
285.0,0.1025456431462694
286.0,0.10501285182199055
287.0,0.10727577544665798
288.0,0.10926535978501872
289.0,0.1108661722436545
290.0,0.11225474533296848
291.0,0.1136700651916413
292.0,0.11501800049565017
293.0,0.11613207142883153
294.0,0.11717992853522563
295.0,0.1185154074345108
296.0,0.12035551463507976
297.0,0.12274909118984037
298.0,0.12567903378050055
299.0,0.129132863508396
300.0,0.13313701762719637
301.0,0.13764361418526402
302.0,0.1425304307747612
303.0,0.14784471314561068
304.0,0.15388400621948412
305.0,0.1610047980346537
306.0,0.16937102486945618
307.0,0.1788343166544658
308.0,0.1890146298452406
309.0,0.1995082903683689
310.0,0.21010871804575768
311.0,0.22083331691037036
312.0,0.23200305214980113
313.0,0.24428736580178761
314.0,0.2583550637900416
315.0,0.274501467205294
316.0,0.2919954477783345
317.0,0.3088749330692864
318.0,0.3239325281861082
319.0,0.3385368522185038
320.0,0.353545865070066
321.0,0.36592032940055996
322.0,0.37060258116028133
323.0,0.36432148933395536
324.0,0.34800003668747537
325.0,0.32595302223803624
326.0,0.3015790112803556
327.0,0.2744806045709752
328.0,0.2440005582343445
329.0,0.21218218799750257
330.0,0.18187181113732412
331.0,0.1547001534084838
332.0,0.13117797955489552
333.0,0.11112861593710804
334.0,0.09387640298307282
335.0,0.07881513235515374
336.0,0.06587555285707761
337.0,0.05530713359185764
338.0,0.0468526096366632
339.0,0.0399162560033548
340.0,0.03451927272931163
341.0,0.03102164032274954
342.0,0.029109953636138594
343.0,0.02792964733710042
344.0,0.026907346348381544
345.0,0.025962972931409936
346.0,0.02522399365534117
347.0,0.024914350529721824
348.0,0.025264658503037052
349.0,0.02639945589105297
350.0,0.02829686790767577
351.0,0.030787605753445385
352.0,0.033656858152604344
353.0,0.03681949820287758
354.0,0.04035273183203157
355.0,0.044198107304275716
356.0,0.04802435838628567
357.0,0.05150730891929638
358.0,0.054562393457821184
359.0,0.05727546598643632
360.0,0.05980341705834101
361.0,0.06239027117514025
362.0,0.06524363368200614
363.0,0.06837494913269249
364.0,0.07149931254496372
365.0,0.07404779745221297
366.0,0.07552532363200465
367.0,0.07588507370732181
368.0,0.0757077409133395
369.0,0.07601475650393746
370.0,0.07771975597419419
371.0,0.08117267285107857
372.0,0.08607896360347381
373.0,0.091869814074484
374.0,0.09806966715014964
375.0,0.10452046152987479
376.0,0.1113163644283387
377.0,0.11856217093900956
378.0,0.12632135980624315
379.0,0.13461733486813005
380.0,0.1434261973387896
381.0,0.1527218886792728
382.0,0.16261100167724576
383.0,0.1733099950294564
384.0,0.1848498143365402
385.0,0.19698447063360303
386.0,0.20947593346917762
387.0,0.22226952329921248
388.0,0.2353591994135419
389.0,0.24862490085467737
390.0,0.2617057766110487
391.0,0.2744321905737702
392.0,0.2876290392895375
393.0,0.30193618154735247
394.0,0.31579474664643026
395.0,0.32558965508097915
396.0,0.32748666238121726
397.0,0.3203103347535905
398.0,0.30687959452922065
399.0,0.2907662166945425
400.0,0.2720634985431384
401.0,0.24942946378493216
402.0,0.22401699393427552
403.0,0.19853642785875306
404.0,0.17476954725481145
405.0,0.15329632694780948
406.0,0.13415507072617144
407.0,0.11714881984745473
408.0,0.1022082013660165
409.0,0.08945178569649759
410.0,0.0790106889640578
411.0,0.07056985876592713
412.0,0.06341252087556251
413.0,0.05719016227916164
414.0,0.0521146504528711
415.0,0.048169325295763135
416.0,0.044927992503360104
417.0,0.04226844413213457
418.0,0.04042644638791654
419.0,0.039356012135842916
420.0,0.038629373894812774
421.0,0.03786592599676096
422.0,0.036947161508587345
423.0,0.035930518502687664
424.0,0.03496363129552049
425.0,0.03419339398195065
426.0,0.0337005125894512
427.0,0.03349888038004464
428.0,0.033556978509260316
429.0,0.0338437106556678
430.0,0.03435920545988065
431.0,0.035134559262524595
432.0,0.036173124854080946
433.0,0.03741394980456707
434.0,0.03878415440855623
435.0,0.04025226167519072
436.0,0.04179155227018452
437.0,0.043397002243768704
438.0,0.04527562618848566
439.0,0.04774910517898036
440.0,0.05077641462090113
441.0,0.053880128705795116
442.0,0.05663893480175902
443.0,0.05895332621448886
444.0,0.06082090191446703
445.0,0.06216601413137614
446.0,0.06283649184489476
447.0,0.06264954722382964
448.0,0.06145227266959272
449.0,0.059296900632670846
450.0,0.056557950500476795
451.0,0.05360786268167922
452.0,0.050403826472558824
453.0,0.04678321758848408
454.0,0.042978511035620684
455.0,0.03933916368673873
456.0,0.035863323939023445
457.0,0.03241578422952854
458.0,0.029090561081457134
459.0,0.026121291112832457
460.0,0.023665848509627538
461.0,0.021727351783269927
462.0,0.020182880065194836
463.0,0.018868411260586443
464.0,0.017680775081330896
465.0,0.016589957902670788
466.0,0.015618402626424527
467.0,0.014822561366867881
468.0,0.014257668235603982
469.0,0.01396657227480902
470.0,0.013950291483121213
471.0,0.014134175191458556
472.0,0.014421915855334658
473.0,0.014799781916901483
474.0,0.015307861750563492
475.0,0.015912930386693225
476.0,0.01649274364758932
477.0,0.016916126428621087
478.0,0.017147635226470698
479.0,0.01728999892491434
480.0,0.01755555146122395
481.0,0.01817077759486499
482.0,0.019209703379489185
483.0,0.020525545955503238
484.0,0.021858870853704415
485.0,0.023020958201458913
486.0,0.02395556120157108
487.0,0.02470936358137761
488.0,0.02540549766022218
489.0,0.026172594671633742
490.0,0.02709780657062523
491.0,0.028190535674167308
492.0,0.029352109632102663
493.0,0.030421627739945986
494.0,0.031251885048917155
495.0,0.03180801561935849
496.0,0.03222502672291533
497.0,0.032755448327175
498.0,0.03366529598620488
499.0,0.0350586431010695
500.0,0.03677792797477404
501.0,0.03845034673053355
502.0,0.0396368602948015
503.0,0.0401412610418304
504.0,0.04019810110773639
505.0,0.0402580576085418
506.0,0.040583793331184365
507.0,0.04119335363163877
508.0,0.04205878147633707
509.0,0.04318027690523993
510.0,0.04459577454400637
511.0,0.04634473461185895
512.0,0.04842192112293847
513.0,0.050741969693457026
514.0,0.053163353014899994
515.0,0.0555740139232182
516.0,0.05795662498257913
517.0,0.06036618471092145
518.0,0.06289915592231327
519.0,0.06578500931281356
520.0,0.06924113690833318
521.0,0.07303432062494909
522.0,0.07652451397658971
523.0,0.07926618081688258
524.0,0.08125987800547996
525.0,0.08259329301711119
526.0,0.08319184898173868
527.0,0.08284108178385716
528.0,0.08139196465076246
529.0,0.07900152301009339
530.0,0.07599181268092464
531.0,0.07249104389265787
532.0,0.06845985074810279
533.0,0.06395435216103663
534.0,0.059174759782293126
535.0,0.054361730651938875
536.0,0.049684110144353144
537.0,0.04518293655904182
538.0,0.04079897605834509
539.0,0.036458098474377865
540.0,0.0320534667074185
541.0,0.0274743014474135
542.0,0.02283167603103478
543.0,0.018531033825022483
544.0,0.015114438610401085
545.0,0.012935326224071703
546.0,0.011801923839570627
547.0,0.011089906682508116
548.0,0.010345545020893743
549.0,0.009589622556916838
550.0,0.00895697632743686
551.0,0.00838943041895071
552.0,0.0076225873342024575
553.0,0.006405113730621512
554.0,0.004793737115317692
555.0,0.0032217405125741644
556.0,0.00230352443492135
557.0,0.0024477487423881505
558.0,0.0036058284211152453
559.0,0.005308118441484197
560.0,0.006979122869706034
561.0,0.008232464445895371
562.0,0.008980013263909459
563.0,0.009386486639281419
564.0,0.009663546866787609
565.0,0.009915865535324697
566.0,0.010098665375378568
567.0,0.010181544056148684
568.0,0.010306939285728706
569.0,0.010782976373261921
570.0,0.01190706309726823
571.0,0.013639831523989829
572.0,0.015549286760645098
573.0,0.017134746694236147
574.0,0.01818263812609762
575.0,0.018838900506034567
576.0,0.019458466669750818
577.0,0.020363052803227352
578.0,0.02165450251533553
579.0,0.02325173945521232
580.0,0.025042376826904855
581.0,0.02704919140854961
582.0,0.029372957420253504
583.0,0.03197408415071443
584.0,0.03463433904965059
585.0,0.037090358418478825
586.0,0.03916323357676707
587.0,0.040805869984608834
588.0,0.042097991188209574
589.0,0.043165841403651845
590.0,0.04409802175643675
591.0,0.04490296812215358
592.0,0.045562615510873386
593.0,0.04610068097057736
594.0,0.0465170287429849
595.0,0.046747683569905496
596.0,0.0467863491092467
597.0,0.046756923170155174
598.0,0.046830861208135094
599.0,0.047104306054937845
600.0,0.04753463486549531
601.0,0.04795740942806988
602.0,0.04814325749620543
603.0,0.04794172204899515
604.0,0.047419857695022466
605.0,0.046812276180866155
606.0,0.046308587254813724
607.0,0.04595011754095196
608.0,0.04571795796921191
609.0,0.04563382271723669
610.0,0.04581567523566818
611.0,0.046388531399222
612.0,0.047346077688267124
613.0,0.048504327474744674
614.0,0.04957939612848798
615.0,0.05033675950610274
616.0,0.050699236121451455
617.0,0.05076264644218709
618.0,0.05069624468092421
619.0,0.050649692653514156
620.0,0.0506842452080197
621.0,0.05074397606530859
622.0,0.0506987676695993
623.0,0.050376602910127535
624.0,0.04965374242203702
625.0,0.048626586695259155
626.0,0.047585880612011605
627.0,0.04672044293040736
628.0,0.04599210476173972
629.0,0.045407156593713305
630.0,0.045118110378480125
631.0,0.04518676156148646
632.0,0.04556081307303432
633.0,0.04632745189163601
634.0,0.04764570966349993
635.0,0.049400039524074874
636.0,0.05134355436924391
637.0,0.053543290179723604
638.0,0.056490051791057816
639.0,0.060852505996692355
640.0,0.0670516751862338
641.0,0.07500407981664477
642.0,0.08425093098591982
643.0,0.09435438640123436
644.0,0.10509780969870705
645.0,0.11645580077587508
646.0,0.12823289314545627
647.0,0.1398391924777093
648.0,0.1507625438570294
649.0,0.1609685790660832
650.0,0.17058200425023348
651.0,0.1794920323640821
652.0,0.187363489068617
653.0,0.19392459777209425
654.0,0.19951971727218476
655.0,0.20496351139183247
656.0,0.21045184785692708
657.0,0.2155218985051263
658.0,0.22053673172686036
659.0,0.2267031406952581
660.0,0.23435029529224416
661.0,0.2429074251954892
662.0,0.25256344867993347
663.0,0.26454753930248076
664.0,0.28007464257798714
665.0,0.2995277906856294
666.0,0.3223666745953907
667.0,0.3477887219858498
668.0,0.3756096147250271
669.0,0.405935337239973
670.0,0.438370185032255
671.0,0.4723471489636959
672.0,0.5077218307106547
673.0,0.5443773960190581
674.0,0.5817863879866816
675.0,0.6196534316264013
676.0,0.6583665802957802
677.0,0.6984146789431211
678.0,0.7394657889886421
679.0,0.7792158007421103
680.0,0.8141160251016019
681.0,0.8424503136204496
682.0,0.8648406664368472
683.0,0.8803847497044311
684.0,0.8847578801938953
685.0,0.8717753186116223
686.0,0.8384084562425631
687.0,0.7903837010087186
688.0,0.7372202514554734
689.0,0.6800988756983634
690.0,0.6142539873289418
691.0,0.5424499060239099
692.0,0.4740738297029232
693.0,0.41432237774225145
694.0,0.36226544129013283
695.0,0.3158576933149831
696.0,0.2739651113056064
697.0,0.2364295173684433
698.0,0.20336748097295773
699.0,0.17426322196503213
700.0,0.14867060401021504
701.0,0.12694201078734482
702.0,0.10927738848185806
703.0,0.09491191239403501
704.0,0.08287343820731047
705.0,0.0727733121683628
706.0,0.06447440712683558
707.0,0.057664844304223445
708.0,0.05185741317442413
709.0,0.04655480935279181
710.0,0.041494469850964
711.0,0.036719665579385
712.0,0.032403847046440434
713.0,0.028690644700530774
714.0,0.02572251757622139
715.0,0.02351786923585643
716.0,0.021803319450539704
717.0,0.020165751489506792
718.0,0.01837344326038204
719.0,0.01647039453775799
720.0,0.01460771883497522
721.0,0.012930808306686775
722.0,0.011536071252840258
723.0,0.010423398101027936
724.0,0.009508502234855429
725.0,0.008629746905082156
726.0,0.007600516808959845
727.0,0.006390472916306358
728.0,0.005217797495124035
729.0,0.004510519348536454
730.0,0.0046817431287716205
731.0,0.005731980388908278
732.0,0.007148966328599932
733.0,0.008231153059527818
734.0,0.008545130087620617
735.0,0.008128191839399418
736.0,0.007382380144016626
737.0,0.0067599805616286035
738.0,0.006471678354521004
739.0,0.006498370782419202
740.0,0.006730983891015868
741.0,0.007144953966361403
742.0,0.007811829132951129
743.0,0.008735004282155845
744.0,0.009755025901542647
745.0,0.010578575826645675
746.0,0.010953028962697231
747.0,0.01083072513420169
748.0,0.010420389758678122
749.0,0.010070944538075208
750.0,0.010066851196192467
751.0,0.010484332220515452
752.0,0.011220191763781404
753.0,0.012149445418261087
754.0,0.01321049424819326
755.0,0.014419295504163404
756.0,0.015772021713486406
757.0,0.0171807348943067
758.0,0.018614753307151538
759.0,0.02015179580797452
760.0,0.021735816529544094
761.0,0.023069958609879343
762.0,0.023797683060414368
763.0,0.023763662383586293
764.0,0.023182152253179628
765.0,0.02252449748019579
766.0,0.022209208336918
767.0,0.022348641770497557
768.0,0.02276553194753464
769.0,0.023179622420211987
770.0,0.02343125188330719
771.0,0.02352918576194528
772.0,0.023493782707879024
773.0,0.023277795403048654
774.0,0.022782815678934254
775.0,0.021961791890920873
776.0,0.020908967075838975
777.0,0.019744856601994376
778.0,0.018455358120897478
779.0,0.01699254478964568
780.0,0.015431914121791263
781.0,0.013924905559153197
782.0,0.01258231664255538
783.0,0.011435766306008122
784.0,0.010454876832602267
785.0,0.009575726887703487
786.0,0.008746869412840988
787.0,0.007944677539036146
788.0,0.007178857290169621
789.0,0.006501885086820036
790.0,0.005980581199141119
791.0,0.005650237253640458
792.0,0.005474984841014968
793.0,0.005334970573519754
794.0,0.005089978599523537
795.0,0.0046666299653099486
796.0,0.004117061589697962
797.0,0.0036030240839408367
798.0,0.0032993146251528854
799.0,0.003297803888730494
800.0,0.003535542517036888
801.0,0.003816970521325125
802.0,0.003936198484870118
803.0,0.003801336198145322
804.0,0.0034577974358542124
805.0,0.0030053424873846546
806.0,0.002492577845236779
807.0,0.0018651978586676637
808.0,0.0011141584451470343
809.0,0.0004036284481815089
810.0,0.0
811.0,0.00010150996352442654
812.0,0.0006432102645646393
813.0,0.001310958996634748
814.0,0.0018287662102536018
815.0,0.002168237359086611
816.0,0.0024204679078208557
817.0,0.002607792253309732
818.0,0.002590604100928165
819.0,0.0021824145781543236
820.0,0.0014446543185989702
821.0,0.0007237712671231966
822.0,0.000396395716664541
823.0,0.0006086612366184019
824.0,0.0012068864744639723
825.0,0.0018939835509543534
826.0,0.002497971713131958
827.0,0.0030230638710435354
828.0,0.0034902829752379155
829.0,0.0038482622645893416
830.0,0.003971375107169911
831.0,0.003790729193006964
832.0,0.0034089599839459417
833.0,0.003006490580629226
834.0,0.0026803461001022877
835.0,0.002437473504022361
836.0,0.0022719470152056387
837.0,0.002265257864677128
838.0,0.002596749899905104
839.0,0.003350496837242367
840.0,0.004386021364610332
841.0,0.005395952206628252
842.0,0.006088292610691909
843.0,0.006349000929674303
844.0,0.006280183241396592
845.0,0.006076454747210663
846.0,0.005876476248816445
847.0,0.005728934381432779
848.0,0.005639876836914096
849.0,0.005684091892181414
850.0,0.005997499459738612
851.0,0.0066637345083054855
852.0,0.007630567723442949
853.0,0.008715140080792882
854.0,0.009726545693251334
855.0,0.010603202614103163
856.0,0.011383933344276648
857.0,0.012073542215317465
858.0,0.012629432484927844
859.0,0.013015283735931554
860.0,0.013247948572018275
861.0,0.013400475529223133
862.0,0.013481727626920112
863.0,0.013377943277316715
864.0,0.013098942368410152
865.0,0.012927979227261494
866.0,0.013216742898033373
867.0,0.014117582838601511
868.0,0.015472974606616924
869.0,0.016927764629473138
870.0,0.018177528534800813
871.0,0.019158392696170423
872.0,0.01999301104716185
873.0,0.020846387030595312
874.0,0.021821514040104253
875.0,0.022920138512710575
876.0,0.024117105205942707
877.0,0.02541546155043739
878.0,0.026847206875195845
879.0,0.02842617759003667
880.0,0.030083200973748087
881.0,0.03179329790321571
882.0,0.0337535287970515
883.0,0.03611475450889612
884.0,0.038630523334675704
885.0,0.0406580744743551
886.0,0.04146759310913868
887.0,0.040872332833893535
888.0,0.03951008645060958
889.0,0.038367618857206826
890.0,0.03805922535425932
891.0,0.03861380134583359
892.0,0.039678837332446995
893.0,0.04083030261152998
894.0,0.04188242601539684
895.0,0.04285045449883873
896.0,0.043812468205019106
897.0,0.04485523261555818
898.0,0.04601623982924381
899.0,0.04727324882365484
900.0,0.04859701946323404
901.0,0.05004877826677659
902.0,0.05173298275039623
903.0,0.05362604930801618
904.0,0.05554050400706166
905.0,0.057242037063130025
906.0,0.05858828765170854
907.0,0.05958400714965195
908.0,0.060364320809350044
909.0,0.06110440960018225
910.0,0.061900969863453906
911.0,0.06271776764442563
912.0,0.06344998773785397
913.0,0.06404123127719327
914.0,0.06447539610281529
915.0,0.0647180695467404
916.0,0.06469744241470046
917.0,0.06432099220593132
918.0,0.06354177786339263
919.0,0.06238427835382507
920.0,0.06085606858345863
921.0,0.05889783764487437
922.0,0.05648785423392941
923.0,0.053706887069921105
924.0,0.050683590879746984
925.0,0.04752148341885193
926.0,0.04427365407133094
927.0,0.040988070937808374
928.0,0.037818762009949256
929.0,0.03498252337521038
930.0,0.03258319876548124
931.0,0.03055058567104825
932.0,0.028736294087922457
933.0,0.02701870669934195
934.0,0.02534815610906821
935.0,0.02375020157448969
936.0,0.022275194573531554
937.0,0.02096575211808452
938.0,0.019848515553510554
939.0,0.018887169128851716
940.0,0.01796675118056086
941.0,0.01695593299770616
942.0,0.015789776324212884
943.0,0.014565411640173914
944.0,0.01352660294276091
945.0,0.012918030433274857
946.0,0.012827508186932207
947.0,0.013110162849259768
948.0,0.013482685155490476
949.0,0.013729476735343582
950.0,0.013832698685411343
951.0,0.013869590180495855
952.0,0.013883961466470168
953.0,0.013868223513512898
954.0,0.013797000455463726
955.0,0.013706768541685455
956.0,0.013685485999259159
957.0,0.013767883934047556
958.0,0.013929338230418656
959.0,0.01418041220156041
960.0,0.014571086167718517
961.0,0.015120316567218267
962.0,0.015810330554771587
963.0,0.01662785184415559
964.0,0.017616504632421454
965.0,0.01889511323916021
966.0,0.02049926424066925
967.0,0.022250010189861683
968.0,0.023911818342580216
969.0,0.025410479972378525
970.0,0.02681190430661895
971.0,0.028184721994508277
972.0,0.029500229642530587
973.0,0.03063747137848398
974.0,0.03159544265062936
975.0,0.03260427860195303
976.0,0.03399020589755289
977.0,0.03594222257371647
978.0,0.03833706764259774
979.0,0.04077085836161608
980.0,0.04273652083902826
981.0,0.0439792532507355
982.0,0.04479194360828882
983.0,0.04587887641519531
984.0,0.04790669680658822
985.0,0.05105104942522825
986.0,0.05490330295856513
987.0,0.05876606751835105
988.0,0.06211486780905125
989.0,0.06489700584225677
990.0,0.06744295093618922
991.0,0.07021680863719656
992.0,0.07353220731841305
993.0,0.07738722169644853
994.0,0.08153850554165387
995.0,0.08569243178327542
996.0,0.08970733843611217
997.0,0.09359848662765231
998.0,0.09744171577884723
999.0,0.10145336086967406
1000.0,0.10592655586679556
1001.0,0.1108084861967422
1002.0,0.11555888454863243
1003.0,0.11953779678046311
1004.0,0.12244974105869605
1005.0,0.12443847207169789
1006.0,0.12592659871669917
1007.0,0.1273837604258743
1008.0,0.12902798185112493
1009.0,0.13071050094267045
1010.0,0.13198802613136432
1011.0,0.13228975476792532
1012.0,0.1313490671175238
1013.0,0.129552522720764
1014.0,0.1276200483860341
1015.0,0.12590450157032862
1016.0,0.12436526858606181
1017.0,0.12307421994783369
1018.0,0.12214573419366784
1019.0,0.12143158343006394
1020.0,0.1208316211489886
1021.0,0.1206785347516354
1022.0,0.12142723109178166
1023.0,0.12320210520527322
1024.0,0.1259482387600133
1025.0,0.12973183001317629
1026.0,0.13466654311257686
1027.0,0.14078494530732358
1028.0,0.1480013395388268
1029.0,0.15624417758238807
1030.0,0.1659006630616187
1031.0,0.17764618532813475
1032.0,0.19133285437668157
1033.0,0.20571874445001923
1034.0,0.21947268865433653
1035.0,0.23210011254717383
1036.0,0.24399122984609883
1037.0,0.2559504671168008
1038.0,0.2685469320651457
1039.0,0.28186895223781516
1040.0,0.2959365474749326
1041.0,0.31054675922291397
1042.0,0.32479429112830016
1043.0,0.3380763524976619
1044.0,0.351390274943565
1045.0,0.3664581979742576
1046.0,0.38394793312867603
1047.0,0.4035824135492191
1048.0,0.42525864933536495
1049.0,0.44924862011604727
1050.0,0.4759276785058876
1051.0,0.5052248052964231
1052.0,0.536493648354058
1053.0,0.5698340497435218
1054.0,0.6065353877923764
1055.0,0.6464378275279451
1056.0,0.6870387785003347
1057.0,0.7273638939879015
1058.0,0.7692650779196881
1059.0,0.8125142840541278
1060.0,0.853317124596234
1061.0,0.8893262643953735
1062.0,0.9214000275212398
1063.0,0.9496339708892775
1064.0,0.9721681866301654
1065.0,0.9879323885625372
1066.0,0.9973512391245178
1067.0,1.000777283853042
1068.0,0.9974229655208369
1069.0,0.9852854998027658
1070.0,0.9634453880203455
1071.0,0.9344673976764768
1072.0,0.9011439962353246
1073.0,0.8618564289743167
1074.0,0.8147185671817929
1075.0,0.7634077105487554
1076.0,0.7134311617128859
1077.0,0.6662227823596428
1078.0,0.6206767549036413
1079.0,0.5767228611655087
1080.0,0.5344734889295462
1081.0,0.4932278143082034
1082.0,0.4528393383667235
1083.0,0.4145647185422271
1084.0,0.3801635662294265
1085.0,0.35056832288335815
1086.0,0.3251125184468626
1087.0,0.3020601997454305
1088.0,0.28022901845654585
1089.0,0.25970816837831545
1090.0,0.24078126447178347
1091.0,0.22336055579317243
1092.0,0.2074464666028194
1093.0,0.19314586991229238
1094.0,0.18030910391385888
1095.0,0.1687228837616569
1096.0,0.15862278759802792
1097.0,0.15025123233395754
1098.0,0.14307315165111123
1099.0,0.1361076422157823
1100.0,0.1287872285123181
1101.0,0.1212470851997036
1102.0,0.11403169145087198
1103.0,0.10776964868091964
1104.0,0.10284281830396204
1105.0,0.09908527382098319
1106.0,0.09587364849069836
1107.0,0.0926514839217206
1108.0,0.0893497090715339
1109.0,0.08612636401771732
1110.0,0.08299808441767735
1111.0,0.07982645899956071
1112.0,0.07647792058668929
1113.0,0.07311396399974548
1114.0,0.07022646874278024
1115.0,0.06839109193018442
1116.0,0.06778257076671307
1117.0,0.06773635978668985
1118.0,0.06708195600236744
1119.0,0.06498107766938648
1120.0,0.061521804542248745
1121.0,0.05760913256775662
1122.0,0.05429361304770684
1123.0,0.05204280220443763
1124.0,0.05063341946030698
1125.0,0.04967931545576661
1126.0,0.048943517485298134
1127.0,0.04839007120763214
1128.0,0.048014610764748805
1129.0,0.04762970205503541
1130.0,0.047027142298432856
1131.0,0.04619338973358267
1132.0,0.045173973355780744
1133.0,0.043889561735604786
1134.0,0.04221384156525745
1135.0,0.040132842401764054
1136.0,0.037951057849226116
1137.0,0.0362180289166307
1138.0,0.035303182742246086
1139.0,0.03510835507464244
1140.0,0.03517726939304329
1141.0,0.035033863962428
1142.0,0.03446023450564294
1143.0,0.033548022026002794
1144.0,0.03243274702504534
1145.0,0.031144141603060213
1146.0,0.02970840451120077
1147.0,0.028224298746578266
1148.0,0.02688036114070108
1149.0,0.025848043060299822
1150.0,0.02514611356793227
1151.0,0.024677466486259098
1152.0,0.024383021483257286
1153.0,0.024254740653387064
1154.0,0.024263125896278825
1155.0,0.0243043658632619
1156.0,0.02420414845891518
1157.0,0.02386036282192329
1158.0,0.023347957632950528
1159.0,0.02283810311742311
1160.0,0.022450817728941114
1161.0,0.02221999785941274
1162.0,0.022139087340676322
1163.0,0.022290883138873438
1164.0,0.022856771824981498
1165.0,0.02386697043338977
1166.0,0.025072963115157762
1167.0,0.02606463784604142
1168.0,0.026531960479804703
1169.0,0.02648425565864876
1170.0,0.026229325307296714
1171.0,0.026118198884444527
1172.0,0.026310762446757452
1173.0,0.026760728520193677
1174.0,0.027314397633488557
1175.0,0.027863410336354033
1176.0,0.02839670636868534
1177.0,0.028924340552423794
1178.0,0.029425681148704558
1179.0,0.029837630799514528
1180.0,0.030124893546296452
1181.0,0.030351723828382998
1182.0,0.030655017289601405
1183.0,0.03115761567019741
1184.0,0.03187038439140932
1185.0,0.03267417833757319
1186.0,0.033427185574117446
1187.0,0.03408349033648932
1188.0,0.03467723312354856
1189.0,0.03524626264872158
1190.0,0.035771204317666755
1191.0,0.036180092067057135
1192.0,0.03646627117370539
1193.0,0.03674473451237534
1194.0,0.03718371145036904
1195.0,0.03787534448775712
1196.0,0.03872469798634605
1197.0,0.03950947884481101
1198.0,0.040084477572489646
1199.0,0.04046589967967285
1200.0,0.040715251993112184
1201.0,0.04086150682698067
1202.0,0.04090816141469261
1203.0,0.0408544349530802
1204.0,0.04072533858191543
1205.0,0.04052430400375144
1206.0,0.040164121985520045
1207.0,0.03965674996636866
1208.0,0.039306050477120186
1209.0,0.03951521685122455
1210.0,0.04047196569470921
1211.0,0.04190633091761035
1212.0,0.0431714082178281
1213.0,0.043703617036933526
1214.0,0.043433852318816774
1215.0,0.04280451824042009
1216.0,0.04242435842158619
1217.0,0.04267912887386365
1218.0,0.04350411920582685
1219.0,0.044502992989010115
1220.0,0.04527258416034621
1221.0,0.04561679925235627
1222.0,0.04564941680312667
1223.0,0.04572751103489195
1224.0,0.046189006112467776
1225.0,0.04710302842342496
1226.0,0.04821139946825451
1227.0,0.04910965084922668
1228.0,0.04952408073053108
1229.0,0.04946873298577773
1230.0,0.04916443204956007
1231.0,0.04878072183633291
1232.0,0.048351596623369124
1233.0,0.04787110298495638
1234.0,0.047342295455935865
1235.0,0.04679139348283913
1236.0,0.04625748922287624
1237.0,0.045768412930326685
1238.0,0.045322811603144525
1239.0,0.044893995656893435
1240.0,0.044465009011889926
1241.0,0.04405244511346791
1242.0,0.04366443974496831
1243.0,0.043273196960882776
1244.0,0.042870065180493744
1245.0,0.04250291908936448
1246.0,0.04225032592448762
1247.0,0.04216554819219405
1248.0,0.04222187386765466
1249.0,0.04233641266221998
1250.0,0.04248101342102892
1251.0,0.04268576320798527
1252.0,0.042898819367900846
1253.0,0.04296486712212748
1254.0,0.04273219575327252
1255.0,0.0421910338443188
1256.0,0.04154015896187737
1257.0,0.041058840943393675
1258.0,0.040899136376714385
1259.0,0.040998189951396466
1260.0,0.041164735544964415
1261.0,0.04121883045010347
1262.0,0.04110136712721263
1263.0,0.04087953849667955
1264.0,0.0406564991814128
1265.0,0.040509838369126534
1266.0,0.040462584374083246
1267.0,0.040493188796490096
1268.0,0.04057222778204576
1269.0,0.0406626870968018
1270.0,0.04073190666044867
1271.0,0.04080617427399433
1272.0,0.04097372439338293
1273.0,0.041308563171319417
1274.0,0.04180308520404186
1275.0,0.04236414650226785
1276.0,0.04286849707477822
1277.0,0.04322824223541033
1278.0,0.043447350506443515
1279.0,0.043631570233476996
1280.0,0.04390770927031885
1281.0,0.04432546106388092
1282.0,0.044744728868060114
1283.0,0.0447858555143236
1284.0,0.044146062718430336
1285.0,0.04297244032277195
1286.0,0.04188249278973405
1287.0,0.04164741792625376
1288.0,0.04259103478748183
1289.0,0.044261056959456126
1290.0,0.04574242793454922
1291.0,0.04631364355309787
1292.0,0.04588790222487745
1293.0,0.04497710301269517
1294.0,0.04429999486567161
1295.0,0.04426757124540127
1296.0,0.04479621767661507
1297.0,0.04546415727628813
1298.0,0.04578698843937888
1299.0,0.04554634039337636
1300.0,0.04493602915932541
1301.0,0.04441579927130843
1302.0,0.04439603587836171
1303.0,0.044956041645155466
1304.0,0.0458292074027181
1305.0,0.04662635006721573
1306.0,0.04712751081868673
1307.0,0.04737175127670322
1308.0,0.04744384371263399
1309.0,0.047365598401187925
1310.0,0.047152573262291615
1311.0,0.04685448449914993
1312.0,0.046568871937582454
1313.0,0.04638078174042659
1314.0,0.0462887456151117
1315.0,0.04631384463255129
1316.0,0.04663730348033979
1317.0,0.047424938795506265
1318.0,0.04860659524864289
1319.0,0.04982579297239236
1320.0,0.050606443372944884
1321.0,0.050724812811126396
1322.0,0.050404838482566994
1323.0,0.050112270571596874
1324.0,0.050187810464919685
1325.0,0.050684016129341015
1326.0,0.05141806627945124
1327.0,0.05221793475356265
1328.0,0.05307591719841166
1329.0,0.05396243586570122
1330.0,0.054717508560033164
1331.0,0.055137255115138825
1332.0,0.0551266509464454
1333.0,0.05482419778080916
1334.0,0.054511409632120804
1335.0,0.054370845862312424
1336.0,0.05438955921187734
1337.0,0.054481048513737446
1338.0,0.05455120801189989
1339.0,0.05448628166680523
1340.0,0.0543110769875044
1341.0,0.054322130410485815
1342.0,0.05490612998147542
1343.0,0.05625603742736039
1344.0,0.05810542702867775
1345.0,0.05976788263797789
1346.0,0.060651074898547326
1347.0,0.06072028225974358
1348.0,0.06042873295432806
1349.0,0.060297269395905156
1350.0,0.06060357784275547
1351.0,0.061253064390694396
1352.0,0.06189083414288289
1353.0,0.06218565648546515
1354.0,0.06202154248276026
1355.0,0.06155381791945321
1356.0,0.06110503750502995
1357.0,0.06094994724232346
1358.0,0.06117303213511598
1359.0,0.061668607720119964
1360.0,0.06230412462577819
1361.0,0.06300985342880791
1362.0,0.063711142977781
1363.0,0.06430152385614908
1364.0,0.06465396498784214
1365.0,0.0647224680996466
1366.0,0.06463492935848306
1367.0,0.06464340009111669
1368.0,0.06498625292127405
1369.0,0.06567317326203229
1370.0,0.06640664234239428
1371.0,0.06677315632358011
1372.0,0.06652836393625738
1373.0,0.06581667360333898
1374.0,0.06511449687360817
1375.0,0.06488533450348405
1376.0,0.06524998182394193
1377.0,0.06598893339569585
1378.0,0.0667757554758026
1379.0,0.0673718464966718
1380.0,0.06776190085557837
1381.0,0.06814163408788022
1382.0,0.06875679886348841
1383.0,0.06973725285081692
1384.0,0.07097148546587007
1385.0,0.07208350026199711
1386.0,0.07266601482833257
1387.0,0.07260757145071471
1388.0,0.07215517526210075
1389.0,0.07164906651522127
1390.0,0.0713116804319439
1391.0,0.07123779180150398
1392.0,0.07146384782280009
1393.0,0.07209168289371938
1394.0,0.07315055789034544
1395.0,0.07439538632694623
1396.0,0.07550288678839387
1397.0,0.0763892489772077
1398.0,0.07715581359006532
1399.0,0.0778499523473605
1400.0,0.07838606925774454
1401.0,0.0785985230799476
1402.0,0.07843865490445012
1403.0,0.07808320532382133
1404.0,0.07776292148652625
1405.0,0.07757276028756677
1406.0,0.07753220226034294
1407.0,0.07766359722777184
1408.0,0.07792301878587574
1409.0,0.07822684301775802
1410.0,0.07862700770524969
1411.0,0.07931772158540892
1412.0,0.0804260886774531
1413.0,0.08182712453459622
1414.0,0.08309908870304934
1415.0,0.08379307281496151
1416.0,0.08381155352254215
1417.0,0.083485452053848
1418.0,0.08329946550121356
1419.0,0.08356565822571418
1420.0,0.08428201514733655
1421.0,0.08516801479467903
1422.0,0.08587740207816699
1423.0,0.0862295740747697
1424.0,0.08629783785309623
1425.0,0.0863484660684955
1426.0,0.08665035252790844
1427.0,0.08725719017026624
1428.0,0.0879430172107594
1429.0,0.08832270212095364
1430.0,0.0881075600219648
1431.0,0.08742027296237001
1432.0,0.08679035743263956
1433.0,0.08671153881418033
1434.0,0.0872601269870675
1435.0,0.08818525359438885
1436.0,0.08918443373598926
1437.0,0.09008262584257827
1438.0,0.0908967855487428
1439.0,0.09169619365185673
1440.0,0.09248848226461061
1441.0,0.09325053659898891
1442.0,0.0939113406496593
1443.0,0.09428926211388784
1444.0,0.0942374406540302
1445.0,0.09386104831037292
1446.0,0.0935094581795731
1447.0,0.0935778473071795
1448.0,0.0942130840504957
1449.0,0.09517792512805127
1450.0,0.0959891247910164
1451.0,0.09622357587252892
1452.0,0.0958490098244933
1453.0,0.09528305913003493
1454.0,0.09511204721912694
1455.0,0.09568784180051804
1456.0,0.09688359025464088
1457.0,0.09819993354965185
1458.0,0.0991628333468901
1459.0,0.0996653499326384
1460.0,0.0998478525332627
1461.0,0.09984714463447857
1462.0,0.0997230248292216
1463.0,0.09948897807970197
1464.0,0.0993017780070056
1465.0,0.09944551690423666
1466.0,0.10005282883604835
1467.0,0.10095830203508965
1468.0,0.10179437140195749
1469.0,0.10224291742199576
1470.0,0.10224262968754907
1471.0,0.10202645689057359
1472.0,0.1019582044720449
1473.0,0.1022618662895422
1474.0,0.10286118422416322
1475.0,0.1034296765311265
1476.0,0.10361396294119979
1477.0,0.10331263493684184
1478.0,0.10277654761465847
1479.0,0.10241970133033745
1480.0,0.10250890145840728
1481.0,0.10298877666393791
1482.0,0.10354916174611142
1483.0,0.10387297195445368
1484.0,0.10387691649311094
1485.0,0.10371040229239073
1486.0,0.10359044917446891
1487.0,0.10363636264730831
1488.0,0.10381338348159998
1489.0,0.10411731142765379
1490.0,0.10465758934894738
1491.0,0.10547535111849361
1492.0,0.10640989264397074
1493.0,0.10709238699937795
1494.0,0.10719764207023608
1495.0,0.10679896897877773
1496.0,0.10635231412667523
1497.0,0.10632409233983603
1498.0,0.10685712669116092
1499.0,0.10772103042431994
1500.0,0.1085715497084862
1501.0,0.10932225788895296
1502.0,0.11009294872454985
1503.0,0.11088096751552529
1504.0,0.11154841049020547
1505.0,0.11199036479319371
1506.0,0.11217100220714166
1507.0,0.11208414257355429
1508.0,0.11174441102982201
1509.0,0.11118796407737494
1510.0,0.11059176976063338
1511.0,0.1102801567598261
1512.0,0.11044370689363671
1513.0,0.11096245430365811
1514.0,0.11156833051134354
1515.0,0.1120864489233553
1516.0,0.11249478181223416
1517.0,0.11286523509861389
1518.0,0.11321066908984592
1519.0,0.11343584392250508
1520.0,0.11347761387795693
1521.0,0.11340187940888494
1522.0,0.11338598887299778
1523.0,0.11359549209188577
1524.0,0.11404909418727273
1525.0,0.11459612949377383
1526.0,0.11502011985892119
1527.0,0.11519816280539927
1528.0,0.1151889238484391
1529.0,0.11519482072774118
1530.0,0.11542650458403764
1531.0,0.1159257264650363
1532.0,0.11650315852974175
1533.0,0.1168845296378388
1534.0,0.11693158573840343
1535.0,0.11686722233632474
1536.0,0.11723014024667054
1537.0,0.11834035840603586
1538.0,0.11991261987501109
1539.0,0.12127077931472582
1540.0,0.12185576340341409
1541.0,0.12159217948922466
1542.0,0.1209100457405067
1543.0,0.12040840928648187
1544.0,0.12042591758090217
1545.0,0.12091024796512431
1546.0,0.12154004437358823
1547.0,0.12200026262080019
1548.0,0.1221904158432281
1549.0,0.12216369940009633
1550.0,0.12200749564999191
1551.0,0.12173491710890849
1552.0,0.12137587287039064
1553.0,0.12119958298223472
1554.0,0.12152953706901576
1555.0,0.12237886609958695
1556.0,0.12343354636420181
1557.0,0.12432545914303676
1558.0,0.12488736232538492
1559.0,0.1252325343609182
1560.0,0.12554249709792878
1561.0,0.12579759156839718
1562.0,0.12592743082370644
1563.0,0.12604043526443387
1564.0,0.12638034234593715
1565.0,0.12714779793671815
1566.0,0.12826227596483275
1567.0,0.1293387805454604
1568.0,0.12996313856682426
1569.0,0.1299949943272138
1570.0,0.12965306304292626
1571.0,0.12934049381335067
1572.0,0.12934318654038277
1573.0,0.12964697554632854
1574.0,0.13005877251431366
1575.0,0.13039502938588302
1576.0,0.13057136315438328
1577.0,0.1306328855469533
1578.0,0.1306852279549781
1579.0,0.13083766473299716
1580.0,0.1312004058826647
1581.0,0.1318153925211975
1582.0,0.1326012450112963
1583.0,0.13339579900369636
1584.0,0.13405435958557
1585.0,0.13458742337374907
1586.0,0.1351999127454597
1587.0,0.1360007807789584
1588.0,0.13674517996990201
1589.0,0.13704380139709563
1590.0,0.1367164689885928
1591.0,0.1359724883599779
1592.0,0.1352922093376783
1593.0,0.13502450347590972
1594.0,0.13514306021281072
1595.0,0.13560379183923155
1596.0,0.13657995371049794
1597.0,0.13808994995545626
1598.0,0.13958736080131315
1599.0,0.14121650323191212
