0.0,0.0
1.0,0.0
2.0,0.0
3.0,0.0
4.0,0.0
5.0,0.0
6.0,0.0
7.0,0.0
8.0,0.0
9.0,0.0
10.0,0.0
11.0,0.0
12.0,0.0
13.0,0.0
14.0,0.0
15.0,0.0
16.0,0.0
17.0,0.0
18.0,0.0
19.0,0.0
20.0,0.0
21.0,0.0
22.0,0.0
23.0,0.0
24.0,0.0
25.0,0.0
26.0,0.0
27.0,0.0
28.0,0.0
29.0,0.0
30.0,0.0
31.0,0.0
32.0,0.0
33.0,0.0
34.0,0.0
35.0,0.0
36.0,0.0
37.0,0.0
38.0,0.0
39.0,0.0
40.0,0.0
41.0,0.0
42.0,0.0
43.0,0.0
44.0,0.0
45.0,0.0
46.0,0.0
47.0,0.0
48.0,0.0
49.0,0.0
50.0,0.0
51.0,0.0
52.0,0.0
53.0,0.0
54.0,0.0
55.0,0.0
56.0,0.0
57.0,0.0
58.0,0.0
59.0,0.0
60.0,0.0
61.0,0.0
62.0,0.0
63.0,0.0
64.0,0.0
65.0,0.0
66.0,0.0
67.0,0.0
68.0,0.0
69.0,0.0
70.0,0.0
71.0,0.0
72.0,0.0
73.0,0.0
74.0,0.0
75.0,0.0
76.0,0.0
77.0,0.0
78.0,0.0
79.0,0.0
80.0,0.0
81.0,0.0
82.0,0.0
83.0,0.0
84.0,0.0
85.0,0.0
86.0,0.0
87.0,0.0
88.0,0.0
89.0,0.0
90.0,0.0
91.0,0.0
92.0,0.0
93.0,0.0
94.0,0.0
95.0,0.0
96.0,0.0
97.0,0.0
98.0,0.0
99.0,0.0
100.0,0.0
101.0,0.0
102.0,0.0
103.0,0.0
104.0,0.0
105.0,0.0
106.0,0.0
107.0,0.0
108.0,0.0
109.0,0.0
110.0,0.0
111.0,0.0
112.0,0.0
113.0,0.0
114.0,0.0
115.0,0.0
116.0,0.0
117.0,0.0
118.0,0.0
119.0,0.0
120.0,0.0
121.0,0.0
122.0,0.0
123.0,0.0
124.0,0.0
125.0,0.0
126.0,0.0
127.0,0.0
128.0,0.0
129.0,0.0
130.0,0.0
131.0,0.0
132.0,0.0
133.0,0.0
134.0,0.0
135.0,0.0
136.0,0.0
137.0,0.0
138.0,0.0
139.0,0.0
140.0,0.0
141.0,0.0
142.0,0.0
143.0,0.0
144.0,0.0
145.0,0.0
146.0,0.0
147.0,0.0
148.0,0.0
149.0,0.0
150.0,0.0
151.0,0.0
152.0,0.0
153.0,0.0
154.0,0.0
155.0,0.0
156.0,0.0
157.0,0.0
158.0,0.0
159.0,0.0
160.0,0.0
161.0,0.0
162.0,0.0
163.0,0.0
164.0,0.0
165.0,0.0
166.0,0.0
167.0,0.05064506969982059
168.0,0.05190437684137464
169.0,0.05240965624185656
170.0,0.05204886837376446
171.0,0.0512143261471662
172.0,0.05018618906102905
173.0,0.049252467506770384
174.0,0.04866594848074973
175.0,0.04857223687562029
176.0,0.048948612498010316
177.0,0.04957582158910352
178.0,0.05020702070196479
179.0,0.050803475582808996
180.0,0.05147211312698957
181.0,0.052182580029911524
182.0,0.05270724268637705
183.0,0.05276904717625353
184.0,0.05226194405672836
185.0,0.05136171693239086
186.0,0.05044231660650071
187.0,0.049858020933063504
188.0,0.04976585731011127
189.0,0.050094217162366964
190.0,0.05058311947445056
191.0,0.050927008349372326
192.0,0.050818123627219984
193.0,0.050029050559572866
194.0,0.04869808820904169
195.0,0.04733312019186099
196.0,0.046421380564550994
197.0,0.046088119080797824
198.0,0.046151012226547716
199.0,0.04636048854301584
200.0,0.046617032452030284
201.0,0.04700030748564955
202.0,0.04752460319067414
203.0,0.04802160458780264
204.0,0.04825257534365627
205.0,0.0480284359162988
206.0,0.047239495323844714
207.0,0.045962012906011804
208.0,0.044525463289298094
209.0,0.04335314822280147
210.0,0.042729003127081035
211.0,0.04263784386609509
212.0,0.042814703640879186
213.0,0.04294367604150956
214.0,0.04287175800048862
215.0,0.04263082855034097
216.0,0.042313182897639696
217.0,0.04201763851262234
218.0,0.0418116749456441
219.0,0.04171132708410389
220.0,0.041695844925401536
221.0,0.04173420441100842
222.0,0.04181846137033281
223.0,0.04198570822795283
224.0,0.042280183514981765
225.0,0.04264577468459056
226.0,0.04288695061458507
227.0,0.04270717072990381
228.0,0.04191444352093125
229.0,0.040676614844904
230.0,0.039501546965805996
231.0,0.03897486738248794
232.0,0.039384530780637986
233.0,0.04053762166204797
234.0,0.04189088374849436
235.0,0.042902118643178305
236.0,0.043297493786651146
237.0,0.0430680166691718
238.0,0.04245675103283575
239.0,0.04184537717406299
240.0,0.04158148955676278
241.0,0.04185536011522217
242.0,0.04260285330063794
243.0,0.04356992714171701
244.0,0.044487661418371446
245.0,0.04524178350076053
246.0,0.0458509050871662
247.0,0.04639747812400357
248.0,0.04721991106777536
249.0,0.04882559331663451
250.0,0.05129554891724212
251.0,0.054051029011164736
252.0,0.05629783716522675
253.0,0.05752783760428812
254.0,0.05755136791904038
255.0,0.05647570808971608
256.0,0.05472683385073318
257.0,0.05275529413010474
258.0,0.05063827444498356
259.0,0.04820528399560753
260.0,0.045604938281115316
261.0,0.043294647178369096
262.0,0.04155565315365039
263.0,0.04034506327188049
264.0,0.03949477641755197
265.0,0.03892242378681564
266.0,0.038744875189968345
267.0,0.03908317348945467
268.0,0.03981308089793635
269.0,0.0406258183198185
270.0,0.04124507458670952
271.0,0.04151673452957202
272.0,0.04141348179381772
273.0,0.04110218462448831
274.0,0.040884265819282596
275.0,0.04102309848421599
276.0,0.04159621266304267
277.0,0.042491165585435045
278.0,0.043526602836138184
279.0,0.044588576127582685
280.0,0.04568970191286409
281.0,0.04686910386036919
282.0,0.048101692019814075
283.0,0.04929501305323811
284.0,0.050360011142198555
285.0,0.05130944914761577
286.0,0.052271922648445504
287.0,0.053412021173305395
288.0,0.054847567102767204
289.0,0.05662785136113281
290.0,0.05869026931385556
291.0,0.060855813218887424
292.0,0.06300088620432276
293.0,0.06522264203831364
294.0,0.06758920012718908
295.0,0.06983618749949126
296.0,0.07147761327370418
297.0,0.07212390330916318
298.0,0.07183332575079221
299.0,0.07111630861689662
300.0,0.07029943724068058
301.0,0.06912493369565711
302.0,0.0674605644560019
303.0,0.06581713710628356
304.0,0.0648490629097014
305.0,0.06485865052428459
306.0,0.0659073601231423
307.0,0.06802619000402094
308.0,0.07133490640012649
309.0,0.07591001299287975
310.0,0.0813061509136382
311.0,0.08708067548370985
312.0,0.09399113689417829
313.0,0.10427290233841766
314.0,0.12101477793164166
315.0,0.1453242117912438
316.0,0.1736623114253778
317.0,0.20201004921347263
318.0,0.23238166748124384
319.0,0.26840361677991886
320.0,0.30700658819202975
321.0,0.3391353850475334
322.0,0.3559636676025537
323.0,0.35309328261392237
324.0,0.33133735749836024
325.0,0.2970134290830998
326.0,0.2587597168850655
327.0,0.2220868714740142
328.0,0.1867932665008252
329.0,0.15182165311451873
330.0,0.11969595195435302
331.0,0.09383587819709129
332.0,0.07545436843059339
333.0,0.06311127294542918
334.0,0.054138084416949686
335.0,0.04692859060750047
336.0,0.04169076094621061
337.0,0.038499837018969495
338.0,0.03646743669371866
339.0,0.034807046865650365
340.0,0.033311659193432486
341.0,0.031986880545219296
342.0,0.03086039442820525
343.0,0.029993976386816265
344.0,0.029463858399645118
345.0,0.029354576936076
346.0,0.02962696441200354
347.0,0.030026891661164637
348.0,0.030241926398716416
349.0,0.030122021024464964
350.0,0.02973367064363415
351.0,0.029255947091512094
352.0,0.028925674474684318
353.0,0.02895001945872977
354.0,0.029347284390685638
355.0,0.02990692115577205
356.0,0.030278144755507726
357.0,0.030174383743956396
358.0,0.029568018043586608
359.0,0.028699182569974578
360.0,0.027879613214147184
361.0,0.027289479099557243
362.0,0.026977530613001198
363.0,0.026929165635839025
364.0,0.027148279676504294
365.0,0.027700891560553553
366.0,0.0286857380248305
367.0,0.030120035091761276
368.0,0.03182888713332324
369.0,0.03349609801842786
370.0,0.034817131495661874
371.0,0.03574181572070497
372.0,0.036585972834156655
373.0,0.03770138136331007
374.0,0.039055873302220157
375.0,0.040518195538591394
376.0,0.042334228366540966
377.0,0.04487465424160601
378.0,0.048220860166498
379.0,0.05236936136694086
380.0,0.05749852660627407
381.0,0.06363994708518361
382.0,0.07044796986174352
383.0,0.07738194580126102
384.0,0.08427735717231319
385.0,0.09240177343294394
386.0,0.10433185108257476
387.0,0.12258931643363198
388.0,0.14790979785286099
389.0,0.17791380972765763
390.0,0.20961561153228772
391.0,0.24516163916874795
392.0,0.2891594551328638
393.0,0.3386806156994473
394.0,0.38270003335257674
395.0,0.41073602606162873
396.0,0.41934601284843076
397.0,0.4121514365767399
398.0,0.39499513623664717
399.0,0.3696075791443949
400.0,0.33457154319467886
401.0,0.29052623040928893
402.0,0.2419891792288566
403.0,0.1957949921338464
404.0,0.15745438512978097
405.0,0.1284248667513164
406.0,0.10665728525996857
407.0,0.08951766927977874
408.0,0.07566375304751306
409.0,0.06554592920494468
410.0,0.059287818243941984
411.0,0.055256167482099036
412.0,0.05186027797071657
413.0,0.04890585104158066
414.0,0.046633237313360575
415.0,0.04493768215374586
416.0,0.04383380924057333
417.0,0.043529518479985325
418.0,0.043953103975035296
419.0,0.04472083310195881
420.0,0.04560207555385269
421.0,0.046640259960135086
422.0,0.04787671287533873
423.0,0.049089636129181845
424.0,0.049720484500053425
425.0,0.04914339175855493
426.0,0.04701837377682075
427.0,0.04363337142141732
428.0,0.03987351896831036
429.0,0.03659917123398874
430.0,0.034028900928551264
431.0,0.03198563485455379
432.0,0.03047265632832489
433.0,0.029518910971004814
434.0,0.02895688312442648
435.0,0.028706112660716473
436.0,0.02901707931572018
437.0,0.03041533467213184
438.0,0.03337933976842728
439.0,0.03785157381535917
440.0,0.043235447013319175
441.0,0.04908076673400562
442.0,0.05542226982678018
443.0,0.06226743168507452
444.0,0.06927939149437186
445.0,0.0759549127457306
446.0,0.08189838460481205
447.0,0.08702116165164529
448.0,0.09129820913713582
449.0,0.09426882974108056
450.0,0.09506649916629692
451.0,0.09284593840699426
452.0,0.08760430811572262
453.0,0.08062285183827161
454.0,0.07343663088311904
455.0,0.06643929849901539
456.0,0.059320586377627
457.0,0.052294299974930944
458.0,0.04599160555991941
459.0,0.040849189058532895
460.0,0.03688025452269728
461.0,0.03377383717885595
462.0,0.03115316051169527
463.0,0.02884075605005302
464.0,0.026803510872838034
465.0,0.025037760654102188
466.0,0.02362082460804285
467.0,0.022688379091421594
468.0,0.022336741038083786
469.0,0.02251402506595853
470.0,0.02294761637314474
471.0,0.023271988793935515
472.0,0.023272479664962813
473.0,0.02298054699689024
474.0,0.02253309600543181
475.0,0.02202525846865301
476.0,0.02145831918783081
477.0,0.020795243995725875
478.0,0.020081470923935217
479.0,0.01943751748179362
480.0,0.01896102560328357
481.0,0.01866760778807807
482.0,0.018500160278862136
483.0,0.018394510174590907
484.0,0.018347447479718976
485.0,0.018380898635207553
486.0,0.01847677886622863
487.0,0.01857947265741486
488.0,0.01863091913638367
489.0,0.018598020407241067
490.0,0.018489512649162612
491.0,0.01837874545154243
492.0,0.018376667378344508
493.0,0.01856878320748427
494.0,0.01894910993933778
495.0,0.019377650237339034
496.0,0.019629530199077885
497.0,0.019476774827664654
498.0,0.018845564890593913
499.0,0.017949826387583884
500.0,0.017228002931885728
501.0,0.01715718610893445
502.0,0.017940720223894438
503.0,0.019334317384351075
504.0,0.02074794074436466
505.0,0.021539482934429637
506.0,0.021468534338266558
507.0,0.020904455190859136
508.0,0.02051523971640437
509.0,0.020724541062833904
510.0,0.021598516099853055
511.0,0.023068651603142906
512.0,0.024985152157287915
513.0,0.027168997494991
514.0,0.029517392321257503
515.0,0.03206308824772487
516.0,0.0349829522670841
517.0,0.03850486705699713
518.0,0.0427745700544636
519.0,0.04777711947219592
520.0,0.05335868790432915
521.0,0.05938716583544162
522.0,0.06602832465688181
523.0,0.07354091246597218
524.0,0.08145362933463193
525.0,0.08876647729190651
526.0,0.09531478041221747
527.0,0.10170316658471287
528.0,0.1077510189565002
529.0,0.11203394347061613
530.0,0.11270397294175975
531.0,0.10897043680127991
532.0,0.10206841664863968
533.0,0.09410081706915727
534.0,0.08591475118772302
535.0,0.07724741029046184
536.0,0.06824630196289594
537.0,0.05963604226831858
538.0,0.052153661492126246
539.0,0.046160457648044384
540.0,0.041543545652606914
541.0,0.03780937907223191
542.0,0.03441320304401322
543.0,0.0310186113364022
544.0,0.027607651184125864
545.0,0.024404916623871037
546.0,0.02167118428425359
547.0,0.019636861538268297
548.0,0.018392412444685133
549.0,0.01772708292927578
550.0,0.01722399181489942
551.0,0.016570149272745277
552.0,0.01573636082322552
553.0,0.01485716462478523
554.0,0.014019657308135959
555.0,0.013105236229528104
556.0,0.011931652350533263
557.0,0.010580825098740136
558.0,0.009441487645164191
559.0,0.008978891174546748
560.0,0.009395050494297778
561.0,0.010460835697152226
562.0,0.011654317657984935
563.0,0.012498860321199741
564.0,0.01280494072866422
565.0,0.012680322860460572
566.0,0.012449627292553785
567.0,0.01245156288575669
568.0,0.01286692582728146
569.0,0.013662310577563203
570.0,0.014637702491039344
571.0,0.0155768964963467
572.0,0.01634234513751815
573.0,0.016922730439900155
574.0,0.0174188012763552
575.0,0.01797773965990833
576.0,0.018783622895724814
577.0,0.019944770148483296
578.0,0.021313105812284364
579.0,0.022486900138720498
580.0,0.022966083470609522
581.0,0.022497099191090095
582.0,0.021350093586693028
583.0,0.020162482218495786
584.0,0.019485740741931483
585.0,0.019450840247689172
586.0,0.019805151928500214
587.0,0.020084634150607655
588.0,0.019851631418220654
589.0,0.018966210267406143
590.0,0.017647193669849584
591.0,0.016300379131461866
592.0,0.015231402211518918
593.0,0.01452474649513269
594.0,0.014103850263753798
595.0,0.013853175509358197
596.0,0.01374237547250804
597.0,0.013780954645864846
598.0,0.013932264016201477
599.0,0.014065298031212863
600.0,0.013988191410783807
601.0,0.013558614552347893
602.0,0.012783519570699259
603.0,0.011859336226345898
604.0,0.011069293863890654
605.0,0.010617598584049141
606.0,0.010525825135538007
607.0,0.010692038225566039
608.0,0.010948573210745521
609.0,0.011043455736380436
610.0,0.010843674311103377
611.0,0.010587480199682142
612.0,0.01068592140056359
613.0,0.01127925966142889
614.0,0.01222752025015171
615.0,0.013427841498239917
616.0,0.01509306955270219
617.0,0.01779563378436084
618.0,0.02178122587823076
619.0,0.02640800268867198
620.0,0.030831012979447174
621.0,0.03488868326511099
622.0,0.03874705917145136
623.0,0.042237137266137884
624.0,0.044754118507114624
625.0,0.04555938766855754
626.0,0.04439566940388922
627.0,0.0417489797300741
628.0,0.03847285919144802
629.0,0.035225864420295884
630.0,0.03230008674714284
631.0,0.02964843205668384
632.0,0.027070258040926935
633.0,0.02441175647564256
634.0,0.021550555266182797
635.0,0.0184958616430954
636.0,0.01552717211743674
637.0,0.013093819764396213
638.0,0.011583659498488282
639.0,0.011040544653829601
640.0,0.011073849885440398
641.0,0.011143368040693623
642.0,0.010969616777730201
643.0,0.010617734637475965
644.0,0.010271190881690075
645.0,0.010055657214060432
646.0,0.009955059066850638
647.0,0.009918092113875315
648.0,0.0100003189058296
649.0,0.01029907252843576
650.0,0.010847148111186769
651.0,0.01161453576803026
652.0,0.012566616936336483
653.0,0.01375192875199592
654.0,0.015297179325515782
655.0,0.017243663261271955
656.0,0.01944004146186546
657.0,0.021562583071619124
658.0,0.02332195409604093
659.0,0.024755224216276774
660.0,0.02617334502766632
661.0,0.027733704529954044
662.0,0.02936854191045532
663.0,0.031161816035674632
664.0,0.033427266706610455
665.0,0.03646675209950374
666.0,0.040438272817625055
667.0,0.04538077082068123
668.0,0.051515799401605
669.0,0.05954375617822836
670.0,0.06963238788037304
671.0,0.08043464063666478
672.0,0.09209872880919846
673.0,0.10888388301468126
674.0,0.1354712848049014
675.0,0.17254078311201082
676.0,0.21756625393105142
677.0,0.26905549704826126
678.0,0.33571754927183617
679.0,0.43438344492577385
680.0,0.562337226269909
681.0,0.6892775973269681
682.0,0.791756102995743
683.0,0.8737185166703214
684.0,0.9430808752854798
685.0,0.9918836355757426
686.0,0.9989386223106577
687.0,0.9473886195404284
688.0,0.8473528134124915
689.0,0.7307897796382973
690.0,0.6210280936604261
691.0,0.521261591882953
692.0,0.4297577752928281
693.0,0.347862925197321
694.0,0.27895735931843824
695.0,0.22538778208438584
696.0,0.185267124085057
697.0,0.15418456424502353
698.0,0.1293626278629684
699.0,0.10994328035865457
700.0,0.09511503721180377
701.0,0.08373007652435194
702.0,0.07451474241146956
703.0,0.06661152951368148
704.0,0.05983635820477181
705.0,0.05417689759879234
706.0,0.04928420019951832
707.0,0.04485502908558056
708.0,0.040900677717851545
709.0,0.03740305126608083
710.0,0.034090717751043026
711.0,0.030643436944178516
712.0,0.026957821570948906
713.0,0.023284408945823717
714.0,0.02014590111555102
715.0,0.018149398439459966
716.0,0.017534088331180607
717.0,0.01777825997255144
718.0,0.01797151296263491
719.0,0.017641262256869815
720.0,0.01692315849704079
721.0,0.016040640775329115
722.0,0.015029585888323059
723.0,0.013757835410248748
724.0,0.012145518735092432
725.0,0.010386078625782585
726.0,0.008841861646240602
727.0,0.007783835757087146
728.0,0.007234979274448952
729.0,0.006994381042682275
730.0,0.006740588491173802
731.0,0.006213869328689767
732.0,0.005370713492296571
733.0,0.004404788792441244
734.0,0.0036920743089751823
735.0,0.0035765403593187098
736.0,0.004104472217059216
737.0,0.004963755861247088
738.0,0.005668660717946479
739.0,0.005871689370657643
740.0,0.005541602471673797
741.0,0.004952375322957767
742.0,0.004499084477093851
743.0,0.004449321200294669
744.0,0.004841554045361532
745.0,0.005513717267258751
746.0,0.006254764215569766
747.0,0.006934965080931284
748.0,0.007527655480004919
749.0,0.00804795453860531
750.0,0.008452615962838791
751.0,0.00865683909875882
752.0,0.008612180403295894
753.0,0.008413828017068962
754.0,0.00831876041437047
755.0,0.008592682031452206
756.0,0.009339641286817198
757.0,0.010438207287174275
758.0,0.011631302324865464
759.0,0.012656170699043859
760.0,0.01339156139667258
761.0,0.013965042571905013
762.0,0.014694902020219724
763.0,0.015947086551755814
764.0,0.017894022394117665
765.0,0.020280241877190935
766.0,0.022564401117305906
767.0,0.024392943149746674
768.0,0.025791575115880865
769.0,0.0268507293904741
770.0,0.027514822275741202
771.0,0.02762859084379605
772.0,0.027106753258839364
773.0,0.02611217397778623
774.0,0.024954021965190816
775.0,0.023815152870764994
776.0,0.02269834322299981
777.0,0.021573358454823464
778.0,0.020401993329793713
779.0,0.019111826309059964
780.0,0.017675255160233244
781.0,0.016172394813779578
782.0,0.01471235840895229
783.0,0.013329320217037047
784.0,0.01201429578828253
785.0,0.010782558435715184
786.0,0.009673412017409552
787.0,0.008726402569732852
788.0,0.007955664777857287
789.0,0.007332528234462454
790.0,0.006767623772043235
791.0,0.006154688015276695
792.0,0.0054571850279936315
793.0,0.004772614433452185
794.0,0.004355631504811809
795.0,0.004460698783829702
796.0,0.005107955492719057
797.0,0.006041747166718847
798.0,0.006914774139100091
799.0,0.007495546195290886
800.0,0.007745633464316878
801.0,0.007722929034029796
802.0,0.007382738689384015
803.0,0.006606204307630696
804.0,0.005359777263347118
805.0,0.00385855889475388
806.0,0.002577952691649947
807.0,0.001967757143819797
808.0,0.0021571662461448426
809.0,0.0028392194164402404
810.0,0.0034557249473258778
811.0,0.0035237860103287943
812.0,0.0029134874080499057
813.0,0.0019412820547763249
814.0,0.001152843031255027
815.0,0.0009809776557801603
816.0,0.0014866469765442702
817.0,0.002398207850012525
818.0,0.003369849010367479
819.0,0.0042441066301715236
820.0,0.005078199487768817
821.0,0.005813899357777465
822.0,0.006147001344367145
823.0,0.005710115757476049
824.0,0.004411372256760512
825.0,0.0026934280462922316
826.0,0.0013139961390920274
827.0,0.000848184964859347
828.0,0.0013228381308736242
829.0,0.0022674902712275583
830.0,0.0030499401630177322
831.0,0.003271996511789277
832.0,0.0029502667001052724
833.0,0.0023680206772720563
834.0,0.001867385130505883
835.0,0.001647229347453913
836.0,0.0016892826802179933
837.0,0.0018428140244129629
838.0,0.0019232477218551897
839.0,0.001822591898802503
840.0,0.0015643322096010187
841.0,0.0012586259853445275
842.0,0.0009739313162175772
843.0,0.0006724107786952038
844.0,0.00033215400506911297
845.0,4.473031103588432e-05
846.0,0.0
847.0,0.00035789214957272775
848.0,0.0010741155034294653
849.0,0.0019026246483126313
850.0,0.00258189690283437
851.0,0.0030046671379159173
852.0,0.003231533146209789
853.0,0.0034248849074254087
854.0,0.00374557343384508
855.0,0.004247819841956567
856.0,0.00485622352696146
857.0,0.005488350484911496
858.0,0.006209444271743983
859.0,0.007112923716122273
860.0,0.008117678629577761
861.0,0.00893755852044028
862.0,0.009214846057050988
863.0,0.00880015922752235
864.0,0.00789326446696706
865.0,0.00686491782845771
866.0,0.005968831786372794
867.0,0.005284263120241273
868.0,0.004783019961402901
869.0,0.004413833485135396
870.0,0.004175956662514635
871.0,0.004074927591545652
872.0,0.0040823158025803385
873.0,0.0041423141058401156
874.0,0.004199875460680277
875.0,0.004227320025876294
876.0,0.00424739182531407
877.0,0.004342707499061037
878.0,0.0046019803681932175
879.0,0.005049369580653447
880.0,0.005599658158419195
881.0,0.006073489476628682
882.0,0.006307793210015192
883.0,0.006263144584397667
884.0,0.006059135419357528
885.0,0.005903884281554736
886.0,0.005966588094630139
887.0,0.006286735361928253
888.0,0.006736617042068016
889.0,0.007093417529856955
890.0,0.007178045161056801
891.0,0.006966841835572196
892.0,0.006661939024248692
893.0,0.006600798504572139
894.0,0.007034586413713205
895.0,0.00795420742075452
896.0,0.009070752810813154
897.0,0.009998892060737619
898.0,0.010506942498569906
899.0,0.010628378518048417
900.0,0.010495336671360489
901.0,0.010166373521143975
902.0,0.00961516701432033
903.0,0.008862842416444423
904.0,0.00820588044744685
905.0,0.008112210370407713
906.0,0.008871074950786706
907.0,0.010385859297480524
908.0,0.012260590090261855
909.0,0.014077940898260768
910.0,0.0156653948302566
911.0,0.01708530293397644
912.0,0.018395900546261994
913.0,0.0195897919378943
914.0,0.02064972270616227
915.0,0.021581776888510484
916.0,0.022427491293310453
917.0,0.023270890344318132
918.0,0.024203453945724304
919.0,0.025144592242612382
920.0,0.02578257080130461
921.0,0.0257706277646996
922.0,0.024967281175126872
923.0,0.023555250474573318
924.0,0.02191676273257022
925.0,0.020329538810031543
926.0,0.01880144708676801
927.0,0.017276476796971765
928.0,0.015779718513821178
929.0,0.014304938666814843
930.0,0.012812943816392634
931.0,0.011361495761643511
932.0,0.010111834221342764
933.0,0.009215001021142033
934.0,0.008697369392567406
935.0,0.00843332937031472
936.0,0.008214550362097749
937.0,0.007862502223831301
938.0,0.007357023844613897
939.0,0.006861140712100575
940.0,0.006694596462040209
941.0,0.007227386242790429
942.0,0.008492989383447447
943.0,0.00998670640093037
944.0,0.01093315846330277
945.0,0.010775267399935867
946.0,0.00962421322875194
947.0,0.008240862689079295
948.0,0.007553448281763277
949.0,0.00804335867217084
950.0,0.009461358131124628
951.0,0.011054213845704375
952.0,0.012096622821275813
953.0,0.012366260613908796
954.0,0.012112784883795732
955.0,0.011759523372748826
956.0,0.011611570079280847
957.0,0.011693835971157793
958.0,0.011890914103688019
959.0,0.01210468302776714
960.0,0.012311648144538431
961.0,0.01254523475168793
962.0,0.012807874430021807
963.0,0.01303509641027608
964.0,0.013124193292742878
965.0,0.013034561369246377
966.0,0.012864534125349589
967.0,0.012779967974773224
968.0,0.01287990927660549
969.0,0.013150709677304015
970.0,0.01351240727520149
971.0,0.01388477095953812
972.0,0.014243037048044978
973.0,0.01459582610949857
974.0,0.01494667183069641
975.0,0.01534351069491418
976.0,0.015879100911482008
977.0,0.016565454158684573
978.0,0.01726628859508715
979.0,0.017742981557291905
980.0,0.017819032540344976
981.0,0.017591463312488384
982.0,0.017386763073432412
983.0,0.01744559672267333
984.0,0.017766303280649084
985.0,0.01827053999243173
986.0,0.018927630731661232
987.0,0.01974682848269882
988.0,0.020750848469858404
989.0,0.021940482281880176
990.0,0.02326235348346945
991.0,0.024603677331903342
992.0,0.02592351398926869
993.0,0.02737865339131247
994.0,0.029115289778472664
995.0,0.031007309630966297
996.0,0.032943024333576015
997.0,0.035177378548495085
998.0,0.03807848059124826
999.0,0.04175373815560493
1000.0,0.04612746838457224
1001.0,0.05115131492143547
1002.0,0.056785759608709345
1003.0,0.06296197413654117
1004.0,0.0695294708537431
1005.0,0.07647586450241417
1006.0,0.08479202257222501
1007.0,0.09589306520417472
1008.0,0.10907348556810519
1009.0,0.12138105121114623
1010.0,0.13069381798993446
1011.0,0.1371480350813025
1012.0,0.14145117461899998
1013.0,0.14356637166783487
1014.0,0.142645457671265
1015.0,0.13808993294746474
1016.0,0.13099504669180095
1017.0,0.12318431789129987
1018.0,0.1149429270119883
1019.0,0.10563971905259693
1020.0,0.09588064042624711
1021.0,0.08705389075926213
1022.0,0.0797209589228613
1023.0,0.07360017921586494
1024.0,0.06838716163646189
1025.0,0.06405605088712317
1026.0,0.06082474621899273
1027.0,0.05871901036034826
1028.0,0.057295986189391
1029.0,0.05603753715167782
1030.0,0.05478247984344621
1031.0,0.05368504097653816
1032.0,0.05300051182441338
1033.0,0.0530040818889157
1034.0,0.05383861831578101
1035.0,0.055349279822334146
1036.0,0.057159874430064456
1037.0,0.058943551190399665
1038.0,0.06064520346767082
1039.0,0.062476480529644114
1040.0,0.06469961374431482
1041.0,0.06734427379248073
1042.0,0.07030335106932936
1043.0,0.0737214165738806
1044.0,0.07789659130501345
1045.0,0.08287583575713214
1046.0,0.08857041535636692
1047.0,0.09513239498119434
1048.0,0.10269872799248811
1049.0,0.11099639867829184
1050.0,0.12000997043793321
1051.0,0.13060899504600504
1052.0,0.1435428782200391
1053.0,0.1585079104773632
1054.0,0.17556483372912707
1055.0,0.19620464324533687
1056.0,0.22152418527440984
1057.0,0.2510964848980183
1058.0,0.2852873446915034
1059.0,0.32649231425226577
1060.0,0.37719445366291093
1061.0,0.4377228756816923
1062.0,0.505145010172149
1063.0,0.5751876453114924
1064.0,0.6466775221054927
1065.0,0.7200154525183621
1066.0,0.7891528638239048
1067.0,0.8434182539924894
1068.0,0.8780261003564964
1069.0,0.8949233876153811
1070.0,0.894248233613865
1071.0,0.8731017624080759
1072.0,0.8300917922464238
1073.0,0.7691672626328816
1074.0,0.7000141051238893
1075.0,0.6319392343892176
1076.0,0.5674393352482325
1077.0,0.5054138202331517
1078.0,0.44785665495074145
1079.0,0.3977726754297929
1080.0,0.3553340636056972
1081.0,0.3188331900436898
1082.0,0.28701323158873915
1083.0,0.2592188276387807
1084.0,0.2350372194662462
1085.0,0.21405261057702818
1086.0,0.19570133917872592
1087.0,0.17952370745562313
1088.0,0.1652307327830245
1089.0,0.15237015148034522
1090.0,0.14032373142284213
1091.0,0.12876965145243835
1092.0,0.1178635801254104
1093.0,0.10799571598741833
1094.0,0.09943337988695776
1095.0,0.09212258406188621
1096.0,0.0857839181001502
1097.0,0.08024321257179941
1098.0,0.07546265900201528
1099.0,0.07132431019148602
1100.0,0.06760062418366566
1101.0,0.0640581246861993
1102.0,0.06056738804020091
1103.0,0.057139314509346534
1104.0,0.053861711960344165
1105.0,0.050788143590031774
1106.0,0.047935526495618816
1107.0,0.04531678654643364
1108.0,0.042887836993501294
1109.0,0.040539889672184554
1110.0,0.03821667666014362
1111.0,0.03601435830418202
1112.0,0.03423385443855276
1113.0,0.033215912140431444
1114.0,0.03295190433000879
1115.0,0.03300866752376509
1116.0,0.03291208147966028
1117.0,0.03248365178312204
1118.0,0.03181074580911315
1119.0,0.031057945670027447
1120.0,0.03024580826223168
1121.0,0.029276309217279098
1122.0,0.0282021074120873
1123.0,0.02730834498354752
1124.0,0.026984750815957345
1125.0,0.027396429249291677
1126.0,0.02824367356791249
1127.0,0.028949660459052208
1128.0,0.029078958360039583
1129.0,0.02859982841099766
1130.0,0.027828308012986733
1131.0,0.027202092251981003
1132.0,0.026995726983160856
1133.0,0.02716626920802751
1134.0,0.027427091063575104
1135.0,0.02741973317594147
1136.0,0.026938080725204205
1137.0,0.026094271517841085
1138.0,0.02525094014853186
1139.0,0.024742915888969264
1140.0,0.024648484348674782
1141.0,0.024859778616625486
1142.0,0.02525124176140596
1143.0,0.025784725970398048
1144.0,0.026485427494823223
1145.0,0.02724334327186785
1146.0,0.027815143040736956
1147.0,0.028055382637366316
1148.0,0.02798718680350018
1149.0,0.027656833807555015
1150.0,0.02706079113562103
1151.0,0.02617244075871089
1152.0,0.025041851810151894
1153.0,0.023883491851919084
1154.0,0.022944921524087253
1155.0,0.022309183224910004
1156.0,0.021905138283572753
1157.0,0.02165775274846978
1158.0,0.02152598272386847
1159.0,0.021486312789118306
1160.0,0.02155876188682338
1161.0,0.021806384512500943
1162.0,0.02227090835457738
1163.0,0.022913976733980088
1164.0,0.023585466201532443
1165.0,0.02408472560104004
1166.0,0.024307525783104467
1167.0,0.024321633454672448
1168.0,0.024298293871588515
1169.0,0.02438017159721404
1170.0,0.024605896889994157
1171.0,0.024905601072880625
1172.0,0.025175194883827384
1173.0,0.025356449078901104
1174.0,0.025454318992687033
1175.0,0.025497619747269523
1176.0,0.025462759026373592
1177.0,0.025306529798969385
1178.0,0.02507264708544267
1179.0,0.02486913866316859
1180.0,0.024761227100124246
1181.0,0.02473919793337647
1182.0,0.02475901430357348
1183.0,0.0249037674845458
1184.0,0.02548070836976571
1185.0,0.026661887713484073
1186.0,0.028151749461750766
1187.0,0.029254306902804457
1188.0,0.02926960427295694
1189.0,0.02813048930610622
1190.0,0.026589057747527914
1191.0,0.025686647851921582
1192.0,0.0260028689760389
1193.0,0.027297252502226928
1194.0,0.028724184900661524
1195.0,0.029414970448142327
1196.0,0.029073069936385906
1197.0,0.028077589718389716
1198.0,0.027151177139394952
1199.0,0.02688508165143321
1200.0,0.027358710327256647
1201.0,0.02817998778931284
1202.0,0.02881362064291866
1203.0,0.028945846866572783
1204.0,0.028633817341078054
1205.0,0.028114659938318604
1206.0,0.027603747217245858
1207.0,0.02718978764587751
1208.0,0.0268382596796138
1209.0,0.026501097716037925
1210.0,0.02614565660205341
1211.0,0.02574038801305034
1212.0,0.02538601942413219
1213.0,0.025377236067780418
1214.0,0.025969574107149673
1215.0,0.027136707064775833
1216.0,0.02844752623406579
1217.0,0.029256064682869037
1218.0,0.029186646545917114
1219.0,0.028461438243388613
1220.0,0.02788055489847939
1221.0,0.028319637326051805
1222.0,0.030041757224056047
1223.0,0.032427892358248694
1224.0,0.034312425927746734
1225.0,0.03478128654022487
1226.0,0.033832496017445424
1227.0,0.03232095622905098
1228.0,0.031188762107552552
1229.0,0.030837080834071662
1230.0,0.03114784820212166
1231.0,0.03177335404387848
1232.0,0.03253199792980448
1233.0,0.0334506715323605
1234.0,0.0344868107859745
1235.0,0.03550593598973571
1236.0,0.036415181704522515
1237.0,0.037213240842625624
1238.0,0.03795896692757805
1239.0,0.038686868013039805
1240.0,0.03934533024975671
1241.0,0.03988902585953608
1242.0,0.04039042523940544
1243.0,0.04112999694180539
1244.0,0.042470474792010944
1245.0,0.04428460816278866
1246.0,0.04578896899713439
1247.0,0.04616315416165673
1248.0,0.04519391592652605
1249.0,0.043385825567073225
1250.0,0.04155736103069339
1251.0,0.04022650613666507
1252.0,0.039336264739276115
1253.0,0.03865705662988503
1254.0,0.038098544532114864
1255.0,0.03763798843362471
1256.0,0.03726930330128388
1257.0,0.036982213346559226
1258.0,0.036757423392285785
1259.0,0.03658627975219936
1260.0,0.036446112458001556
1261.0,0.036262458377183934
1262.0,0.03596592011131877
1263.0,0.03556937468756727
1264.0,0.03518225146447303
1265.0,0.03495485724582803
1266.0,0.03496710046270906
1267.0,0.035160286364844945
1268.0,0.035321947821878585
1269.0,0.03518619923301883
1270.0,0.034672237942338244
1271.0,0.03401016972079805
1272.0,0.03369773303238946
1273.0,0.03420599477337548
1274.0,0.035503424171659234
1275.0,0.0369585348940886
1276.0,0.03773775648597157
1277.0,0.03738913346401507
1278.0,0.03617469538156478
1279.0,0.03488910289272214
1280.0,0.03431105886605297
1281.0,0.0346656320305042
1282.0,0.03554211395743991
1283.0,0.03621005745242676
1284.0,0.03607822363881921
1285.0,0.03513071825515067
1286.0,0.03397485569037337
1287.0,0.03340940301727724
1288.0,0.033867166437724375
1289.0,0.03508200179528128
1290.0,0.0362545501612088
1291.0,0.0366352030238154
1292.0,0.03605957051076612
1293.0,0.03501823963411115
1294.0,0.03424440534102015
1295.0,0.03419157820156925
1296.0,0.03476685579125597
1297.0,0.03574535364450208
1298.0,0.03721453313951815
1299.0,0.039254017245793804
1300.0,0.04157402828845474
1301.0,0.04339248317690404
1302.0,0.04382382736085436
1303.0,0.04274640962396221
1304.0,0.04101384809823526
1305.0,0.03971013894608645
1306.0,0.039359519790672516
1307.0,0.03980653718030519
1308.0,0.04047784627084093
1309.0,0.040823848674073945
1310.0,0.04067701126416276
1311.0,0.04021478574304925
1312.0,0.03978864597063874
1313.0,0.03972407734457732
1314.0,0.0400756635214622
1315.0,0.040561698704302596
1316.0,0.04071471647344125
1317.0,0.040139806016661686
1318.0,0.03892253044155457
1319.0,0.03774719878488304
1320.0,0.037425290534035954
1321.0,0.03829844246414764
1322.0,0.039919947233308495
1323.0,0.041310583808371555
1324.0,0.04169695097697776
1325.0,0.04107925616577078
1326.0,0.04003589444323301
1327.0,0.039157133259460374
1328.0,0.038725655415900756
1329.0,0.038669921410170234
1330.0,0.038932299492674016
1331.0,0.039657911537238924
1332.0,0.04087046281763413
1333.0,0.04229404702113475
1334.0,0.04346338100884642
1335.0,0.044025726461921724
1336.0,0.04401592149791911
1337.0,0.043816200689352824
1338.0,0.04383281260001998
1339.0,0.04421205684098034
1340.0,0.04480840172923518
1341.0,0.04531746951141005
1342.0,0.045493376482545395
1343.0,0.04531045070302387
1344.0,0.044949712777339404
1345.0,0.04460765977271389
1346.0,0.044295271101725986
1347.0,0.04400988495890457
1348.0,0.04396520517859142
1349.0,0.044465462589442395
1350.0,0.04566302440521853
1351.0,0.0473140770414885
1352.0,0.04883680024378728
1353.0,0.049776637921543285
1354.0,0.05013440993854809
1355.0,0.05011416536101383
1356.0,0.04981729539457121
1357.0,0.04930546851777767
1358.0,0.04866221382439976
1359.0,0.04798197628665127
1360.0,0.04734694358002893
1361.0,0.04679683005654495
1362.0,0.046375695287363745
1363.0,0.04624691251721865
1364.0,0.04658249823756966
1365.0,0.04731164486904216
1366.0,0.04815466894572064
1367.0,0.04888666809215725
1368.0,0.04944931022276487
1369.0,0.0498673446030424
1370.0,0.050234964899929666
1371.0,0.050712299810887505
1372.0,0.05132943587328699
1373.0,0.0518430541364398
1374.0,0.05184494663346778
1375.0,0.05101575413778141
1376.0,0.049532375162122055
1377.0,0.04812739859065864
1378.0,0.04753715802476188
1379.0,0.047936594700512425
1380.0,0.04888723093935341
1381.0,0.04971870462922643
1382.0,0.04999085872969265
1383.0,0.04977051834843649
1384.0,0.04945892815041175
1385.0,0.04942213925262585
1386.0,0.04975502927187914
1387.0,0.05030262196415918
1388.0,0.05099843441394547
1389.0,0.05194422473342874
1390.0,0.05313645534679817
1391.0,0.05424014508026266
1392.0,0.05452515997165765
1393.0,0.05345547905117662
1394.0,0.051402397040552654
1395.0,0.04942690590173816
1396.0,0.048425625011633215
1397.0,0.0485696208096436
1398.0,0.04936453807279573
1399.0,0.050190927425968715
1400.0,0.05090831931693582
1401.0,0.05162702168958144
1402.0,0.05219952586159464
1403.0,0.05233076349924323
1404.0,0.05187952933645142
1405.0,0.05108432370119198
1406.0,0.05049298220436347
1407.0,0.050531569200398155
1408.0,0.05117463453173332
1409.0,0.052060703355696916
1410.0,0.052812452081211804
1411.0,0.0532262275969522
1412.0,0.053372982643305915
1413.0,0.05356384818437007
1414.0,0.05411131266682724
1415.0,0.055086313137544474
1416.0,0.056125133088617926
1417.0,0.05636267862383861
1418.0,0.05509715045194838
1419.0,0.05265171496397923
1420.0,0.050309445335898983
1421.0,0.049456706564348155
1422.0,0.05055763200605116
1423.0,0.052772213365431316
1424.0,0.054769733716148405
1425.0,0.05598431761922684
1426.0,0.05664180836895394
1427.0,0.056986811973890446
1428.0,0.05708872693307709
1429.0,0.056929096378827065
1430.0,0.05655915859343847
1431.0,0.05619242457636308
1432.0,0.05599547902287578
1433.0,0.055943176317739964
1434.0,0.05610383782432608
1435.0,0.05677458218695133
1436.0,0.058087086675603625
1437.0,0.059733681287495406
1438.0,0.06104530748299398
1439.0,0.06141493591993521
1440.0,0.06082099020862635
1441.0,0.05984134972636808
1442.0,0.05908080155767561
1443.0,0.058739899572963036
1444.0,0.05869731691574833
1445.0,0.05881374380617967
1446.0,0.05928254826396976
1447.0,0.06034132018405259
1448.0,0.06163403287243003
1449.0,0.06234410543616861
1450.0,0.061825305280583165
1451.0,0.060222365170986066
1452.0,0.058566260124984434
1453.0,0.05797992281960732
1454.0,0.05876538897399322
1455.0,0.06033686918297097
1456.0,0.061842863119092
1457.0,0.06272365554472731
1458.0,0.06300106579571113
1459.0,0.06311829312822304
1460.0,0.06349579336726302
1461.0,0.06427054873077928
1462.0,0.06521857079429799
1463.0,0.06581403685994514
1464.0,0.0655764875440357
1465.0,0.06453957702650423
1466.0,0.06334330471373621
1467.0,0.06289406678839785
1468.0,0.06370188777634617
1469.0,0.06535064939034615
1470.0,0.06671552309448772
1471.0,0.0667429160653997
1472.0,0.06528149360539677
1473.0,0.06332321275665631
1474.0,0.06224773678993665
1475.0,0.06269543681791881
1476.0,0.0641946610214751
1477.0,0.06574651414337412
1478.0,0.06658479679901697
1479.0,0.06664881292618569
1480.0,0.06630519923018206
1481.0,0.06569070984827549
1482.0,0.06478170992791481
1483.0,0.06372645644276774
1484.0,0.06306239060448807
1485.0,0.06357628583900155
1486.0,0.06540147139793873
1487.0,0.06755599370238283
1488.0,0.06846592749806255
1489.0,0.06704564980075307
1490.0,0.0637550160737114
1491.0,0.06044162379048369
1492.0,0.058890030511247374
1493.0,0.05953048940934346
1494.0,0.061491214144199266
1495.0,0.06346750968293899
1496.0,0.06470375507243417
1497.0,0.06537577929088234
1498.0,0.06595070914055359
1499.0,0.06669125699267892
1500.0,0.06767699649353312
1501.0,0.06870864725704423
1502.0,0.06924277436025897
1503.0,0.06886814925290664
1504.0,0.06783142820347787
1505.0,0.06690228293555198
1506.0,0.06679307186802826
1507.0,0.0676666033388938
1508.0,0.06907031236038563
1509.0,0.07037071234193396
1510.0,0.07129998539388877
1511.0,0.07191336300105253
1512.0,0.07228374345783611
1513.0,0.07243078455367756
1514.0,0.07233418518674795
1515.0,0.07205900641745269
1516.0,0.0717917897756854
1517.0,0.07165552523584043
1518.0,0.07163169828744598
1519.0,0.07177911233539727
1520.0,0.07227966571360488
1521.0,0.07315706679823268
1522.0,0.07417814403278869
1523.0,0.07504168480629181
1524.0,0.07557406782614316
1525.0,0.07577913006077783
1526.0,0.07572667270155145
1527.0,0.07533846526892828
1528.0,0.07451922984461071
1529.0,0.07348514281918561
1530.0,0.0726613570464322
1531.0,0.0723247192126829
1532.0,0.07242786103321942
1533.0,0.07269089225153914
1534.0,0.07281067613800772
1535.0,0.07266538661662914
1536.0,0.07245651869516802
1537.0,0.07262070066897947
1538.0,0.07344168980889623
1539.0,0.07477201612557771
1540.0,0.07621697302431059
1541.0,0.07748126404184362
1542.0,0.0784699115361059
1543.0,0.07920755532936932
1544.0,0.07955352700028076
1545.0,0.07919960691625766
1546.0,0.07823688557078416
1547.0,0.07728407322151103
1548.0,0.076926755572443
1549.0,0.07728144714061225
1550.0,0.07807842686206312
1551.0,0.07895758227714313
1552.0,0.07977212513200871
1553.0,0.08052581439777007
1554.0,0.08095736879590075
1555.0,0.080671476195388
1556.0,0.07961175599176698
1557.0,0.0781934849617511
1558.0,0.07705874042810722
1559.0,0.07662447440982549
1560.0,0.07678870278212502
1561.0,0.07717290407375943
1562.0,0.07760091010173736
1563.0,0.07806741048469533
1564.0,0.0785009580617968
1565.0,0.07872749113160009
1566.0,0.07855797614065278
1567.0,0.07806561795655612
1568.0,0.07765788403556442
1569.0,0.07771949805396315
1570.0,0.07829691961936261
1571.0,0.07919056942572782
1572.0,0.08017934823943193
1573.0,0.08112991200846263
1574.0,0.08199417765440016
1575.0,0.08262066505749484
1576.0,0.08278098427796027
1577.0,0.08247253268847578
1578.0,0.08192531653436516
1579.0,0.08127615692277815
1580.0,0.08051311329521812
1581.0,0.07972774565650662
1582.0,0.07910993065203417
1583.0,0.07874417917601594
1584.0,0.0786132521377416
1585.0,0.07874557738375476
1586.0,0.07924447198727196
1587.0,0.08022964412941672
1588.0,0.08156355167741272
1589.0,0.08270643087097639
1590.0,0.08317256521638192
1591.0,0.08299500303568474
1592.0,0.08254329583305373
1593.0,0.08209365005003892
1594.0,0.08177768302809658
1595.0,0.08165566563836965
1596.0,0.08176109920733732
1597.0,0.08217556965264013
1598.0,0.08287590243327539
1599.0,0.0
