0.0,0.0
1.0,0.0
2.0,0.0
3.0,0.0
4.0,0.0
5.0,0.0
6.0,0.0
7.0,0.0
8.0,0.0
9.0,0.0
10.0,0.0
11.0,0.0
12.0,0.0
13.0,0.0
14.0,0.0
15.0,0.0
16.0,0.0
17.0,0.0
18.0,0.0
19.0,0.0
20.0,0.0
21.0,0.0
22.0,0.0
23.0,0.0
24.0,0.0
25.0,0.0
26.0,0.0
27.0,0.0
28.0,0.0
29.0,0.0
30.0,0.0
31.0,0.0
32.0,0.0
33.0,0.0
34.0,0.0
35.0,0.0
36.0,0.0
37.0,0.0
38.0,0.0
39.0,0.0
40.0,0.0
41.0,0.0
42.0,0.0
43.0,0.0
44.0,0.0
45.0,0.0
46.0,0.0
47.0,0.0
48.0,0.0
49.0,0.0
50.0,0.0
51.0,0.0
52.0,0.0
53.0,0.0
54.0,0.0
55.0,0.0
56.0,0.0
57.0,0.0
58.0,0.0
59.0,0.0
60.0,0.0
61.0,0.0
62.0,0.0
63.0,0.0
64.0,0.0
65.0,0.0
66.0,0.0
67.0,0.0
68.0,0.0
69.0,0.0
70.0,0.0
71.0,0.0
72.0,0.0
73.0,0.0
74.0,0.0
75.0,0.0
76.0,0.0
77.0,0.0
78.0,0.0
79.0,0.0
80.0,0.0
81.0,0.0
82.0,0.0
83.0,0.0
84.0,0.0
85.0,0.0
86.0,0.0
87.0,0.0
88.0,0.0
89.0,0.0
90.0,0.0
91.0,0.0
92.0,0.0
93.0,0.0
94.0,0.0
95.0,0.0
96.0,0.0
97.0,0.0
98.0,0.0
99.0,0.0
100.0,0.0
101.0,0.0
102.0,0.0
103.0,0.0
104.0,0.0
105.0,0.0
106.0,0.0
107.0,0.0
108.0,0.0
109.0,0.0
110.0,0.0
111.0,0.0
112.0,0.0
113.0,0.0
114.0,0.0
115.0,0.0
116.0,0.0
117.0,0.0
118.0,0.0
119.0,0.0
120.0,0.0
121.0,0.0
122.0,0.0
123.0,0.0
124.0,0.0
125.0,0.0
126.0,0.0
127.0,0.0
128.0,0.0
129.0,0.0
130.0,0.0
131.0,0.0
132.0,0.0
133.0,0.17398076590098474
134.0,0.17448436577276458
135.0,0.1754852876710693
136.0,0.17719112557901767
137.0,0.17883430753223972
138.0,0.18004640551761758
139.0,0.18074408562681007
140.0,0.180998661162438
141.0,0.18082758293560425
142.0,0.18027989665858019
143.0,0.17948734356940732
144.0,0.17843791369939305
145.0,0.1769141132256102
146.0,0.17484607651450446
147.0,0.17249191666924743
148.0,0.1701657000845628
149.0,0.16802342287033095
150.0,0.16618852308188095
151.0,0.16476379487498574
152.0,0.16366029353979641
153.0,0.16262725273423995
154.0,0.16146176977165916
155.0,0.16010271498937514
156.0,0.15853033527677923
157.0,0.15676898708784
158.0,0.15495087551443829
159.0,0.15328312507269562
160.0,0.1519630216367966
161.0,0.1510574134396512
162.0,0.1504615572348375
163.0,0.1499680258764193
164.0,0.14939819953259387
165.0,0.14863826211252384
166.0,0.14761616496026705
167.0,0.14635621731958015
168.0,0.1449790881681814
169.0,0.1436058684897571
170.0,0.1422695007158924
171.0,0.14094160582519433
172.0,0.13960012281962275
173.0,0.13826358269529865
174.0,0.1369982165317274
175.0,0.13589894226869575
176.0,0.13503566053429528
177.0,0.13439676916991883
178.0,0.13388982235208957
179.0,0.13339655918352963
180.0,0.13284769884619838
181.0,0.13226121183540682
182.0,0.13168505615654358
183.0,0.1310852571144474
184.0,0.13035373405664363
185.0,0.12941677726173714
186.0,0.12824132231146484
187.0,0.12676418505516296
188.0,0.12498290925691771
189.0,0.12306086344715211
190.0,0.1211656062631826
191.0,0.11926885444411842
192.0,0.11728112414425897
193.0,0.11526018237689635
194.0,0.1133169053550495
195.0,0.11148015886292101
196.0,0.10985129342644714
197.0,0.10866915344440156
198.0,0.10797539115897187
199.0,0.10746123407447009
200.0,0.10678595059721792
201.0,0.10584829362250012
202.0,0.10465595330870704
203.0,0.1032214054922046
204.0,0.10165866785846958
205.0,0.10017225694919238
206.0,0.0989466494046086
207.0,0.09805382683867107
208.0,0.09745511424768473
209.0,0.09705219763160147
210.0,0.09675132697154296
211.0,0.0965082653690862
212.0,0.096318327376463
213.0,0.09619082532955192
214.0,0.0961197174925856
215.0,0.09608907900604748
216.0,0.09609716551678965
217.0,0.09615292260606924
218.0,0.0962599022558823
219.0,0.09641144869403498
220.0,0.09659236730670298
221.0,0.09675467343331229
222.0,0.09681994267475186
223.0,0.09676055818883023
224.0,0.09664476939350247
225.0,0.09657982064480743
226.0,0.09663961841351731
227.0,0.09687587384553663
228.0,0.09732150757506705
229.0,0.09794563233795783
230.0,0.09866383667222647
231.0,0.09940487416117114
232.0,0.10014802721096847
233.0,0.10088783986987324
234.0,0.10161730579702574
235.0,0.10234615022756441
236.0,0.10309397787393036
237.0,0.10386634731199465
238.0,0.10465981389518506
239.0,0.10548840371393803
240.0,0.10636576403604778
241.0,0.10726762309786188
242.0,0.10821654303347317
243.0,0.10937222538030023
244.0,0.11080036115191441
245.0,0.11225058024570887
246.0,0.11340730602537177
247.0,0.11421937247028892
248.0,0.1147735826799042
249.0,0.11505510562941217
250.0,0.11501336525209707
251.0,0.11463152828095338
252.0,0.11372942455449579
253.0,0.1119699748897534
254.0,0.1093169986466605
255.0,0.10619944797030738
256.0,0.10309541656509452
257.0,0.10021796332559725
258.0,0.09770278239425526
259.0,0.09566708032435861
260.0,0.09401767069505959
261.0,0.09249954244299832
262.0,0.09094487466761753
263.0,0.08937657766199282
264.0,0.0878905133890441
265.0,0.08655644037918953
266.0,0.08538472110275458
267.0,0.08439384087863527
268.0,0.08371386607890566
269.0,0.08344313191262523
270.0,0.0834609850411144
271.0,0.08353224750637983
272.0,0.08352610253822301
273.0,0.08339982191750298
274.0,0.08309606896220814
275.0,0.08263177759289636
276.0,0.08215151919271302
277.0,0.08180413341753474
278.0,0.08162361615729291
279.0,0.08157465803652862
280.0,0.08163498413439245
281.0,0.08180244758117108
282.0,0.08209190089614885
283.0,0.0825333981444515
284.0,0.0831544749387582
285.0,0.08395494364220998
286.0,0.08491417787677863
287.0,0.08603291015982574
288.0,0.08734244710713066
289.0,0.08887602861604006
290.0,0.09061506886305998
291.0,0.09244794017526838
292.0,0.09424549378705131
293.0,0.09598380061219586
294.0,0.09771382662246232
295.0,0.09943377187983315
296.0,0.10108808942889788
297.0,0.1026421906080705
298.0,0.10402236586179758
299.0,0.10505527274393574
300.0,0.1056888432818773
301.0,0.10615675371401467
302.0,0.10675344778203716
303.0,0.10756133832480354
304.0,0.10850533566760212
305.0,0.10952645376268233
306.0,0.11068157785714411
307.0,0.11211665681144779
308.0,0.11383120730165651
309.0,0.11563508912211992
310.0,0.11747322418150075
311.0,0.11958588159657742
312.0,0.12230730914245708
313.0,0.12590093061104002
314.0,0.13064176209898104
315.0,0.1366198357197917
316.0,0.14335424980817232
317.0,0.1501746768589648
318.0,0.15705259481244904
319.0,0.16450543738913428
320.0,0.1727911245185196
321.0,0.1814828316948992
322.0,0.1896461630408418
323.0,0.19622733674147452
324.0,0.20044716933893292
325.0,0.20224900482174962
326.0,0.2022843875546742
327.0,0.20116196239386464
328.0,0.19873744131653925
329.0,0.1944650579045129
330.0,0.1881028537771029
331.0,0.17999961859398556
332.0,0.1709400068512556
333.0,0.16170096777686824
334.0,0.15265520510742003
335.0,0.1438438213608504
336.0,0.135236720166653
337.0,0.1269060472407103
338.0,0.11906443306354914
339.0,0.11186551376621683
340.0,0.10531238689042816
341.0,0.09937736206396439
342.0,0.09406950970525947
343.0,0.08939078434283368
344.0,0.08532837424499198
345.0,0.08188404475556828
346.0,0.07902761342388666
347.0,0.07662113360572718
348.0,0.07456472120820742
349.0,0.07299502596852417
350.0,0.07205881077228767
351.0,0.0715811210693164
352.0,0.07118191338700147
353.0,0.07059469902307006
354.0,0.06968677959260952
355.0,0.06835623339989269
356.0,0.06667641719128743
357.0,0.06494310009224405
358.0,0.06345985644279663
359.0,0.06233063922675783
360.0,0.06151617422175067
361.0,0.0609611445755806
362.0,0.0605957361192756
363.0,0.06035957270836313
364.0,0.06025274474511781
365.0,0.060321725608901616
366.0,0.0605688382505585
367.0,0.06092676756765719
368.0,0.06133550240891188
369.0,0.06177884539337769
370.0,0.06224620794570726
371.0,0.06272954392798741
372.0,0.06325008013273604
373.0,0.06386378277735355
374.0,0.0646458238716906
375.0,0.0656464351699883
376.0,0.06685860481279542
377.0,0.06824095082129825
378.0,0.06976989797734491
379.0,0.07139650779855602
380.0,0.07300177029022423
381.0,0.0745622221652096
382.0,0.07627025962103393
383.0,0.07836834513991456
384.0,0.08094622552883868
385.0,0.08398366312777394
386.0,0.08746166831776989
387.0,0.09134052775983238
388.0,0.09560481148375001
389.0,0.10050767148537
390.0,0.10646536280449169
391.0,0.11342180649228384
392.0,0.12078974175976256
393.0,0.12824369652525547
394.0,0.13604825673276302
395.0,0.14455963084467058
396.0,0.15375296911667927
397.0,0.1631505971959866
398.0,0.1718867040392147
399.0,0.17885587069461661
400.0,0.1833347414858365
401.0,0.1854978852039538
402.0,0.18612145676526587
403.0,0.18578857387811717
404.0,0.1843754217744964
405.0,0.18112664267468465
406.0,0.175565740748178
407.0,0.16828677231122205
408.0,0.16042015652609115
409.0,0.1526476683171658
410.0,0.1451852710778637
411.0,0.13814004881466307
412.0,0.1314827997840616
413.0,0.12509548672355925
414.0,0.11899096291434834
415.0,0.11339411097785772
416.0,0.108501172905222
417.0,0.10430094820761217
418.0,0.10067469995868816
419.0,0.09752342911838563
420.0,0.0947862811252386
421.0,0.09242182249647468
422.0,0.09034676601907912
423.0,0.08845677361993272
424.0,0.08672286239136241
425.0,0.0851842505526709
426.0,0.08384868606170257
427.0,0.08267462377290327
428.0,0.08163335428767754
429.0,0.0806879262696929
430.0,0.07973771495136059
431.0,0.0787025514565042
432.0,0.07762659622756198
433.0,0.07664618909518012
434.0,0.07588242806443972
435.0,0.07541410296219074
436.0,0.07529143213617384
437.0,0.07549607895082122
438.0,0.07594800458182943
439.0,0.07662055710572307
440.0,0.07759199541514797
441.0,0.0788803865552405
442.0,0.08034064922016704
443.0,0.08177883132296003
444.0,0.0830650788825001
445.0,0.08409465733436298
446.0,0.08476781672940784
447.0,0.08502915703520204
448.0,0.0848736307536477
449.0,0.08431411237382193
450.0,0.08336804787613186
451.0,0.08207869769741827
452.0,0.0805137131536172
453.0,0.07874664680732271
454.0,0.0768356069681078
455.0,0.07481414082551921
456.0,0.07272180364248716
457.0,0.07064361072669789
458.0,0.0686526225102834
459.0,0.06673648540995457
460.0,0.06484066802351549
461.0,0.06295465126294005
462.0,0.061106835234165865
463.0,0.05932313327445757
464.0,0.057648366596976905
465.0,0.056151917728953255
466.0,0.05484213967410854
467.0,0.05362620375322788
468.0,0.05238673709670773
469.0,0.05106139141587073
470.0,0.049611846615120685
471.0,0.048024269034253705
472.0,0.046411472935601425
473.0,0.044996955170477734
474.0,0.043979817339741066
475.0,0.04340795994919712
476.0,0.043158413878080296
477.0,0.04302257971362681
478.0,0.04282813275804582
479.0,0.042512236005152554
480.0,0.042080599531202356
481.0,0.04158524480279266
482.0,0.04111577737287345
483.0,0.040763269081020265
484.0,0.04059032756179673
485.0,0.040602783810796794
486.0,0.040755682384757436
487.0,0.040994286389213666
488.0,0.041297310153232236
489.0,0.041644026250514665
490.0,0.04197505722057724
491.0,0.04224747236225242
492.0,0.04248324893930379
493.0,0.04273581304119208
494.0,0.04303834608651241
495.0,0.04340464554469946
496.0,0.04383928620076491
497.0,0.044333668310583337
498.0,0.04487089971438517
499.0,0.04543661452785346
500.0,0.046020366995135766
501.0,0.04659948511545309
502.0,0.0471367413677016
503.0,0.04759349189592517
504.0,0.0479498175369542
505.0,0.04821256961423434
506.0,0.048438004017668394
507.0,0.048752503924521906
508.0,0.04927435233281796
509.0,0.050012268302694826
510.0,0.050891361961482584
511.0,0.05186480078068698
512.0,0.05292363737922985
513.0,0.054045642242464866
514.0,0.05524236241079935
515.0,0.05660257971352431
516.0,0.05817838835131408
517.0,0.05988664840849627
518.0,0.06161339246787448
519.0,0.06333853034900917
520.0,0.06507376806249082
521.0,0.06678432725583622
522.0,0.06842995574303387
523.0,0.07000263544953672
524.0,0.07150065687648188
525.0,0.07290837519866379
526.0,0.07421222310997294
527.0,0.07541394731471765
528.0,0.07653179166477411
529.0,0.07758350847710474
530.0,0.07856361765132389
531.0,0.0794290818650926
532.0,0.08010324246103975
533.0,0.08050363017606041
534.0,0.08056752817378426
535.0,0.0802947638694226
536.0,0.07976550689011175
537.0,0.0790857301674523
538.0,0.07831046522425608
539.0,0.07742451670306544
540.0,0.07638305084298638
541.0,0.07514325258016209
542.0,0.07368301586558387
543.0,0.07197849066137263
544.0,0.06998527755991078
545.0,0.06772466459647522
546.0,0.06532598992092843
547.0,0.06292109424838543
548.0,0.06054975147126115
549.0,0.0582257867834514
550.0,0.05599600436876536
551.0,0.053875719529727216
552.0,0.05181778734256484
553.0,0.04975589879511853
554.0,0.047661381539824244
555.0,0.04557056258165963
556.0,0.04355234514637307
557.0,0.04162986637919253
558.0,0.03978084164144734
559.0,0.03802378950289248
560.0,0.03643833980912732
561.0,0.035113449610662095
562.0,0.03408927048925518
563.0,0.033336102302835235
564.0,0.032770049815743746
565.0,0.03229984837177291
566.0,0.031852816833532416
567.0,0.03137491123996204
568.0,0.03094490217793748
569.0,0.03082060219405039
570.0,0.031155349096167684
571.0,0.03176791260876728
572.0,0.03235004650351635
573.0,0.032757203410430064
574.0,0.03292890910625028
575.0,0.03277343178781893
576.0,0.032289360728656125
577.0,0.031619426181381846
578.0,0.030956622725638025
579.0,0.030415942889548075
580.0,0.029982770309244636
581.0,0.029539676465243317
582.0,0.028942789430099536
583.0,0.028102791775889827
584.0,0.02698892232234819
585.0,0.025643470600075893
586.0,0.02419614247792881
587.0,0.022820517096909312
588.0,0.021675989531037596
589.0,0.020823856347101655
590.0,0.020195977539730958
591.0,0.01965359953873827
592.0,0.019091564239299752
593.0,0.01846503113970581
594.0,0.017748609396709164
595.0,0.016959013117132285
596.0,0.016168747992575297
597.0,0.015447514687704847
598.0,0.01480407103990583
599.0,0.014209882270266552
600.0,0.013646303559012599
601.0,0.013085154388526074
602.0,0.012479905528805749
603.0,0.011808340738708414
604.0,0.011102360804514627
605.0,0.010442498588307134
606.0,0.009925873886914002
607.0,0.00964865726453068
608.0,0.009667387874759792
609.0,0.009956942896465426
610.0,0.01042213974571471
611.0,0.010946566026777987
612.0,0.011473308698996015
613.0,0.012060421885470116
614.0,0.01279207418353219
615.0,0.013616730202151248
616.0,0.014372591004324448
617.0,0.01495398004476689
618.0,0.015336648832412522
619.0,0.015490202139852763
620.0,0.015399920680225276
621.0,0.01511684097100463
622.0,0.014749971031591563
623.0,0.014416353740907925
624.0,0.01418028089832582
625.0,0.014029472140521623
626.0,0.013898277250514582
627.0,0.01372357992671952
628.0,0.013467170172491202
629.0,0.013127931271566695
630.0,0.012772591722639906
631.0,0.012512259930215111
632.0,0.012423312746472237
633.0,0.012510324508989826
634.0,0.012769489422948269
635.0,0.013226375237716942
636.0,0.013891696482005333
637.0,0.014755227302577764
638.0,0.015832369564488913
639.0,0.01716065865873645
640.0,0.01875042716938148
641.0,0.02054926726343617
642.0,0.02244353416194468
643.0,0.024328621188672364
644.0,0.026185721570710738
645.0,0.02807715308356523
646.0,0.030073186637467192
647.0,0.03220797939589211
648.0,0.03447756591203241
649.0,0.03688227197502113
650.0,0.039464864654063944
651.0,0.04218550473752328
652.0,0.04485325913985788
653.0,0.047417557629571394
654.0,0.05015332220391268
655.0,0.05333669749657129
656.0,0.05697904958315403
657.0,0.06114267428824799
658.0,0.06610792807963345
659.0,0.0719772438704431
660.0,0.07845146491194481
661.0,0.08500740902384411
662.0,0.09129900125942174
663.0,0.09752056150770991
664.0,0.10430143308476582
665.0,0.11218821298974722
666.0,0.12122147655938599
667.0,0.1308879585865173
668.0,0.1409100154538354
669.0,0.1522846302131619
670.0,0.1663906058919124
671.0,0.18311629352110542
672.0,0.20171165496712223
673.0,0.2229440687316488
674.0,0.2482116012553462
675.0,0.2775129541772288
676.0,0.31159952609997027
677.0,0.3542032649208369
678.0,0.4066068062476969
679.0,0.46356018013206113
680.0,0.5210553526538967
681.0,0.5827515832745874
682.0,0.6516337110593028
683.0,0.7228892769086144
684.0,0.7896262175515079
685.0,0.8489964200663986
686.0,0.9005575921410498
687.0,0.9436291829405001
688.0,0.9768034704325296
689.0,0.9974355600161656
690.0,1.00089501082944
691.0,0.9833173882449667
692.0,0.9464909304261566
693.0,0.8972695092168923
694.0,0.8419077722100556
695.0,0.782747518759257
696.0,0.7194973616897387
697.0,0.6522534203470616
698.0,0.584259864535445
699.0,0.5202522749836558
700.0,0.46259884590295536
701.0,0.41100353392138483
702.0,0.36480071711386697
703.0,0.32343964916326573
704.0,0.286302500804019
705.0,0.25349265758917255
706.0,0.22610870852221274
707.0,0.2043146246361598
708.0,0.18617315823837302
709.0,0.16988237967702985
710.0,0.15565256791858445
711.0,0.14418307818515513
712.0,0.13507300705265002
713.0,0.12728584996785974
714.0,0.11991531102859095
715.0,0.11241754493271457
716.0,0.10467789662233264
717.0,0.09688143419769517
718.0,0.08926041130948946
719.0,0.08196333209201039
720.0,0.07500150274575747
721.0,0.06833917781965715
722.0,0.061981946366788845
723.0,0.05600091387807864
724.0,0.05053810366162154
725.0,0.04578273766959987
726.0,0.04181289536135689
727.0,0.0384690110919849
728.0,0.035539135113927325
729.0,0.03302657952488572
730.0,0.031059403020967727
731.0,0.02965620794369267
732.0,0.02865674513172793
733.0,0.027797878206824098
734.0,0.026845910084712474
735.0,0.025706856596444796
736.0,0.024438262462693067
737.0,0.023163990392284187
738.0,0.021993539126510475
739.0,0.020964338720536754
740.0,0.02007705210965363
741.0,0.019332979714671017
742.0,0.01870771635390743
743.0,0.0181752084444851
744.0,0.017793245341704386
745.0,0.017659070500100044
746.0,0.017740840523900653
747.0,0.01787760924594954
748.0,0.01795324998539534
749.0,0.01795756726253335
750.0,0.01789878522001899
751.0,0.017782517371581624
752.0,0.017642471118552966
753.0,0.01752971880159497
754.0,0.01748357791629092
755.0,0.017508055295950148
756.0,0.01757282655129712
757.0,0.017630300309880484
758.0,0.017641551786739124
759.0,0.01759152076899423
760.0,0.017486897527490164
761.0,0.017347813299848358
762.0,0.017200622915998706
763.0,0.017126244243791236
764.0,0.017246795007643825
765.0,0.017569368425814122
766.0,0.017933372659522537
767.0,0.018165528527507996
768.0,0.018206812240711925
769.0,0.018052158502042462
770.0,0.01770652788343234
771.0,0.017230249593099586
772.0,0.016713550745564437
773.0,0.016193847422347613
774.0,0.015647380230141478
775.0,0.015066563399649555
776.0,0.014479069179272552
777.0,0.013902263114067184
778.0,0.013331829941617954
779.0,0.012761566618463657
780.0,0.012192156225504527
781.0,0.011628883625733208
782.0,0.011094748503791593
783.0,0.010637123294304857
784.0,0.010279166342720733
785.0,0.009980176752744513
786.0,0.009667683331929536
787.0,0.009294186193118531
788.0,0.008845157052301683
789.0,0.008326123571214067
790.0,0.007777976189128344
791.0,0.0072693499512035825
792.0,0.006866063263135311
793.0,0.006598420846296471
794.0,0.00644540656974181
795.0,0.006357021410629174
796.0,0.006299946237789622
797.0,0.006282041741484737
798.0,0.006329786427058462
799.0,0.006449627399493965
800.0,0.006603902631345887
801.0,0.006704029515898116
802.0,0.006618628537924706
803.0,0.006269693943776633
804.0,0.005733791891242415
805.0,0.005188149180971935
806.0,0.004759124189466113
807.0,0.00447119710024213
808.0,0.004305454074963452
809.0,0.004216945653691642
810.0,0.004142954935570944
811.0,0.0040187876030282205
812.0,0.0037928515781091993
813.0,0.003467423591722349
814.0,0.0031062948647500033
815.0,0.002785501464755258
816.0,0.0025390714840362733
817.0,0.002368904554671994
818.0,0.0022711795913839677
819.0,0.002226696769973377
820.0,0.0022037514331905567
821.0,0.0021791584163588645
822.0,0.0021495199942823534
823.0,0.002116897918498853
824.0,0.0020824476280048854
825.0,0.0020635100537821915
826.0,0.0020819866561402472
827.0,0.002127682710014678
828.0,0.002159867597564591
829.0,0.002146432549807495
830.0,0.0020799774309613744
831.0,0.0019600886335956885
832.0,0.0017956601969723734
833.0,0.0016171359793993728
834.0,0.0014485617869358092
835.0,0.0012735293120920699
836.0,0.0010564180384975003
837.0,0.0007861943563731294
838.0,0.00048534279963380333
839.0,0.00019320514583263948
840.0,0.0
841.0,4.383750063319258e-05
842.0,0.0003541240483721647
843.0,0.0007712512250784842
844.0,0.0010890415615105314
845.0,0.0012191858440825792
846.0,0.0011786435251271848
847.0,0.0010245534499013775
848.0,0.000842619079674603
849.0,0.0007110269803957264
850.0,0.0006662898834226688
851.0,0.000695799050533269
852.0,0.0007636175631806769
853.0,0.0008386857563694727
854.0,0.0008952898680837512
855.0,0.0009264851636451715
856.0,0.0009600924485722029
857.0,0.0010315976322455983
858.0,0.0011360024110237399
859.0,0.0012545363806983206
860.0,0.001423550020354547
861.0,0.0016805132049185906
862.0,0.0019694082344660774
863.0,0.002183792844043922
864.0,0.002268496024070421
865.0,0.00220333488018018
866.0,0.0019459477546022313
867.0,0.0015093308122164778
868.0,0.0010157731352443133
869.0,0.0006029576282311627
870.0,0.0003201087194278085
871.0,0.00015017928299598804
872.0,7.456510640888037e-05
873.0,9.44676624184404e-05
874.0,0.00023232122295972768
875.0,0.0005074236170739405
876.0,0.0009094285209007708
877.0,0.0013874066895026987
878.0,0.001863115416008282
879.0,0.002251304322610073
880.0,0.0025012767127162716
881.0,0.0026308980021780976
882.0,0.002704481870607192
883.0,0.0027693507309545923
884.0,0.002842548403306472
885.0,0.002955694958592728
886.0,0.003141349989763259
887.0,0.003390343541347804
888.0,0.003653874868560114
889.0,0.003878832997471382
890.0,0.0040505090621841405
891.0,0.0042078253615502464
892.0,0.004401961573361313
893.0,0.004644807691813677
894.0,0.004934078325156008
895.0,0.005294172264356203
896.0,0.005757466710313797
897.0,0.00633565052558982
898.0,0.007016009483455626
899.0,0.007772001326763256
900.0,0.008568927312122054
901.0,0.009370776770513886
902.0,0.010130580803416903
903.0,0.01081185363361721
904.0,0.011454277355080145
905.0,0.012159686168598319
906.0,0.012991388572229423
907.0,0.013931945936140375
908.0,0.014946969376438246
909.0,0.016008774895108893
910.0,0.017059073329785276
911.0,0.018031682953971243
912.0,0.018907479277747066
913.0,0.01970695889391988
914.0,0.020437102972702445
915.0,0.021074263361947412
916.0,0.02158258564330301
917.0,0.021917222397274616
918.0,0.02202626464467937
919.0,0.02191699805253873
920.0,0.021691873793677874
921.0,0.02146133269709051
922.0,0.021250897398504803
923.0,0.021057191697845964
924.0,0.020922391374981253
925.0,0.020891758304576666
926.0,0.020967609529051134
927.0,0.0211228279646012
928.0,0.02132231901329351
929.0,0.021508955765697377
930.0,0.021605904825922798
931.0,0.021528887256267587
932.0,0.02122763072497441
933.0,0.020737417057889326
934.0,0.020171141843359566
935.0,0.019661049146036724
936.0,0.0192945246507948
937.0,0.019100434767278893
938.0,0.01904333722908652
939.0,0.019037271012849147
940.0,0.019000926805421328
941.0,0.01890704359735869
942.0,0.018782713014404692
943.0,0.0186646919490399
944.0,0.018568720375039927
945.0,0.018483003462062456
946.0,0.01837022587782279
947.0,0.018186837980480028
948.0,0.017934306168069764
949.0,0.01767816916835198
950.0,0.017478343468652638
951.0,0.017329939904336664
952.0,0.017220092968797826
953.0,0.017186509919950937
954.0,0.017297680502493612
955.0,0.017611825254670907
956.0,0.018157938687682867
957.0,0.01891877060167653
958.0,0.019810079565360433
959.0,0.02070299695971048
960.0,0.02146033592304815
961.0,0.022010608937276535
962.0,0.022414054579491874
963.0,0.02278617990266689
964.0,0.023125071450028234
965.0,0.023374039929596024
966.0,0.023652844064276396
967.0,0.024193570703563747
968.0,0.025094630284527755
969.0,0.02631294830213418
970.0,0.02782609619369429
971.0,0.029590810350587735
972.0,0.031449496465371776
973.0,0.033197721256881835
974.0,0.03470038810983217
975.0,0.035921662337249124
976.0,0.036891142428836565
977.0,0.03775094317362143
978.0,0.03872857201282927
979.0,0.039989502291447765
980.0,0.041542737887933064
981.0,0.04332188289961949
982.0,0.04528770830429784
983.0,0.04739753395971572
984.0,0.049614029623668135
985.0,0.05199014233572636
986.0,0.05466078796025846
987.0,0.05773063578062433
988.0,0.061210643093458014
989.0,0.06506200946592944
990.0,0.06925176497247429
991.0,0.0737763924686096
992.0,0.07868733591727302
993.0,0.08409519572560128
994.0,0.0900857312308466
995.0,0.09662792266870562
996.0,0.10362303002385173
997.0,0.11102982660569015
998.0,0.11878323355889676
999.0,0.12667302407174538
1000.0,0.13449659650779733
1001.0,0.14224506512139973
1002.0,0.15010027212950053
1003.0,0.15827800800950748
1004.0,0.16678413940668627
1005.0,0.1753398940674995
1006.0,0.18366592190609415
1007.0,0.19171064669087615
1008.0,0.1994390808005312
1009.0,0.20662606560387864
1010.0,0.21286766909988925
1011.0,0.21776108579808362
1012.0,0.22115015690262296
1013.0,0.22319438437270814
1014.0,0.2242039344726895
1015.0,0.22439666112854567
1016.0,0.22377434157701004
1017.0,0.2222078842552671
1018.0,0.21967917817314603
1019.0,0.21637404645974428
1020.0,0.21257494565303856
1021.0,0.2084471100979036
1022.0,0.2038791300168234
1023.0,0.19877369789179614
1024.0,0.1934448754508382
1025.0,0.1884305107844639
1026.0,0.18405257488412125
1027.0,0.18040701845175544
1028.0,0.17757181701768215
1029.0,0.17553770000633578
1030.0,0.17414762407575843
1031.0,0.17316314727705043
1032.0,0.17240162834891787
1033.0,0.17188990370935914
1034.0,0.17185626210002608
1035.0,0.17251085178957837
1036.0,0.17388602716314477
1037.0,0.1759652906020413
1038.0,0.1787927989111517
1039.0,0.18241487153469263
1040.0,0.18683776615518524
1041.0,0.1920389975465478
1042.0,0.19799566776655078
1043.0,0.204709452332473
1044.0,0.21220262246869342
1045.0,0.22047594041327112
1046.0,0.22958545692445498
1047.0,0.23976352684193009
1048.0,0.25132679684298165
1049.0,0.26447787018181085
1050.0,0.27927546413171944
1051.0,0.2957524073990426
1052.0,0.3138746400709716
1053.0,0.33348493450502203
1054.0,0.3544142281926313
1055.0,0.37660917452750464
1056.0,0.4000536732201749
1057.0,0.4246626629466898
1058.0,0.45043053302341524
1059.0,0.47749147997297425
1060.0,0.5057850567368254
1061.0,0.5348362512940098
1062.0,0.5638298392708168
1063.0,0.5919861671602445
1064.0,0.6190942344433445
1065.0,0.6453362138614557
1066.0,0.6701478327206818
1067.0,0.6920482986323817
1068.0,0.7098666032464261
1069.0,0.723329789721958
1070.0,0.7324193315504637
1071.0,0.7370669308961721
1072.0,0.7374015295158279
1073.0,0.7336741852023135
1074.0,0.7259800326360792
1075.0,0.7144515419104663
1076.0,0.6996576955554632
1077.0,0.682239366140207
1078.0,0.6622937730276626
1079.0,0.639792617495011
1080.0,0.6152978165532504
1081.0,0.5897369163860376
1082.0,0.563802866523203
1083.0,0.537777382047874
1084.0,0.5117207997794431
1085.0,0.48600812188571374
1086.0,0.46152880055446566
1087.0,0.43878735906582444
1088.0,0.41738760464593716
1089.0,0.3968466745402208
1090.0,0.3772888691441929
1091.0,0.3590550950306586
1092.0,0.3423212041729546
1093.0,0.3272344373482573
1094.0,0.31387251285183343
1095.0,0.3019468214425634
1096.0,0.2908990674034614
1097.0,0.28033792376560385
1098.0,0.2702234302892891
1099.0,0.26063647986449706
1100.0,0.2517145987996605
1101.0,0.24375496418945314
1102.0,0.23702661710162198
1103.0,0.23152140319868658
1104.0,0.22693233238127447
1105.0,0.22285612923799442
1106.0,0.21891367444423201
1107.0,0.21479359378238344
1108.0,0.2104117618493781
1109.0,0.20595032543307598
1110.0,0.201755337794583
1111.0,0.198130951245666
1112.0,0.195178987511464
1113.0,0.1927795471395914
1114.0,0.19069567289662526
1115.0,0.18872744750040507
1116.0,0.18669923989264586
1117.0,0.18447524451448236
1118.0,0.18207685252794426
1119.0,0.17968921079913242
1120.0,0.17755940629030256
1121.0,0.17583216847004365
1122.0,0.1744479452495591
1123.0,0.17318513732128485
1124.0,0.17181655714398364
1125.0,0.17022888396269376
1126.0,0.168397069252016
1127.0,0.16639857408260153
1128.0,0.16443086024639175
1129.0,0.16272898430602442
1130.0,0.16146238087603293
1131.0,0.16064795322248707
1132.0,0.16016218236395371
1133.0,0.1598433333167723
1134.0,0.15960977520270764
1135.0,0.15943837416538026
1136.0,0.15928067894558212
1137.0,0.15905597532866605
1138.0,0.15867577238505715
1139.0,0.15804473795892016
1140.0,0.15708039201163954
1141.0,0.15581162762968143
1142.0,0.15438821016214915
1143.0,0.1529469372938626
1144.0,0.15148950446515386
1145.0,0.14987882429555355
1146.0,0.14794289213579362
1147.0,0.1456144601116811
1148.0,0.14297233598992076
1149.0,0.1401268144174155
1150.0,0.13714653685920458
1151.0,0.13410841987392305
1152.0,0.1310630298950333
1153.0,0.12794610446160143
1154.0,0.12463241737498386
1155.0,0.12107468877632215
1156.0,0.11732570787090585
1157.0,0.11344902189974276
1158.0,0.1094956590308483
1159.0,0.10552466417062156
1160.0,0.10160305816144981
1161.0,0.09779662094700803
1162.0,0.09413463037750903
1163.0,0.09059553097773282
1164.0,0.08715177811384023
1165.0,0.08382310867708127
1166.0,0.08069919011676059
1167.0,0.07790625076553202
1168.0,0.07552167527443271
1169.0,0.07351951761630136
1170.0,0.07178943234217915
1171.0,0.0702074780892549
1172.0,0.06868487164535532
1173.0,0.0671993429934648
1174.0,0.0657808214018113
1175.0,0.0645092678432258
1176.0,0.06357502968518448
1177.0,0.06313884700245533
1178.0,0.06306787619778009
1179.0,0.06299768991197302
1180.0,0.06266837923594842
1181.0,0.06206588053602184
1182.0,0.06128108991885579
1183.0,0.06043438310613527
1184.0,0.05966404670140487
1185.0,0.059075987582877104
1186.0,0.058715197948715186
1187.0,0.058525529286750935
1188.0,0.0583630299397908
1189.0,0.05810668572571642
1190.0,0.05775501256906218
1191.0,0.05739185964429246
1192.0,0.057089825706660755
1193.0,0.056883672978416684
1194.0,0.0567781787264274
1195.0,0.05677568263235095
1196.0,0.05689000138704467
1197.0,0.05709508710609279
1198.0,0.05730868152325339
1199.0,0.05744199133973131
1200.0,0.057439373971387875
1201.0,0.057252270774206006
1202.0,0.056855256507876685
1203.0,0.05631872888968047
1204.0,0.05578894401171186
1205.0,0.0553902397724865
1206.0,0.055161451804774116
1207.0,0.055076104933814506
1208.0,0.05510004094609089
1209.0,0.05525187157026304
1210.0,0.055543359043425465
1211.0,0.05587223334608847
1212.0,0.05607462676607231
1213.0,0.056052831398507384
1214.0,0.05583369298805594
1215.0,0.055530147163431895
1216.0,0.0552597656511615
1217.0,0.055069852493796964
1218.0,0.05495463602986853
1219.0,0.05490924551272581
1220.0,0.054903100904187575
1221.0,0.054868576008657
1222.0,0.0547524833855445
1223.0,0.05455402185110815
1224.0,0.05429960721468189
1225.0,0.054009041970809524
1226.0,0.053703958867781794
1227.0,0.053395782735774236
1228.0,0.05303919538945629
1229.0,0.05255789833312652
1230.0,0.05194100088473642
1231.0,0.0512648742038494
1232.0,0.05061614078201867
1233.0,0.05004205479205118
1234.0,0.049569346950488515
1235.0,0.04918760324048059
1236.0,0.04882382146208082
1237.0,0.048375566479219964
1238.0,0.04776728914317598
1239.0,0.04700281943368429
1240.0,0.04616629744132689
1241.0,0.04535434197198058
1242.0,0.044599772156030976
1243.0,0.043895608994281875
1244.0,0.043261960582220406
1245.0,0.04279110447728111
1246.0,0.042624584826611606
1247.0,0.042780058002060604
1248.0,0.043066739307850495
1249.0,0.04322584065310713
1250.0,0.04311047389996611
1251.0,0.04271016474112893
1252.0,0.04210712378749575
1253.0,0.041447987007547406
1254.0,0.04088591915724363
1255.0,0.04056980731269906
1256.0,0.04058084470772695
1257.0,0.04083554195470167
1258.0,0.04114567483535801
1259.0,0.04139852183426117
1260.0,0.04160491931231299
1261.0,0.04177389813652753
1262.0,0.04186677277335814
1263.0,0.04184328308156983
1264.0,0.041682131113539245
1265.0,0.041373137648588146
1266.0,0.04095652828793346
1267.0,0.040550200323748384
1268.0,0.040302153974583546
1269.0,0.04031725126099951
1270.0,0.04058802629332217
1271.0,0.041000836969458956
1272.0,0.041427334385843465
1273.0,0.04181850590313488
1274.0,0.042175450694818886
1275.0,0.042486111645935826
1276.0,0.04272922317079255
1277.0,0.04288352213039902
1278.0,0.0429117504059843
1279.0,0.04277960426885856
1280.0,0.042533247657566
1281.0,0.042314060202938326
1282.0,0.042299794287237735
1283.0,0.04259502064151286
1284.0,0.04314535145646928
1285.0,0.04377240865359587
1286.0,0.044305159494796575
1287.0,0.04466808944058806
1288.0,0.04485039423170928
1289.0,0.044889753300347196
1290.0,0.04486507301714596
1291.0,0.04485886163316328
1292.0,0.044923645755377564
1293.0,0.04506499763223848
1294.0,0.04525727516469299
1295.0,0.04548465129642312
1296.0,0.045772778069791416
1297.0,0.046133057311789
1298.0,0.04650593617006431
1299.0,0.046801064885434396
1300.0,0.0469660872380149
1301.0,0.04701269065548328
1302.0,0.04700036925209349
1303.0,0.04701284666169136
1304.0,0.047124404943171966
1305.0,0.047401549919008905
1306.0,0.04788284206576306
1307.0,0.04850726389271957
1308.0,0.04912292373183076
1309.0,0.04957449583706661
1310.0,0.04979884642336227
1311.0,0.04985450266001755
1312.0,0.049865160857105656
1313.0,0.049919252328921575
1314.0,0.05002256049041313
1315.0,0.05014492053994419
1316.0,0.05026211419258776
1317.0,0.0503700266321132
1318.0,0.05048841326551939
1319.0,0.05064759891188285
1320.0,0.050864642576830876
1321.0,0.05112857022945193
1322.0,0.051425802430243486
1323.0,0.05177244138670953
1324.0,0.05217617000698885
1325.0,0.05259482981000252
1326.0,0.052969531648838344
1327.0,0.05327082439598728
1328.0,0.053477076780973284
1329.0,0.05355742247256637
1330.0,0.053535366464803356
1331.0,0.053522804222378983
1332.0,0.05371252099578161
1333.0,0.054272238380477046
1334.0,0.0551568579724095
1335.0,0.056106359613635706
1336.0,0.05687028396188133
1337.0,0.05737157792526176
1338.0,0.05764066712524819
1339.0,0.057747018836811104
1340.0,0.05779115025520397
1341.0,0.05785940000758425
1342.0,0.05798747032846046
1343.0,0.05816142719244351
1344.0,0.05835600742322329
1345.0,0.05856935049934151
1346.0,0.05883278787806672
1347.0,0.0591743912616768
1348.0,0.05957491370166783
1349.0,0.05997590084427772
1350.0,0.060320890578702685
1351.0,0.06057211828998184
1352.0,0.06071117892599298
1353.0,0.0607718683293118
1354.0,0.06084479224969401
1355.0,0.06105404930510781
1356.0,0.061497346639140714
1357.0,0.062144518727247314
1358.0,0.06281664551513001
1359.0,0.06324178071071251
1360.0,0.0632080063178365
1361.0,0.06273718062700095
1362.0,0.06208667040356562
1363.0,0.06156814803864852
1364.0,0.06136305524139844
1365.0,0.06151363433463412
1366.0,0.06194950267331563
1367.0,0.06252365729125174
1368.0,0.06310035299999672
1369.0,0.06361781659269827
1370.0,0.06408853274760797
1371.0,0.064531438009475
1372.0,0.06497372457817409
1373.0,0.0654946154343387
1374.0,0.066148628850111
1375.0,0.06687433755017991
1376.0,0.06753772005829693
1377.0,0.06804024793556407
1378.0,0.06833717492125876
1379.0,0.06840698843883161
1380.0,0.06829432629357078
1381.0,0.06811002051883688
1382.0,0.06789625133444882
1383.0,0.06756263763494061
1384.0,0.06707382557681346
1385.0,0.0665768669285866
1386.0,0.0662794927777043
1387.0,0.06629289875063915
1388.0,0.06659016225147688
1389.0,0.06704667536015581
1390.0,0.0675189977248348
1391.0,0.06791926621261257
1392.0,0.06820612083187855
1393.0,0.06838235069462362
1394.0,0.06850828249239677
1395.0,0.06864784030489285
1396.0,0.06879034690944671
1397.0,0.06888235474676109
1398.0,0.06893153216696218
1399.0,0.06903793114403231
1400.0,0.06934537272272602
1401.0,0.06992939002001664
1402.0,0.07072325244792058
1403.0,0.07154190564197474
1404.0,0.07218621058887863
1405.0,0.07251646971619893
1406.0,0.07247936484039155
1407.0,0.07218320586054977
1408.0,0.07187836422675348
1409.0,0.07185830078076562
1410.0,0.07231452989889636
1411.0,0.07318980757715049
1412.0,0.07420136727844961
1413.0,0.0750117906159631
1414.0,0.07543265043909941
1415.0,0.07547855906283293
1416.0,0.07530300642537226
1417.0,0.07508686206293616
1418.0,0.07493180337984996
1419.0,0.0748665727250613
1420.0,0.07488125381542789
1421.0,0.07496376591648973
1422.0,0.07513342961776043
1423.0,0.07544560863098397
1424.0,0.07593910546382882
1425.0,0.07657399202338222
1426.0,0.07722905809779533
1427.0,0.0777559959605141
1428.0,0.07807912015340959
1429.0,0.07825028356233889
1430.0,0.0784220562566653
1431.0,0.07875563530682797
1432.0,0.07938023987482766
1433.0,0.08037976650184543
1434.0,0.08166270096984198
1435.0,0.08293492400768124
1436.0,0.08382811867809914
1437.0,0.08410129739306907
1438.0,0.0838312236871546
1439.0,0.08335910832027996
1440.0,0.08296859874294266
1441.0,0.08267343155670404
1442.0,0.08241017424315505
1443.0,0.0822120464446007
1444.0,0.08215494780877489
1445.0,0.08230987650979366
1446.0,0.08275813592312578
1447.0,0.0835232167812606
1448.0,0.08445026940396128
1449.0,0.08532606811773633
1450.0,0.08614790249853287
1451.0,0.08705851396669723
1452.0,0.08804334325243501
1453.0,0.08886621032753556
1454.0,0.08922893901444032
1455.0,0.08899622709270186
1456.0,0.08830846560304359
1457.0,0.08749764511732266
1458.0,0.08687319902550877
1459.0,0.08662791920810073
1460.0,0.08684540093939247
1461.0,0.08742960155515633
1462.0,0.08814130705700035
1463.0,0.08876980130681704
1464.0,0.08927145697795977
1465.0,0.08970424627462026
1466.0,0.09011249698736501
1467.0,0.09052934728861682
1468.0,0.0909785489599424
1469.0,0.09145668017596995
1470.0,0.09193539799134516
1471.0,0.09238231238840283
1472.0,0.09278067402391585
1473.0,0.09312870236196757
1474.0,0.09343491001535183
1475.0,0.09371407830590105
1476.0,0.09397421602543203
1477.0,0.0942045069903543
1478.0,0.09439080135078293
1479.0,0.09454303700399319
1480.0,0.09470082978685992
1481.0,0.09491621794347493
1482.0,0.09521657730359454
1483.0,0.09558176070206431
1484.0,0.0959531961377676
1485.0,0.09626883216793114
1486.0,0.09649064279430689
1487.0,0.09661367163548039
1488.0,0.09667667994580709
1489.0,0.09674668636721315
1490.0,0.09689183216312361
1491.0,0.09715102928843658
1492.0,0.09751240090760052
1493.0,0.09791946036425592
1494.0,0.09827914408523976
1495.0,0.09850954870688478
1496.0,0.09860933169031
1497.0,0.09866729521677742
1498.0,0.09880044565952778
1499.0,0.09908746039227756
1500.0,0.09956536041392192
1501.0,0.10021557427727293
1502.0,0.10094544084541932
1503.0,0.10163324224155029
1504.0,0.10219557213651759
1505.0,0.10262537586219728
1506.0,0.10297004958601305
1507.0,0.1032872391745891
1508.0,0.10360488270616391
1509.0,0.10391948774368874
1510.0,0.10422617543430782
1511.0,0.10452233522561044
1512.0,0.104801088929105
1513.0,0.10506713723385708
1514.0,0.1053455765842908
1515.0,0.1056408928127833
1516.0,0.10591369533310716
1517.0,0.10615141217198605
1518.0,0.10641396136365185
1519.0,0.10676668544877452
1520.0,0.10720880582479293
1521.0,0.10766007746191932
1522.0,0.10803038402636156
1523.0,0.10836739427398565
1524.0,0.10883310069191438
1525.0,0.10944774413980041
1526.0,0.11004093190653944
1527.0,0.11050627336896192
1528.0,0.11089947674514943
1529.0,0.11128718697570512
1530.0,0.1116687298409744
1531.0,0.11201626956664555
1532.0,0.1123163026507708
1533.0,0.11259588147849384
1534.0,0.11286083982689112
1535.0,0.11301173014302866
1536.0,0.11296977811181896
1537.0,0.11284163065946501
1538.0,0.1128527785442279
1539.0,0.11316908726999228
1540.0,0.11380950095414033
1541.0,0.11467347853180848
1542.0,0.11560934935586545
1543.0,0.11650602932516274
1544.0,0.11731583130844553
1545.0,0.11803373227872548
1546.0,0.11867921148823132
1547.0,0.11926819887618426
1548.0,0.11980868970183763
1549.0,0.12030298039166437
1550.0,0.12075792546873144
1551.0,0.12117873384474484
1552.0,0.12153501325719507
1553.0,0.12177966689666461
1554.0,0.12191933953868003
1555.0,0.12202428137408805
1556.0,0.12216682660177632
1557.0,0.12238134355793229
1558.0,0.1226760398379339
1559.0,0.12303758422814948
1560.0,0.12343219029100622
1561.0,0.12384685797813003
1562.0,0.12432902722729038
1563.0,0.12492230076187012
1564.0,0.1255811134402979
1565.0,0.1261401094460541
1566.0,0.1263696227149031
1567.0,0.12618515455711093
1568.0,0.12577229334707019
1569.0,0.1254793200924152
1570.0,0.12559072636807186
1571.0,0.12618498579574458
1572.0,0.1271255981988703
1573.0,0.1281187591583647
1574.0,0.12887404423952065
1575.0,0.12922542660513497
1576.0,0.12918747751014217
1577.0,0.12893487745030963
1578.0,0.12867223239139314
1579.0,0.1285029153743482
1580.0,0.12839659811512044
1581.0,0.12830400296309522
1582.0,0.12823847281281056
1583.0,0.12825601320230706
1584.0,0.12840571753934155
1585.0,0.12868337190329723
1586.0,0.12902726456100824
1587.0,0.12935872102981943
1588.0,0.12962535335802544
1589.0,0.12981677805547923
1590.0,0.12997157028441575
1591.0,0.1301579466710926
1592.0,0.13043433108395688
1593.0,0.13081986363818643
1594.0,0.1313016861863179
1595.0,0.13186673502688268
1596.0,0.1325236806981349
1597.0,0.13332768664215514
1598.0,0.13426381960365805
1599.0,0.0
