0.0,0.0
1.0,0.0
2.0,0.0
3.0,0.0
4.0,0.0
5.0,0.0
6.0,0.0
7.0,0.0
8.0,0.0
9.0,0.0
10.0,0.0
11.0,0.0
12.0,0.0
13.0,0.0
14.0,0.0
15.0,0.0
16.0,0.0
17.0,0.0
18.0,0.0
19.0,0.0
20.0,0.0
21.0,0.0
22.0,0.0
23.0,0.0
24.0,0.0
25.0,0.0
26.0,0.0
27.0,0.0
28.0,0.0
29.0,0.0
30.0,0.0
31.0,0.0
32.0,0.0
33.0,0.0
34.0,0.0
35.0,0.0
36.0,0.0
37.0,0.0
38.0,0.0
39.0,0.0
40.0,0.0
41.0,0.0
42.0,0.0
43.0,0.0
44.0,0.0
45.0,0.0
46.0,0.0
47.0,0.0
48.0,0.0
49.0,0.0
50.0,0.0
51.0,0.0
52.0,0.0
53.0,0.0
54.0,0.0
55.0,0.0
56.0,0.0
57.0,0.0
58.0,0.0
59.0,0.0
60.0,0.0
61.0,0.0
62.0,0.0
63.0,0.0
64.0,0.0
65.0,0.0
66.0,0.0
67.0,0.0
68.0,0.0
69.0,0.0
70.0,0.0
71.0,0.0
72.0,0.0
73.0,0.0
74.0,0.0
75.0,0.0
76.0,0.0
77.0,0.0
78.0,0.0
79.0,0.0
80.0,0.0
81.0,0.0
82.0,0.0
83.0,0.0
84.0,0.0
85.0,0.0
86.0,0.0
87.0,0.0
88.0,0.0
89.0,0.0
90.0,0.0
91.0,0.0
92.0,0.0
93.0,0.0
94.0,0.0
95.0,0.0
96.0,0.0
97.0,0.0
98.0,0.0
99.0,0.0
100.0,0.0
101.0,0.0
102.0,0.0
103.0,0.0
104.0,0.0
105.0,0.0
106.0,0.0
107.0,0.0
108.0,0.0
109.0,0.0
110.0,0.0
111.0,0.0
112.0,0.0
113.0,0.0
114.0,0.0
115.0,0.0
116.0,0.0
117.0,0.0
118.0,0.0
119.0,0.0
120.0,0.0
121.0,0.0
122.0,0.0
123.0,0.0
124.0,0.0
125.0,0.0
126.0,0.0
127.0,0.0
128.0,0.0
129.0,0.0
130.0,0.0
131.0,0.0
132.0,0.0
133.0,0.0
134.0,0.0
135.0,0.0
136.0,0.0
137.0,0.0
138.0,0.0
139.0,0.0
140.0,0.0
141.0,0.0
142.0,0.0
143.0,0.0
144.0,0.0
145.0,0.0
146.0,0.0
147.0,0.0
148.0,0.0
149.0,0.0
150.0,0.0
151.0,0.0
152.0,0.0
153.0,0.0
154.0,0.0
155.0,0.0
156.0,0.0
157.0,0.0
158.0,0.0
159.0,0.0
160.0,0.0
161.0,0.0
162.0,0.0
163.0,0.0
164.0,0.0
165.0,0.0
166.0,0.0
167.0,0.0
168.0,0.0
169.0,0.0
170.0,0.0
171.0,0.0
172.0,0.0
173.0,0.0
174.0,0.0
175.0,0.0
176.0,0.0
177.0,0.0
178.0,0.0
179.0,0.0
180.0,0.0
181.0,0.0
182.0,0.0
183.0,0.0
184.0,0.0
185.0,0.0
186.0,0.0
187.0,0.0
188.0,0.0
189.0,0.0
190.0,0.0
191.0,0.0
192.0,0.0
193.0,0.0
194.0,0.0
195.0,0.0
196.0,0.0
197.0,0.0
198.0,0.0
199.0,0.0
200.0,0.0
201.0,0.0
202.0,0.0
203.0,0.0
204.0,0.0
205.0,0.0
206.0,0.0
207.0,0.0
208.0,0.0
209.0,0.0
210.0,0.0
211.0,0.0
212.0,0.0
213.0,0.0
214.0,0.0
215.0,0.0
216.0,0.0
217.0,0.0
218.0,0.0
219.0,0.0
220.0,0.0
221.0,0.0
222.0,0.0
223.0,0.0
224.0,0.0
225.0,0.0
226.0,0.0
227.0,0.0
228.0,0.0
229.0,0.0
230.0,0.0
231.0,0.0
232.0,0.0
233.0,0.0
234.0,0.0
235.0,0.0
236.0,0.0
237.0,0.0
238.0,0.0
239.0,0.0
240.0,0.0
241.0,0.0
242.0,0.0
243.0,0.0
244.0,0.0
245.0,0.0
246.0,0.0
247.0,0.0
248.0,0.0
249.0,0.0
250.0,0.0
251.0,0.0
252.0,0.0
253.0,0.0
254.0,0.0
255.0,0.0
256.0,0.0
257.0,0.0
258.0,0.0
259.0,0.0
260.0,0.0
261.0,0.0
262.0,0.0
263.0,0.0
264.0,0.0
265.0,0.0
266.0,0.0
267.0,0.0
268.0,0.0
269.0,0.0
270.0,0.0
271.0,0.0
272.0,0.0
273.0,0.0
274.0,0.0
275.0,0.0
276.0,0.0
277.0,0.0
278.0,0.0
279.0,0.0
280.0,0.019691237714660192
281.0,0.020998470826889763
282.0,0.02259094144210752
283.0,0.024511017029548263
284.0,0.02660804495424369
285.0,0.028779408961169855
286.0,0.03094385727079927
287.0,0.033074379049400346
288.0,0.03526067391805207
289.0,0.03761250561980796
290.0,0.04004856064912311
291.0,0.042282933105778645
292.0,0.044024217629307444
293.0,0.0451194802478847
294.0,0.04552700609123411
295.0,0.04536374059310349
296.0,0.04494690989019085
297.0,0.04456967729908258
298.0,0.04424245346077153
299.0,0.04382988129588546
300.0,0.04336506781580421
301.0,0.04302061196300826
302.0,0.04291278792748719
303.0,0.04295601363766412
304.0,0.042892443489841336
305.0,0.042742198468055714
306.0,0.04302669368780393
307.0,0.044161988159940754
308.0,0.04598315182210532
309.0,0.04814978738617046
310.0,0.05065716742838496
311.0,0.05385887424669201
312.0,0.05851400330462533
313.0,0.06633810248913913
314.0,0.07910828098643621
315.0,0.09639169527568331
316.0,0.11552476722484215
317.0,0.13408976382032547
318.0,0.1517233602561762
319.0,0.16992874763936436
320.0,0.18980727180649914
321.0,0.20943323936430788
322.0,0.22446517664255078
323.0,0.23120474372688887
324.0,0.22800175339812567
325.0,0.21441505762480242
326.0,0.19252321456794608
327.0,0.16761242460510464
328.0,0.14429322246453138
329.0,0.12272038010476558
330.0,0.10109711008597459
331.0,0.07990514921939296
332.0,0.06093248846093031
333.0,0.04509164466909616
334.0,0.03285194188195819
335.0,0.024796021955226996
336.0,0.020441791210394286
337.0,0.01800237521833445
338.0,0.015932647139869763
339.0,0.013986297493257631
340.0,0.012420061998789929
341.0,0.011230346494178763
342.0,0.010306477857471998
343.0,0.009597773012862583
344.0,0.009216112389499875
345.0,0.009316347097501516
346.0,0.009822542392859117
347.0,0.010446413555468784
348.0,0.010969354748888237
349.0,0.011326140741821013
350.0,0.011469106910345528
351.0,0.011383248874744338
352.0,0.011160417684859515
353.0,0.010917561267171819
354.0,0.01067412908428634
355.0,0.010384981629612745
356.0,0.010042129882779867
357.0,0.009691341184506173
358.0,0.00939629996147974
359.0,0.009181381376694935
360.0,0.009009900151176677
361.0,0.008861115393845709
362.0,0.008788787313879033
363.0,0.008865211521256716
364.0,0.009132591864689066
365.0,0.009664481812755192
366.0,0.010546822613609015
367.0,0.011715033154221607
368.0,0.012925620817523471
369.0,0.013898908649702016
370.0,0.01448451617022007
371.0,0.014707179416985877
372.0,0.014756788262961243
373.0,0.014945651614007023
374.0,0.015489997657383396
375.0,0.0162880976645646
376.0,0.0171492301079767
377.0,0.018240737539497634
378.0,0.019966808291965475
379.0,0.02252579498557432
380.0,0.025613726727034797
381.0,0.028492629356821095
382.0,0.031189088912833188
383.0,0.0352993812926772
384.0,0.042184643127814475
385.0,0.05122266519660053
386.0,0.061417978194960865
387.0,0.07332691346264068
388.0,0.08813869637604894
389.0,0.10676041071112007
390.0,0.13215026877510577
391.0,0.16854309790730704
392.0,0.21419879144630777
393.0,0.2601372456172259
394.0,0.29855648344428654
395.0,0.32807597269793837
396.0,0.34951730460925234
397.0,0.3629367191828207
398.0,0.3693285493970628
399.0,0.3690849626836268
400.0,0.35807660986441114
401.0,0.33144337137046864
402.0,0.2915961325206491
403.0,0.24729421619230102
404.0,0.20579262816765365
405.0,0.16987459366282603
406.0,0.14022694765289762
407.0,0.11624815631992705
408.0,0.09660404079449302
409.0,0.08023672997639716
410.0,0.06700560630938386
411.0,0.05727785799646044
412.0,0.05107731392428569
413.0,0.047654652317384465
414.0,0.045763664138368604
415.0,0.04505784780277678
416.0,0.046572244069180035
417.0,0.0507053763035821
418.0,0.056029653415248126
419.0,0.06091760465651068
420.0,0.06492537077132146
421.0,0.06824792053944613
422.0,0.07101916454357077
423.0,0.07322025845108868
424.0,0.07451431448672718
425.0,0.07407537122798072
426.0,0.07109571759672531
427.0,0.06557611520630607
428.0,0.058506110080645324
429.0,0.05132919165047846
430.0,0.04507001111922823
431.0,0.03979260544577578
432.0,0.03505741418885827
433.0,0.030903803647198143
434.0,0.027887198773767267
435.0,0.026504367062185542
436.0,0.027022244441844118
437.0,0.029548798876818688
438.0,0.0336797682579307
439.0,0.03848313621397875
440.0,0.043692600404043075
441.0,0.050314533163908805
442.0,0.0589412588506686
443.0,0.0684828288511822
444.0,0.0772759123325708
445.0,0.08436614647070634
446.0,0.08922048624877109
447.0,0.09150232453993576
448.0,0.09159237305621785
449.0,0.09034637970474357
450.0,0.08808695399864122
451.0,0.08437901486870863
452.0,0.07892169187060029
453.0,0.07208914042867211
454.0,0.0647245850289452
455.0,0.057585792006194694
456.0,0.05083094049388745
457.0,0.04420645862800847
458.0,0.03773138653385725
459.0,0.031734108451737214
460.0,0.026428090571224368
461.0,0.02189847468350134
462.0,0.018296793239933204
463.0,0.01563305021126369
464.0,0.013585817340159095
465.0,0.01184128429219719
466.0,0.010446914944487816
467.0,0.009559268678875507
468.0,0.009104732132751314
469.0,0.00887838571931774
470.0,0.00872956871364472
471.0,0.008554845915391587
472.0,0.008283518899968957
473.0,0.007938207972617392
474.0,0.007620269500688934
475.0,0.007415298516203969
476.0,0.007341426962971756
477.0,0.007415982416614647
478.0,0.007655315664456999
479.0,0.007971523981183844
480.0,0.008272213751939962
481.0,0.008712990358717788
482.0,0.009525092252432588
483.0,0.010580340394508371
484.0,0.011473856287224776
485.0,0.011984700049342878
486.0,0.011940817780427264
487.0,0.010797851893127437
488.0,0.008299865434442527
489.0,0.005221242485854455
490.0,0.0027678614666315007
491.0,0.001546594690143538
492.0,0.0015299357846969702
493.0,0.0025339539813961573
494.0,0.004175943843109875
495.0,0.0059049968428477595
496.0,0.0072913412514780535
497.0,0.008228908094476704
498.0,0.00884159205129547
499.0,0.009270874308759641
500.0,0.009615919015574168
501.0,0.009896638154144974
502.0,0.0100562473131931
503.0,0.010045481249220611
504.0,0.009948036702375845
505.0,0.009952822509351436
506.0,0.010168792395337911
507.0,0.010566539159700288
508.0,0.011100096746335088
509.0,0.011762433058142167
510.0,0.012552541906807796
511.0,0.013406084410574032
512.0,0.014135332078150695
513.0,0.014655455433663214
514.0,0.015232603070677288
515.0,0.01632488580691195
516.0,0.01823780239203976
517.0,0.021060081358411552
518.0,0.024790526592874673
519.0,0.02919452491516762
520.0,0.03381741532268591
521.0,0.03875173411539774
522.0,0.04490783217347222
523.0,0.052579523800343336
524.0,0.06060889669717061
525.0,0.06773316027966769
526.0,0.07375821986188578
527.0,0.07894087496992783
528.0,0.08329099728623396
529.0,0.086698793988845
530.0,0.08892116620071798
531.0,0.0892506132437491
532.0,0.08691439958539733
533.0,0.08201802904839876
534.0,0.07561541161306048
535.0,0.06886380856077068
536.0,0.062262237735624976
537.0,0.05550920134405857
538.0,0.048173890473162284
539.0,0.04063224860589844
540.0,0.03379677292773852
541.0,0.02814057067006103
542.0,0.023608257064397092
543.0,0.02011433563889997
544.0,0.017507857464048544
545.0,0.0154407504801653
546.0,0.013660325458754903
547.0,0.012250649685177424
548.0,0.011329102858883958
549.0,0.010725117071618176
550.0,0.010170114247173435
551.0,0.009536784130162457
552.0,0.00874914641021083
553.0,0.007725856221601005
554.0,0.006562129526055109
555.0,0.005569950341423609
556.0,0.005133221485304304
557.0,0.005474392819013421
558.0,0.006496222898013063
559.0,0.007854550286281757
560.0,0.009211090280139167
561.0,0.01040859433421247
562.0,0.011412042857376126
563.0,0.012251147312480531
564.0,0.01299128745467612
565.0,0.013613337728920365
566.0,0.013915950025455717
567.0,0.01369923883770062
568.0,0.01301654469087385
569.0,0.012163873628173949
570.0,0.011470415409593912
571.0,0.011221755946258037
572.0,0.011652029240689574
573.0,0.012760355628031676
574.0,0.014273700156962416
575.0,0.015986823771701464
576.0,0.018030076660394925
577.0,0.020622587634779477
578.0,0.023749217160055555
579.0,0.02708109354759057
580.0,0.03012507902322896
581.0,0.03248070960214723
582.0,0.03402175963707471
583.0,0.03482694550779715
584.0,0.03503897109027282
585.0,0.034824904624273345
586.0,0.03425877807811152
587.0,0.03319095500872521
588.0,0.03144974254606012
589.0,0.029249763677128324
590.0,0.027043901824794825
591.0,0.0249685660569519
592.0,0.022850283714267693
593.0,0.02065272321325448
594.0,0.018540316350050642
595.0,0.01665921757568886
596.0,0.01509352349117491
597.0,0.013921248168987876
598.0,0.013133619637420275
599.0,0.0125846085777232
600.0,0.012133073244470396
601.0,0.011783733748722477
602.0,0.011593116431751677
603.0,0.011535542004396576
604.0,0.01153603618030749
605.0,0.011509663472956316
606.0,0.011234199402088786
607.0,0.010409729770035528
608.0,0.009054425246009003
609.0,0.007590325116834287
610.0,0.006430166068130322
611.0,0.005694933771910764
612.0,0.005391682065389494
613.0,0.005515415673957733
614.0,0.005953393222616739
615.0,0.00654295904014595
616.0,0.007228616260258974
617.0,0.008062764666432805
618.0,0.009062291446660133
619.0,0.01015317208491135
620.0,0.011212127017984144
621.0,0.01227096475033261
622.0,0.013679571809841189
623.0,0.01563172796420683
624.0,0.017665621997306577
625.0,0.01896598333758326
626.0,0.018992151458932953
627.0,0.017701210951523903
628.0,0.015398711608537827
629.0,0.012622174148811408
630.0,0.009899292543547128
631.0,0.007529593247383476
632.0,0.005532925606454957
633.0,0.003811118058070523
634.0,0.0023472354924679723
635.0,0.0011906928649582163
636.0,0.0004024336193941408
637.0,1.6161866706762562e-05
638.0,0.0
639.0,0.00023354949857895546
640.0,0.0005783040922604718
641.0,0.0010001247235300187
642.0,0.00155434912648892
643.0,0.0022358009346724467
644.0,0.0029591196903301226
645.0,0.003669822880429871
646.0,0.004363970991903894
647.0,0.00502797006676927
648.0,0.005647872826114314
649.0,0.0062500678801765686
650.0,0.006795560496834073
651.0,0.007083579391083623
652.0,0.006993158270851049
653.0,0.006714945039503352
654.0,0.0065785914809989715
655.0,0.006764793027139407
656.0,0.007297210072763564
657.0,0.00815996155845227
658.0,0.009377206232785332
659.0,0.01102626364766321
660.0,0.01307540897138637
661.0,0.015353470040716383
662.0,0.01779411284089022
663.0,0.020573709849819655
664.0,0.02402807157707161
665.0,0.028282400224944743
666.0,0.032647562801905075
667.0,0.036386498743202905
668.0,0.040664364958636526
669.0,0.04758758593707957
670.0,0.0568748956044266
671.0,0.06654969072899009
672.0,0.07671933591299948
673.0,0.08988850936111659
674.0,0.10817713347542018
675.0,0.13511426740786772
676.0,0.1786541886508371
677.0,0.2424981485953202
678.0,0.3177240298817766
679.0,0.39413623692918653
680.0,0.47448896480128433
681.0,0.5672059819537832
682.0,0.6729896515285644
683.0,0.7811782724426412
684.0,0.8743098522587224
685.0,0.9338364183995497
686.0,0.9479543335421287
687.0,0.9201388485516485
688.0,0.8664760328170606
689.0,0.8024955090103252
690.0,0.7326452518379454
691.0,0.6536733279790672
692.0,0.5630904628949751
693.0,0.4663541525196022
694.0,0.37596420683942444
695.0,0.3021150033839274
696.0,0.24682164466485315
697.0,0.20622936625062702
698.0,0.17470473313394652
699.0,0.148160543616027
700.0,0.12565992699123646
701.0,0.10801275033778543
702.0,0.0955588867915515
703.0,0.08653320249797425
704.0,0.0784539509453569
705.0,0.07057256563820749
706.0,0.06344633418772322
707.0,0.057216670184744994
708.0,0.05159361550761568
709.0,0.04639544837544296
710.0,0.04164139464214518
711.0,0.03745208914376873
712.0,0.03385001812718011
713.0,0.030654070294162686
714.0,0.02763549993521769
715.0,0.024687902104547355
716.0,0.02181586030767793
717.0,0.01908273231814228
718.0,0.016597715323432294
719.0,0.014491461379076698
720.0,0.012936732542653123
721.0,0.012037388386664932
722.0,0.011636774539902014
723.0,0.011411031830895535
724.0,0.011179378655478384
725.0,0.010966888382550805
726.0,0.010791637047696756
727.0,0.010609545425669997
728.0,0.010403269021599382
729.0,0.01010252352006892
730.0,0.009472623524592397
731.0,0.008379257810155027
732.0,0.007064643401668513
733.0,0.005942212675665179
734.0,0.005231157901926423
735.0,0.004971129468936755
736.0,0.005183546841130399
737.0,0.005771383013313369
738.0,0.006481038497789707
739.0,0.007054500277050152
740.0,0.007384448694660095
741.0,0.007519477417913298
742.0,0.007585324970404289
743.0,0.007738781239516268
744.0,0.008100702871619736
745.0,0.008734272652741654
746.0,0.009623302796672478
747.0,0.010649299604332807
748.0,0.011607805294655632
749.0,0.01221946085721587
750.0,0.012303727195539266
751.0,0.011982077877773806
752.0,0.011583248380185818
753.0,0.011339510676975473
754.0,0.011282092291125728
755.0,0.011371291701146286
756.0,0.011597502035893353
757.0,0.012022433205560984
758.0,0.012765635242222462
759.0,0.01394484321448225
760.0,0.015584674548195676
761.0,0.017586518637249457
762.0,0.01981470304718516
763.0,0.022211003390449846
764.0,0.024838092259968997
765.0,0.02780675253589937
766.0,0.031020766908565284
767.0,0.03411809012797701
768.0,0.03684978844860225
769.0,0.03928894467068948
770.0,0.04149569443706298
771.0,0.043310236555464496
772.0,0.04460577454842608
773.0,0.045322399423939716
774.0,0.04508430681114298
775.0,0.04344694251331367
776.0,0.04071981487770737
777.0,0.037805903747299974
778.0,0.035169992628297814
779.0,0.032631426410643025
780.0,0.030046980901835954
781.0,0.027510996049171774
782.0,0.02510838541307965
783.0,0.022837328618830283
784.0,0.020656349493514276
785.0,0.018543839950506583
786.0,0.016540009126735145
787.0,0.01476634676043477
788.0,0.01338798991988338
789.0,0.01248101926891479
790.0,0.011955580156606596
791.0,0.011631680291390598
792.0,0.011359834410610295
793.0,0.010973305169686032
794.0,0.01029216061969182
795.0,0.009329022896208156
796.0,0.00833971949553039
797.0,0.007624419470947011
798.0,0.007327905685678676
799.0,0.00745008228555441
800.0,0.007885454498392619
801.0,0.008422514772271614
802.0,0.008804059610903803
803.0,0.008768775722465302
804.0,0.008202818382481394
805.0,0.007279700058260577
806.0,0.006371702609029389
807.0,0.005813200711544814
808.0,0.005745792958894755
809.0,0.006153970994103017
810.0,0.006880578956556582
811.0,0.00768000778390697
812.0,0.00829322652661657
813.0,0.008509540475590549
814.0,0.008305346047307427
815.0,0.007871650956653875
816.0,0.007420148840776422
817.0,0.006982974201308417
818.0,0.006497551968670648
819.0,0.005962653606101834
820.0,0.005439163638308195
821.0,0.005013504492816068
822.0,0.004813193341814459
823.0,0.00495786261204742
824.0,0.005414201544952271
825.0,0.0059915426032540325
826.0,0.006523168761335851
827.0,0.006979866429129955
828.0,0.0073891460071530135
829.0,0.007757920389441522
830.0,0.008061126672522262
831.0,0.008275805735270564
832.0,0.008446868445880773
833.0,0.00863897057901418
834.0,0.00882671051919788
835.0,0.008867273779110452
836.0,0.008566711068161162
837.0,0.007752682847460543
838.0,0.0063095587987787305
839.0,0.004364969858965534
840.0,0.0023686723611556493
841.0,0.0009653774830324924
842.0,0.0007269501741811735
843.0,0.0017058655460184952
844.0,0.0033343553334872905
845.0,0.004881401522329937
846.0,0.0059866529758032805
847.0,0.006603835255666796
848.0,0.0067769593059053695
849.0,0.006672758182646121
850.0,0.006555677698413087
851.0,0.006770433473386156
852.0,0.007579929036117275
853.0,0.00889264896035774
854.0,0.010293218199067145
855.0,0.01139062811169464
856.0,0.012022531382221188
857.0,0.012090719545495246
858.0,0.011580724634007847
859.0,0.010741933587132185
860.0,0.009991914074943514
861.0,0.009660457875443729
862.0,0.00980544630182642
863.0,0.010240050442771459
864.0,0.010677142703295034
865.0,0.010910639646859302
866.0,0.010862801487913576
867.0,0.010508305774110938
868.0,0.00991585138929535
869.0,0.009263099759207097
870.0,0.008758437856343448
871.0,0.008537347413377028
872.0,0.008587229667735813
873.0,0.008773236155697611
874.0,0.008938451368301778
875.0,0.009004257287018896
876.0,0.008946566487779556
877.0,0.00876015571482891
878.0,0.00849110831987214
879.0,0.008233093363134866
880.0,0.008096239725008572
881.0,0.008146559050094315
882.0,0.008354503858470738
883.0,0.00861850694635903
884.0,0.008848718325154353
885.0,0.009008772255480732
886.0,0.00907484719361315
887.0,0.009054412137256829
888.0,0.009037106713532056
889.0,0.009124922723296514
890.0,0.009319696230274455
891.0,0.009563097233374424
892.0,0.009855998497856525
893.0,0.01028834127224823
894.0,0.01098855491861428
895.0,0.012045752312632621
896.0,0.013458419500902638
897.0,0.015117841731729836
898.0,0.016843728187035917
899.0,0.01830297032259731
900.0,0.01908060030816558
901.0,0.01913904937259038
902.0,0.018985465415529076
903.0,0.01924937207473909
904.0,0.020259833495050478
905.0,0.022173552057556736
906.0,0.025022136885357135
907.0,0.028425191827498558
908.0,0.03166158536277809
909.0,0.03403896483055979
910.0,0.03529356461028332
911.0,0.035709037208492486
912.0,0.03587916861533322
913.0,0.036294470699406944
914.0,0.03712521992264596
915.0,0.038375184429504425
916.0,0.03989773527853839
917.0,0.041362968091958593
918.0,0.04245992861908726
919.0,0.04311374281560555
920.0,0.04341079463389588
921.0,0.04336865332865622
922.0,0.042857891745385776
923.0,0.041660732506765094
924.0,0.039608231471834496
925.0,0.03670420767162143
926.0,0.03326125518349818
927.0,0.02983605026085487
928.0,0.02702811666453382
929.0,0.02520572929773758
930.0,0.024259509885426245
931.0,0.023708342835680782
932.0,0.02311735626345554
933.0,0.02239064093423107
934.0,0.02157848053102482
935.0,0.020713395634021414
936.0,0.019874586731623317
937.0,0.019179992019524417
938.0,0.018725691462242622
939.0,0.018525974775533638
940.0,0.018495772202424043
941.0,0.018540605088956316
942.0,0.01868172293664369
943.0,0.019003609987991818
944.0,0.019498904616744972
945.0,0.020045052203401276
946.0,0.020493564174776532
947.0,0.02068008080761473
948.0,0.02041470152531251
949.0,0.01967434781542006
950.0,0.018710277009647447
951.0,0.01781178800262291
952.0,0.017043046302501752
953.0,0.01634723870870139
954.0,0.01573299002693694
955.0,0.015237752900641499
956.0,0.014883033622734868
957.0,0.014746856682511938
958.0,0.014947182094703193
959.0,0.015454817244035815
960.0,0.016055515756403183
961.0,0.016542251402112268
962.0,0.016856299574337263
963.0,0.017032513136361033
964.0,0.017137047916733428
965.0,0.01725415635506139
966.0,0.017459130568687156
967.0,0.017811156774575496
968.0,0.01831830945083901
969.0,0.018909757530215343
970.0,0.01948998385466047
971.0,0.020022679362064533
972.0,0.02052318352747294
973.0,0.02099022310695499
974.0,0.021408076270631543
975.0,0.02177761994466587
976.0,0.02205783873880153
977.0,0.02212992132579142
978.0,0.021978807504845294
979.0,0.021809659514720733
980.0,0.021847905371517803
981.0,0.022133561536557572
982.0,0.022610242100283215
983.0,0.023256868241514378
984.0,0.0240472253545575
985.0,0.02491386629480566
986.0,0.025743828973660052
987.0,0.026466740947849315
988.0,0.0272247079296164
989.0,0.0283801198017872
990.0,0.030368043436782732
991.0,0.033432832962534895
992.0,0.037447580781305084
993.0,0.04199488083551178
994.0,0.04664992493741879
995.0,0.05115925483958106
996.0,0.05537399149540079
997.0,0.05937238533430872
998.0,0.06356934442655451
999.0,0.0685345392426151
1000.0,0.07469959355733574
1001.0,0.08211495445826844
1002.0,0.09047307389417794
1003.0,0.09946888839349835
1004.0,0.10915834558644688
1005.0,0.11992054280439707
1006.0,0.13208951018584575
1007.0,0.1450425198157569
1008.0,0.15716613528936002
1009.0,0.16795278953294926
1010.0,0.17882409702480373
1011.0,0.19035365720228178
1012.0,0.20060738436882955
1013.0,0.20702071435670566
1014.0,0.20827989780328593
1015.0,0.20411815034025493
1016.0,0.19514531543048
1017.0,0.18328171270677204
1018.0,0.17071899554933687
1019.0,0.1581193070106032
1020.0,0.14481129232020043
1021.0,0.13088609105810362
1022.0,0.11758428232815005
1023.0,0.1059641067708445
1024.0,0.09631583630226734
1025.0,0.08847851683500327
1026.0,0.08204714791484496
1027.0,0.07656128521753969
1028.0,0.07177780150823015
1029.0,0.06777349394245055
1030.0,0.0646590149706883
1031.0,0.06225649453629814
1032.0,0.06034183472059049
1033.0,0.05894697312814848
1034.0,0.05816079321504214
1035.0,0.057887340908526125
1036.0,0.05794151235391795
1037.0,0.05818459223582029
1038.0,0.05846181759734834
1039.0,0.05862985719895081
1040.0,0.05879910419706097
1041.0,0.059328577208720396
1042.0,0.06050232935839364
1043.0,0.06235097735103404
1044.0,0.06482958543434084
1045.0,0.06789702326721433
1046.0,0.07140945365353038
1047.0,0.07511893344607198
1048.0,0.07872333448903335
1049.0,0.0822800773620257
1050.0,0.08663164650775476
1051.0,0.09267700129826209
1052.0,0.10025546959968804
1053.0,0.10886428308742468
1054.0,0.1190918531634099
1055.0,0.1321228057887751
1056.0,0.14847103723937702
1057.0,0.1682777772190877
1058.0,0.19202183020853475
1059.0,0.21915902330183396
1060.0,0.24766494426691793
1061.0,0.2786810115854794
1062.0,0.3179444999685993
1063.0,0.3665490399100308
1064.0,0.4163973179801824
1065.0,0.4595931783780002
1066.0,0.49562080999063857
1067.0,0.5263093702462204
1068.0,0.5510780391724541
1069.0,0.5683093359430013
1070.0,0.5760685257917351
1071.0,0.5706899772812654
1072.0,0.5495469007934181
1073.0,0.5166559073620742
1074.0,0.48023117852128294
1075.0,0.4441114228752358
1076.0,0.4068093874152796
1077.0,0.3679560821256074
1078.0,0.32980961624953486
1079.0,0.2944978794516048
1080.0,0.2632001293545705
1081.0,0.23674672791087384
1082.0,0.2149760104746453
1083.0,0.1963521563974074
1084.0,0.17945166312268082
1085.0,0.16443066827459898
1086.0,0.1518672415630868
1087.0,0.1412073134593517
1088.0,0.13142204258897738
1089.0,0.12203244887491618
1090.0,0.11294633006940696
1091.0,0.1041007279738719
1092.0,0.09558299085738234
1093.0,0.08763210193088217
1094.0,0.08047020071063779
1095.0,0.07415657622249117
1096.0,0.06859463184113043
1097.0,0.06364224909493307
1098.0,0.05924032841658819
1099.0,0.055445161292467515
1100.0,0.05232992022598543
1101.0,0.04986186904656989
1102.0,0.04783826235615013
1103.0,0.04603910784108689
1104.0,0.044468237175831565
1105.0,0.043242318434273896
1106.0,0.04228730658822383
1107.0,0.04133872659424334
1108.0,0.04014941981751355
1109.0,0.038624708799846835
1110.0,0.03682834633443999
1111.0,0.03493982584748209
1112.0,0.03314752342130628
1113.0,0.0315536292942451
1114.0,0.030149104628508616
1115.0,0.028878659875143403
1116.0,0.027747350132340254
1117.0,0.026923346223873768
1118.0,0.026672384587791503
1119.0,0.02703759006859044
1120.0,0.02771975179912059
1121.0,0.028348889445319853
1122.0,0.028719135558794545
1123.0,0.028688539292625076
1124.0,0.02817799379876479
1125.0,0.027345573181613403
1126.0,0.026492773206637982
1127.0,0.025760560077956407
1128.0,0.025077590951265105
1129.0,0.02440238955317886
1130.0,0.02380307104921532
1131.0,0.023353525614739024
1132.0,0.02309020746093264
1133.0,0.023030551911622593
1134.0,0.02314343194956478
1135.0,0.02332871264946941
1136.0,0.023499447504498602
1137.0,0.02366633495034197
1138.0,0.023866043471029108
1139.0,0.02405678290192674
1140.0,0.024158560940875456
1141.0,0.02413061631724979
1142.0,0.023972819239570467
1143.0,0.023697515985202755
1144.0,0.023323474816574874
1145.0,0.02285138438458724
1146.0,0.022186056039194435
1147.0,0.02118933476100343
1148.0,0.019920387243286194
1149.0,0.01872162507583454
1150.0,0.018085026309170804
1151.0,0.018342974749501834
1152.0,0.019392197533297642
1153.0,0.020771443100907616
1154.0,0.022051133871209563
1155.0,0.023051700763910138
1156.0,0.02370807820790574
1157.0,0.02402761194588504
1158.0,0.024126104142340538
1159.0,0.02405307025105624
1160.0,0.02359345137287025
1161.0,0.02255749999293094
1162.0,0.021177417522039096
1163.0,0.019904885890813268
1164.0,0.018968824306596244
1165.0,0.018372893954993114
1166.0,0.018107486988250585
1167.0,0.018140364811799578
1168.0,0.018397819826594525
1169.0,0.01889605781075783
1170.0,0.019776790524598575
1171.0,0.021034885345427176
1172.0,0.02239017544165889
1173.0,0.02355865916265351
1174.0,0.024473711119796376
1175.0,0.025172805723958497
1176.0,0.02567006184698442
1177.0,0.025973912090465456
1178.0,0.026080126734071174
1179.0,0.02592974972848
1180.0,0.025479902879270322
1181.0,0.024856803021204826
1182.0,0.024270871019251794
1183.0,0.023758076070257372
1184.0,0.023215025423651642
1185.0,0.02265909170366509
1186.0,0.022269627225906558
1187.0,0.022238918324121504
1188.0,0.02270163125441929
1189.0,0.023745871724864975
1190.0,0.025261699544311983
1191.0,0.02687184211591248
1192.0,0.028141971198071936
1193.0,0.02884456571898275
1194.0,0.029046261205390778
1195.0,0.028980659010032578
1196.0,0.02882350558651109
1197.0,0.02854501429159756
1198.0,0.028074278911426
1199.0,0.027470961698554508
1200.0,0.026872405161323
1201.0,0.026396806010460933
1202.0,0.02610875988005082
1203.0,0.02600868986563018
1204.0,0.026036381712128936
1205.0,0.026157093480775634
1206.0,0.02649671592757763
1207.0,0.027242160062264403
1208.0,0.028360952256206773
1209.0,0.029543400308148116
1210.0,0.030401350833553664
1211.0,0.030666024359519956
1212.0,0.03023543837152065
1213.0,0.029268566954558983
1214.0,0.028180067867804
1215.0,0.0275000167356724
1216.0,0.027691001610774757
1217.0,0.02882658262234919
1218.0,0.030496790662758844
1219.0,0.032084064197478473
1220.0,0.03317418388245208
1221.0,0.03368429943447859
1222.0,0.03375222568267569
1223.0,0.03366474490476601
1224.0,0.03371665501247881
1225.0,0.03415190571167365
1226.0,0.03510950622229875
1227.0,0.036530241835677796
1228.0,0.03817815038996833
1229.0,0.03971260073578958
1230.0,0.04089003657997817
1231.0,0.04178327479084362
1232.0,0.04273547485551751
1233.0,0.04405449091037622
1234.0,0.04584941676931881
1235.0,0.04818217858004423
1236.0,0.051062812406945185
1237.0,0.054275978505149175
1238.0,0.057798302851771705
1239.0,0.062427867193978165
1240.0,0.06883803936548788
1241.0,0.07617125293402419
1242.0,0.0827841403330305
1243.0,0.08797261315314936
1244.0,0.09193597027399714
1245.0,0.0947611925177522
1246.0,0.09629708816931379
1247.0,0.09637005666324938
1248.0,0.09465687207746346
1249.0,0.09071040238940045
1250.0,0.08478615482475105
1251.0,0.07810865895509353
1252.0,0.07176248354707573
1253.0,0.06584558773416416
1254.0,0.06013513675134535
1255.0,0.05475649824988646
1256.0,0.0499181605667382
1257.0,0.045689216793915854
1258.0,0.04208036423829639
1259.0,0.03908903053928939
1260.0,0.03663204770686465
1261.0,0.034646459407348784
1262.0,0.03331946605956049
1263.0,0.03288410890195828
1264.0,0.03314412154411986
1265.0,0.03357146346388376
1266.0,0.03382852660068336
1267.0,0.03390248298231968
1268.0,0.03385729129285381
1269.0,0.033750908331927565
1270.0,0.03365159325737749
1271.0,0.03359288283564221
1272.0,0.03354507230232476
1273.0,0.03347770444817921
1274.0,0.03343060457007607
1275.0,0.03351283583517936
1276.0,0.03384003640447472
1277.0,0.03441486292553561
1278.0,0.03509259398324019
1279.0,0.03570342006391272
1280.0,0.036175245957076635
1281.0,0.03650099520547864
1282.0,0.03668542955637452
1283.0,0.03675918534976505
1284.0,0.03676101694289868
1285.0,0.036688664056784864
1286.0,0.03650856872459282
1287.0,0.036230419960904925
1288.0,0.03594324496251708
1289.0,0.035791201382408516
1290.0,0.035877842118427816
1291.0,0.036177869455873896
1292.0,0.0365286715021888
1293.0,0.03671038634576418
1294.0,0.036540914952854886
1295.0,0.035915873537760795
1296.0,0.03492218492493257
1297.0,0.03386733072548992
1298.0,0.03314822395638101
1299.0,0.033061672425612865
1300.0,0.03361723519373541
1301.0,0.03454277695555308
1302.0,0.03548832363843374
1303.0,0.036266802096841994
1304.0,0.03685677722060296
1305.0,0.037298186236614544
1306.0,0.037670935220753626
1307.0,0.03806442222084966
1308.0,0.03859142401821958
1309.0,0.039346256455373124
1310.0,0.04028963945954997
1311.0,0.0412008744672161
1312.0,0.04168720017957403
1313.0,0.04143120738854941
1314.0,0.040536214698542516
1315.0,0.03949052594316241
1316.0,0.038761255624224056
1317.0,0.03855038636783506
1318.0,0.03891083661476771
1319.0,0.039760082528454616
1320.0,0.04085285408512751
1321.0,0.041830788784490036
1322.0,0.042304576132598054
1323.0,0.04213862501200369
1324.0,0.04161987344675669
1325.0,0.041288280702429875
1326.0,0.04158561437189329
1327.0,0.04259866108285296
1328.0,0.04406069824483966
1329.0,0.04550359145094421
1330.0,0.04651415050835275
1331.0,0.046776899086600654
1332.0,0.04610341196329801
1333.0,0.04472604929148771
1334.0,0.043272892411226255
1335.0,0.042332702915828246
1336.0,0.0420810072523754
1337.0,0.04234096984495919
1338.0,0.04282860922141346
1339.0,0.043335367896870536
1340.0,0.04382146425845937
1341.0,0.044303141651007794
1342.0,0.044773307278090285
1343.0,0.045225081676403406
1344.0,0.04565874521572727
1345.0,0.04607725059560466
1346.0,0.046478463742588405
1347.0,0.046853058437725914
1348.0,0.04714394189878102
1349.0,0.0472122461667486
1350.0,0.046967009137564464
1351.0,0.04650046241434724
1352.0,0.04606418489946068
1353.0,0.04592567533911318
1354.0,0.04623260043705629
1355.0,0.04696091103749872
1356.0,0.04787945287330303
1357.0,0.04863502333388006
1358.0,0.048838476215362886
1359.0,0.04821490963156319
1360.0,0.046876426132095805
1361.0,0.04532748219388641
1362.0,0.04418653483815124
1363.0,0.0438156328538471
1364.0,0.04415690725389146
1365.0,0.04483387125697291
1366.0,0.04541871276383741
1367.0,0.04566455916936926
1368.0,0.045449038216492876
1369.0,0.0447890352529397
1370.0,0.043923807337528736
1371.0,0.043248837681856306
1372.0,0.043185265977821685
1373.0,0.04389182283071541
1374.0,0.045079553475063455
1375.0,0.04624554778451764
1376.0,0.04710202968800625
1377.0,0.047657963484941196
1378.0,0.047998233939917284
1379.0,0.04821606042089699
1380.0,0.04840690825986327
1381.0,0.04863641904737409
1382.0,0.04892624959930478
1383.0,0.04924664033073042
1384.0,0.04953352374896988
1385.0,0.049670784561721415
1386.0,0.04952480918748883
1387.0,0.04908511923411721
1388.0,0.04851473821564195
1389.0,0.048047447355516
1390.0,0.04783799626796276
1391.0,0.04790173112323545
1392.0,0.048120225297603514
1393.0,0.048283449733227624
1394.0,0.048185797441478384
1395.0,0.04767481446508279
1396.0,0.046741846553626454
1397.0,0.045593769620074026
1398.0,0.0445384157659143
1399.0,0.043782531835678706
1400.0,0.0433426108736448
1401.0,0.04313080812902964
1402.0,0.043057596643863105
1403.0,0.04310079482339668
1404.0,0.04328280823623418
1405.0,0.043593858371955396
1406.0,0.04398076401032705
1407.0,0.044379966474507954
1408.0,0.04474740491274182
1409.0,0.04507177908896373
1410.0,0.04536366366112271
1411.0,0.04562902576224395
1412.0,0.045847054197597575
1413.0,0.045975625896983924
1414.0,0.04600907482034486
1415.0,0.04600245263412875
1416.0,0.046016950951316304
1417.0,0.04607307750831491
1418.0,0.04617041336311489
1419.0,0.046310998040082985
1420.0,0.046499301885832345
1421.0,0.046740893125652216
1422.0,0.047039246191481476
1423.0,0.04739370108164642
1424.0,0.04779791656020768
1425.0,0.048259267688302965
1426.0,0.04882692453545112
1427.0,0.049542885166330985
1428.0,0.050365303158540764
1429.0,0.051201619920782204
1430.0,0.05200394105227782
1431.0,0.05277253513553107
1432.0,0.05349963289980314
1433.0,0.05416341870701566
1434.0,0.05474314311102996
1435.0,0.05516441909787878
1436.0,0.055281658153003954
1437.0,0.05506435228131343
1438.0,0.054709130110097176
1439.0,0.05447989572057549
1440.0,0.05450232466656804
1441.0,0.054737969000843656
1442.0,0.05506475649511455
1443.0,0.05536276372895005
1444.0,0.055583758855023646
1445.0,0.05572307751470193
1446.0,0.05578670098767982
1447.0,0.05580586985279104
1448.0,0.05580116693692663
1449.0,0.05570306603169675
1450.0,0.0554175844631227
1451.0,0.05499651042509321
1452.0,0.05466320576877903
1453.0,0.05469003105648451
1454.0,0.055203605802020966
1455.0,0.056078047020611865
1456.0,0.05701149716621137
1457.0,0.05772606021345664
1458.0,0.05807450748323276
1459.0,0.05801345302097563
1460.0,0.057645296995680106
1461.0,0.057199197678455854
1462.0,0.05688931657546875
1463.0,0.0567853039532247
1464.0,0.05682854369188922
1465.0,0.056934901013443145
1466.0,0.05702456384857563
1467.0,0.05704379804213053
1468.0,0.05698621372376694
1469.0,0.056888348819951584
1470.0,0.05681877907917757
1471.0,0.056843321649069134
1472.0,0.05699630470710201
1473.0,0.057258741721221
1474.0,0.057549153367464106
1475.0,0.057756854854931955
1476.0,0.057783569023929615
1477.0,0.05760040694502541
1478.0,0.05727020978426736
1479.0,0.056954961483401845
1480.0,0.05691052556609849
1481.0,0.0573100281014976
1482.0,0.058069492940635264
1483.0,0.058849333685405125
1484.0,0.05922750014478306
1485.0,0.05893049735712258
1486.0,0.05794535043336452
1487.0,0.056585132718871806
1488.0,0.05536819803879575
1489.0,0.05482125612266925
1490.0,0.055281029362135636
1491.0,0.05661988413616123
1492.0,0.05828555431832144
1493.0,0.05973133235933972
1494.0,0.0608007303444541
1495.0,0.06158437402557654
1496.0,0.06213354120724551
1497.0,0.062372083712081
1498.0,0.06213059343225438
1499.0,0.06130469732216309
1500.0,0.06000395798079863
1501.0,0.05860199436938654
1502.0,0.05760235282247744
1503.0,0.05745437951192195
1504.0,0.058288150530651395
1505.0,0.05976491645509188
1506.0,0.061300364870007035
1507.0,0.06247683141292676
1508.0,0.06323441778285718
1509.0,0.06370739054079944
1510.0,0.06409865174702795
1511.0,0.06460594072774917
1512.0,0.06533189508111234
1513.0,0.06626659949948022
1514.0,0.06727974002227344
1515.0,0.06817142163144677
1516.0,0.06867223666715161
1517.0,0.06849218683515337
1518.0,0.06764610002337235
1519.0,0.06658760926222934
1520.0,0.06594894772210147
1521.0,0.06613516834061745
1522.0,0.06707219756174376
1523.0,0.06829714665051362
1524.0,0.06932951562877335
1525.0,0.06998845516313901
1526.0,0.07028501219826108
1527.0,0.0702768573284944
1528.0,0.0700786898764543
1529.0,0.06980277545743785
1530.0,0.06947552044132144
1531.0,0.06905987554976004
1532.0,0.06857563326588675
1533.0,0.0681310324241442
1534.0,0.06785145074830479
1535.0,0.06778734075613924
1536.0,0.06787033143159785
1537.0,0.06797707872915393
1538.0,0.06804291728357903
1539.0,0.06807523884471237
1540.0,0.06808965931030245
1541.0,0.06808732661536568
1542.0,0.06805580805717673
1543.0,0.06794069409976419
1544.0,0.06764960214113816
1545.0,0.06717930645735146
1546.0,0.06670698441817749
1547.0,0.06665407771367787
1548.0,0.06750528381029641
1549.0,0.06924855668465932
1550.0,0.07121666168847673
1551.0,0.07262107890436242
1552.0,0.07310712675185418
1553.0,0.07275875348261363
1554.0,0.07190282606547646
1555.0,0.0709466995733897
1556.0,0.07017765238298682
1557.0,0.06972386052275198
1558.0,0.06956621732114937
1559.0,0.0695973964223145
1560.0,0.06970043324870415
1561.0,0.06977930639480862
1562.0,0.06980029153131337
1563.0,0.06979372568919553
1564.0,0.06988273855303362
1565.0,0.07029073528031499
1566.0,0.07114317817033108
1567.0,0.07229374494435128
1568.0,0.07340173043613638
1569.0,0.07415785123726376
1570.0,0.07439648707534147
1571.0,0.07409624001739423
1572.0,0.07343632141177395
1573.0,0.07273312309093444
1574.0,0.07228029403475217
1575.0,0.07220059223784728
1576.0,0.07241428888880161
1577.0,0.07272383596354709
1578.0,0.0728791079760868
1579.0,0.07271137961403756
1580.0,0.07227019573222757
1581.0,0.07179295915966086
1582.0,0.07151807737129362
1583.0,0.07154165665359014
1584.0,0.0718587604262248
1585.0,0.07242648287021228
1586.0,0.07319786797674091
1587.0,0.07418309861955119
1588.0,0.07549492971548785
1589.0,0.07717660363029741
1590.0,0.07898796481088774
1591.0,0.08042627527865853
1592.0,0.0809357977967316
1593.0,0.08033949922346587
1594.0,0.07906056727877428
1595.0,0.0778517839448607
1596.0,0.0772875130284865
1597.0,0.07751373226164429
1598.0,0.07817122278747438
1599.0,0.07934981896915866
