0.0,0.0
1.0,0.0
2.0,0.0
3.0,0.0
4.0,0.0
5.0,0.0
6.0,0.0
7.0,0.0
8.0,0.0
9.0,0.0
10.0,0.0
11.0,0.0
12.0,0.0
13.0,0.0
14.0,0.0
15.0,0.0
16.0,0.0
17.0,0.0
18.0,0.0
19.0,0.0
20.0,0.0
21.0,0.0
22.0,0.0
23.0,0.0
24.0,0.0
25.0,0.0
26.0,0.0
27.0,0.0
28.0,0.0
29.0,0.0
30.0,0.0
31.0,0.0
32.0,0.0
33.0,0.0
34.0,0.0
35.0,0.0
36.0,0.0
37.0,0.0
38.0,0.0
39.0,0.0
40.0,0.0
41.0,0.0
42.0,0.0
43.0,0.0
44.0,0.0
45.0,0.0
46.0,0.0
47.0,0.0
48.0,0.0
49.0,0.0
50.0,0.0
51.0,0.0
52.0,0.0
53.0,0.0
54.0,0.0
55.0,0.0
56.0,0.0
57.0,0.0
58.0,0.0
59.0,0.0
60.0,0.0
61.0,0.0
62.0,0.0
63.0,0.0
64.0,0.0
65.0,0.0
66.0,0.0
67.0,0.0
68.0,0.0
69.0,0.0
70.0,0.0
71.0,0.0
72.0,0.0
73.0,0.0
74.0,0.0
75.0,0.0
76.0,0.0
77.0,0.0
78.0,0.0
79.0,0.0
80.0,0.0
81.0,0.0
82.0,0.0
83.0,0.0
84.0,0.0
85.0,0.0
86.0,0.0
87.0,0.0
88.0,0.0
89.0,0.0
90.0,0.0
91.0,0.0
92.0,0.0
93.0,0.0
94.0,0.0
95.0,0.0
96.0,0.0
97.0,0.09424311404818127
98.0,0.09362213975788493
99.0,0.09307413525477955
100.0,0.09254411882429416
101.0,0.09224881164027186
102.0,0.09221556113474856
103.0,0.09232307906262079
104.0,0.09245328630361914
105.0,0.0926570323820292
106.0,0.09322878041343373
107.0,0.09457255900813417
108.0,0.09692221755965168
109.0,0.10020071002455082
110.0,0.10413794447470608
111.0,0.10856242228071168
112.0,0.11368868250658977
113.0,0.11984710484608062
114.0,0.12680362340283657
115.0,0.13386269386950078
116.0,0.1406296915138045
117.0,0.14715723922110424
118.0,0.1535010987779989
119.0,0.15947303851091787
120.0,0.16466711402799916
121.0,0.16862807362792925
122.0,0.17105137235740453
123.0,0.17209923362412333
124.0,0.1724324984513007
125.0,0.17263975445176666
126.0,0.17272335951115902
127.0,0.17248675441792982
128.0,0.17208093135172375
129.0,0.17192711558104606
130.0,0.17241511352374367
131.0,0.17369093115447343
132.0,0.17556145004537016
133.0,0.17747098121901572
134.0,0.17875034572056625
135.0,0.17894166662999128
136.0,0.1780180430199717
137.0,0.17633287445989076
138.0,0.1743990298095604
139.0,0.1727370678477516
140.0,0.1716002307518067
141.0,0.17080642822450237
142.0,0.1698739111919212
143.0,0.16835054858781962
144.0,0.1660535265317059
145.0,0.1630391716818384
146.0,0.15956329059120933
147.0,0.15598398150399684
148.0,0.15257706285584505
149.0,0.1494205599737793
150.0,0.14643293701714272
151.0,0.14351858463471517
152.0,0.14050932426064816
153.0,0.13713689658380634
154.0,0.13335339736569296
155.0,0.12949647956454696
156.0,0.1259455804336702
157.0,0.12278281418495417
158.0,0.11992848878085764
159.0,0.11736641855799194
160.0,0.11519138763728705
161.0,0.11356358998379372
162.0,0.11259999361848512
163.0,0.11225443300994987
164.0,0.1122587149388561
165.0,0.11218533472786767
166.0,0.11153724660552407
167.0,0.11005310684357873
168.0,0.10800077861631628
169.0,0.105996083492862
170.0,0.10450704004714682
171.0,0.10360633080310051
172.0,0.10312522018142146
173.0,0.10283841943225601
174.0,0.10261378897758931
175.0,0.10242802137124864
176.0,0.1022685332403755
177.0,0.1020750666650982
178.0,0.10172613941096091
179.0,0.10098395133898856
180.0,0.09953399430932118
181.0,0.0973469872802349
182.0,0.09485536398096293
183.0,0.09268105146826429
184.0,0.09121734833418378
185.0,0.0904224979891055
186.0,0.08989256328627741
187.0,0.08908718309349374
188.0,0.08763996027999808
189.0,0.08546853149220147
190.0,0.08274849988285991
191.0,0.07981233722759563
192.0,0.07695499493449505
193.0,0.07432236482647701
194.0,0.07190018478170788
195.0,0.06962657418342784
196.0,0.06747081941946508
197.0,0.06542460342470079
198.0,0.06348586593735943
199.0,0.061635660078857415
200.0,0.059870821942291944
201.0,0.058249081213925843
202.0,0.056825301953691496
203.0,0.055567207367492474
204.0,0.0543608083946021
205.0,0.053077663940840056
206.0,0.05157372402005668
207.0,0.04970486401386545
208.0,0.047555743179378954
209.0,0.04552540871473469
210.0,0.04413757702795791
211.0,0.04372789998839195
212.0,0.044166149368260896
213.0,0.04495070622938867
214.0,0.04571242693789694
215.0,0.04649428455277162
216.0,0.04738897591158771
217.0,0.04829064125675081
218.0,0.049064149122480485
219.0,0.049656921403195095
220.0,0.0500496736172817
221.0,0.05025159909326435
222.0,0.05035408469402501
223.0,0.05039901710215207
224.0,0.05016260126684695
225.0,0.049440950665690306
226.0,0.04852027163068043
227.0,0.048052428212563655
228.0,0.048561304876864636
229.0,0.050105276575741486
230.0,0.05230499194714949
231.0,0.054572095797097556
232.0,0.056444310941222806
233.0,0.05777715071781232
234.0,0.058703003129833814
235.0,0.05952500241632801
236.0,0.06052635757482401
237.0,0.06191600614280619
238.0,0.0637961319586728
239.0,0.06603056772004585
240.0,0.06829688416373568
241.0,0.07033425735045228
242.0,0.07210409103357578
243.0,0.07364564387733409
244.0,0.07504391511515164
245.0,0.07669688067301299
246.0,0.07906863692203438
247.0,0.08202761846655886
248.0,0.08480804313672242
249.0,0.08662869252638426
250.0,0.0871041313884769
251.0,0.08614682734111269
252.0,0.0839458399966823
253.0,0.08093310916017583
254.0,0.07744315327027397
255.0,0.0733976504460249
256.0,0.0686757834167606
257.0,0.06365247561219937
258.0,0.05879941311493757
259.0,0.054087303218712315
260.0,0.04933774378116805
261.0,0.04476068804934734
262.0,0.040815549073475524
263.0,0.037847554613502435
264.0,0.03589702086850173
265.0,0.03473055045697161
266.0,0.034054567101956465
267.0,0.03374067210424561
268.0,0.03383087699824344
269.0,0.03437616239438529
270.0,0.03517399966580005
271.0,0.03575592951064019
272.0,0.035670495966091925
273.0,0.034798724457717034
274.0,0.0334699200149597
275.0,0.032266454657973384
276.0,0.03167592477033608
277.0,0.03184117796714073
278.0,0.032615133571063215
279.0,0.033719545579800045
280.0,0.03492424982592096
281.0,0.03614740577123304
282.0,0.037410195680829414
283.0,0.038809568640771716
284.0,0.0404731902889736
285.0,0.042502123768223085
286.0,0.0449376000725806
287.0,0.04772078933147511
288.0,0.050722248024439406
289.0,0.0539020780129877
290.0,0.05737769549725495
291.0,0.06114411580434133
292.0,0.06492857977685158
293.0,0.06853413391272575
294.0,0.07204457816690625
295.0,0.07551510483758174
296.0,0.07875867937584112
297.0,0.0814975410481051
298.0,0.08354989121804225
299.0,0.08488370831345009
300.0,0.08560165675443777
301.0,0.08587723168276191
302.0,0.08583249217174162
303.0,0.08544313212230796
304.0,0.08469474629199668
305.0,0.08387257487333201
306.0,0.08332004837244679
307.0,0.08294086491969475
308.0,0.08252121582226858
309.0,0.08238088889111563
310.0,0.083169437232417
311.0,0.08526328283402017
312.0,0.08865490101653527
313.0,0.09318488987356029
314.0,0.09858437845117286
315.0,0.10454104244894379
316.0,0.11085437013673836
317.0,0.11755922728584596
318.0,0.1251046268230243
319.0,0.13428508854414772
320.0,0.14615825686941558
321.0,0.16135479142961923
322.0,0.1784512526844224
323.0,0.19425785740794582
324.0,0.20642187016644875
325.0,0.2148160916823832
326.0,0.22013435263748987
327.0,0.2223500155828692
328.0,0.22021289330597077
329.0,0.212403742494508
330.0,0.19964938888211214
331.0,0.1843417620483943
332.0,0.16810123770387614
333.0,0.15119226850247552
334.0,0.133785736607076
335.0,0.1165252347847195
336.0,0.10040097577961433
337.0,0.08633455587193321
338.0,0.0747811660254929
339.0,0.0654758214070003
340.0,0.057649356146669786
341.0,0.050738995369083384
342.0,0.04489441953013322
343.0,0.040326207738797845
344.0,0.03664623904555106
345.0,0.03342432699062778
346.0,0.030711199631992522
347.0,0.028637864037291974
348.0,0.027048651397285114
349.0,0.02570986757402756
350.0,0.024517145003061167
351.0,0.02345902913634955
352.0,0.022556185863020467
353.0,0.02184291875326956
354.0,0.021350776781998343
355.0,0.02112428248919755
356.0,0.021179527415116695
357.0,0.02142620840842395
358.0,0.021780098901938452
359.0,0.02237405800690504
360.0,0.02338162927296014
361.0,0.024667785240092
362.0,0.025822094604087062
363.0,0.026458917245835642
364.0,0.02649160724135992
365.0,0.02618337827252816
366.0,0.025962366944646223
367.0,0.02613376363672433
368.0,0.026781987397933735
369.0,0.027844280406017857
370.0,0.029175467646773423
371.0,0.030649033827252717
372.0,0.0322044358171847
373.0,0.03384260663865554
374.0,0.03557264510490449
375.0,0.03737514650489039
376.0,0.039258984995375695
377.0,0.04127445287735805
378.0,0.043455048687997
379.0,0.0457232571749657
380.0,0.04777015792370837
381.0,0.04929140233981108
382.0,0.05046934649446955
383.0,0.05190286901186107
384.0,0.054025428388831245
385.0,0.05690585392872628
386.0,0.06054707393064747
387.0,0.06499100638727313
388.0,0.07024813467161357
389.0,0.07630131210586186
390.0,0.08314288748240449
391.0,0.09077350244738487
392.0,0.0991860089931203
393.0,0.10855871542673748
394.0,0.1193356692655732
395.0,0.13148117188002728
396.0,0.14410427651445804
397.0,0.157106621173696
398.0,0.17201309167460227
399.0,0.18911055192387
400.0,0.20573747865805803
401.0,0.21872571959023235
402.0,0.2268722628280057
403.0,0.2305537662460695
404.0,0.2304493714070477
405.0,0.2265902607628945
406.0,0.2183029919363162
407.0,0.20543778872900875
408.0,0.18910180193595683
409.0,0.17135835291727716
410.0,0.15411749949596928
411.0,0.138030354408209
412.0,0.12278926199416565
413.0,0.10858498134091425
414.0,0.09628800834096676
415.0,0.08655366618921026
416.0,0.07929487352067488
417.0,0.0737664812047797
418.0,0.06931208904509764
419.0,0.06608567359696073
420.0,0.06437676125650367
421.0,0.0636602304569279
422.0,0.06302487014018983
423.0,0.06198633575319519
424.0,0.060532753817576085
425.0,0.058806899556877304
426.0,0.05690289465267458
427.0,0.054748788370918275
428.0,0.05223188383671058
429.0,0.04938707498717165
430.0,0.046550942983762625
431.0,0.0442468724188948
432.0,0.0428308339944289
433.0,0.04228738260450833
434.0,0.04236726774978049
435.0,0.042829391746774456
436.0,0.04358814078500414
437.0,0.04467999403932782
438.0,0.04602915700044442
439.0,0.0475918714938388
440.0,0.04974907514319915
441.0,0.05287822057247149
442.0,0.05661450226840897
443.0,0.06010058269163068
444.0,0.06279289305595302
445.0,0.06462998548212343
446.0,0.0657022649470431
447.0,0.06605662339225954
448.0,0.0656069297856579
449.0,0.06421406853259563
450.0,0.06184418970755501
451.0,0.05882113209944853
452.0,0.055813410067928046
453.0,0.053410262606132505
454.0,0.05174546050448693
455.0,0.05051624860393268
456.0,0.04923733352027462
457.0,0.04735148443675262
458.0,0.04450938013597931
459.0,0.040929161732932665
460.0,0.037275251638505515
461.0,0.03409679545084261
462.0,0.03149314138928233
463.0,0.029330438455818633
464.0,0.027492510184429886
465.0,0.02599307469280998
466.0,0.024917974908661225
467.0,0.024235449794600725
468.0,0.023770496322344736
469.0,0.023329836730676234
470.0,0.022799479185194767
471.0,0.022163816520353707
472.0,0.02144476123453748
473.0,0.020611742519337728
474.0,0.01956334436548776
475.0,0.01817919751307291
476.0,0.016515633268311306
477.0,0.014892042637742506
478.0,0.013726861662348919
479.0,0.013285093378367904
480.0,0.013494706125396896
481.0,0.014023565508562999
482.0,0.014636010050808335
483.0,0.01539562365776849
484.0,0.016373862302226067
485.0,0.01743281752183
486.0,0.01834821275639832
487.0,0.01897418954880163
488.0,0.019314485251496483
489.0,0.01949229395660121
490.0,0.01963494301700612
491.0,0.01980027219150267
492.0,0.020003549083229905
493.0,0.02029154696038822
494.0,0.020809541192571016
495.0,0.021785014906905542
496.0,0.023458045390473095
497.0,0.02580758332338605
498.0,0.02837797626825478
499.0,0.030432040070591942
500.0,0.031302114986165586
501.0,0.0309265391763906
502.0,0.029991978920408342
503.0,0.029326355747564037
504.0,0.029204013724044964
505.0,0.029471960233244887
506.0,0.02997614215358474
507.0,0.030599897152265396
508.0,0.03126005166105279
509.0,0.031933289625105166
510.0,0.03265800425164425
511.0,0.03354177691030828
512.0,0.0347043617166051
513.0,0.03618858990493365
514.0,0.037921416478832126
515.0,0.03975429949713376
516.0,0.04154734487444128
517.0,0.04322324484134603
518.0,0.04479239998651286
519.0,0.04632057913457963
520.0,0.047914551295307604
521.0,0.04973858849825116
522.0,0.05186185683845472
523.0,0.054098845356504804
524.0,0.056166685962077995
525.0,0.05796904803813738
526.0,0.05957394338970516
527.0,0.061013913356122426
528.0,0.0622710028027537
529.0,0.0633381464469721
530.0,0.06421519164213155
531.0,0.06489516687401241
532.0,0.06539899520975585
533.0,0.06578508124091584
534.0,0.06607650409809258
535.0,0.06621238674479163
536.0,0.06607540569244957
537.0,0.06556003175447711
538.0,0.06462161419150825
539.0,0.06329492235315733
540.0,0.06168183505562515
541.0,0.059883611597092476
542.0,0.05792249804189609
543.0,0.05576720277271627
544.0,0.053468078903824254
545.0,0.051136146632281464
546.0,0.048774110087147785
547.0,0.046305004898012175
548.0,0.04375301343942427
549.0,0.0412330330313044
550.0,0.03880290568302505
551.0,0.036457324306304016
552.0,0.0342137327449627
553.0,0.03210073062479468
554.0,0.030111622998607285
555.0,0.028229898571899198
556.0,0.02646958744822192
557.0,0.02484276478467546
558.0,0.023324830981937987
559.0,0.021895806653440833
560.0,0.02058340725839758
561.0,0.019462031894153978
562.0,0.018617769283617358
563.0,0.018111659536429084
564.0,0.017951526864068923
565.0,0.01807634514474528
566.0,0.01840286915298843
567.0,0.018921666122341183
568.0,0.019677642821941205
569.0,0.020598999931135162
570.0,0.021503145737249443
571.0,0.022306117488872748
572.0,0.023047662968034247
573.0,0.023710807013714065
574.0,0.024184420106457584
575.0,0.024368584255147
576.0,0.024255176447749188
577.0,0.023937463386235536
578.0,0.023487734154989504
579.0,0.022822795048398084
580.0,0.02184387358766575
581.0,0.020642146782835158
582.0,0.019491704722727002
583.0,0.018689900522059266
584.0,0.018349733910380597
585.0,0.018315184914346888
586.0,0.018228695661207175
587.0,0.01773698296732766
588.0,0.01666815468228601
589.0,0.015098950003852946
590.0,0.013319451884594005
591.0,0.011652286501262987
592.0,0.0102806648755049
593.0,0.009179241925010406
594.0,0.008217819983293295
595.0,0.007295729449012633
596.0,0.006369952760197917
597.0,0.005454319784216566
598.0,0.004584788709434864
599.0,0.003770452206700692
600.0,0.0029651415589945773
601.0,0.002122305363028862
602.0,0.0012844145822970832
603.0,0.000578479441547694
604.0,0.00013605561042207004
605.0,0.0
606.0,9.234900304118387e-05
607.0,0.000319052927991087
608.0,0.0006984613776838955
609.0,0.0012834194851035208
610.0,0.0020275760610470317
611.0,0.002762882928396354
612.0,0.0032775010904634444
613.0,0.0034573198062712585
614.0,0.0033807966693842617
615.0,0.0033753226988016555
616.0,0.00387753634634104
617.0,0.005151077338358553
618.0,0.007083337388113939
619.0,0.009156739806049793
620.0,0.010719231811788327
621.0,0.011331655654068323
622.0,0.011004129850884059
623.0,0.010142889823328463
624.0,0.009257826512077502
625.0,0.008679140325447712
626.0,0.008427359271589135
627.0,0.008372621469698777
628.0,0.00830249651356997
629.0,0.007868958409615948
630.0,0.0068803605846479154
631.0,0.00561074633143778
632.0,0.004641757064841781
633.0,0.004436760623632421
634.0,0.005067994479612717
635.0,0.006255321647432685
636.0,0.007545106665067081
637.0,0.008577931471671213
638.0,0.009277138069912275
639.0,0.009835667178577326
640.0,0.010584334666235942
641.0,0.011780951366535758
642.0,0.013524196833114316
643.0,0.015752623808340055
644.0,0.01822748403044823
645.0,0.020658034910891424
646.0,0.022893864313862443
647.0,0.02505118777771445
648.0,0.02750531910301489
649.0,0.0306948218715552
650.0,0.034907019536878844
651.0,0.04012666760545931
652.0,0.04605740439284177
653.0,0.052377679752669604
654.0,0.059046193199395164
655.0,0.06618474621247035
656.0,0.07364708264971628
657.0,0.08115055149604203
658.0,0.08873461868899728
659.0,0.09658905643191149
660.0,0.10460125514805164
661.0,0.11229197141213065
662.0,0.1190757744341229
663.0,0.12491494169993306
664.0,0.1306033631307228
665.0,0.13664530264439168
666.0,0.14238331246225078
667.0,0.1474783714283922
668.0,0.1531040615677624
669.0,0.1606463243500258
670.0,0.1704561538124904
671.0,0.1826392260397312
672.0,0.1976927170662387
673.0,0.215773049368514
674.0,0.23649234170777272
675.0,0.25969364977716175
676.0,0.28596900518930785
677.0,0.3164964184727127
678.0,0.35238616786306715
679.0,0.39399911166329366
680.0,0.44103154025678043
681.0,0.4932234710341361
682.0,0.5517523456873962
683.0,0.6205246661056657
684.0,0.700091605559429
685.0,0.7806021462673176
686.0,0.8500121472649087
687.0,0.9071810355406368
688.0,0.9561229187371145
689.0,0.9930335794958545
690.0,1.007207832036392
691.0,0.9892034175914154
692.0,0.9405129912088918
693.0,0.8750330670440772
694.0,0.8049831813610223
695.0,0.7296192228667133
696.0,0.6465111984528434
697.0,0.5622086986373671
698.0,0.48527468725941114
699.0,0.4189395225947298
700.0,0.36211289752007236
701.0,0.31260949063786403
702.0,0.2693400441819953
703.0,0.23283051620137835
704.0,0.20279900194248002
705.0,0.17749222731008038
706.0,0.15555723188806944
707.0,0.1367150899098469
708.0,0.12077769201899356
709.0,0.10730982683979734
710.0,0.09598303696868289
711.0,0.08664879414702824
712.0,0.07920450665412977
713.0,0.07335852293972991
714.0,0.06849826436144163
715.0,0.06403362401593193
716.0,0.059796081695502705
717.0,0.05591122890189435
718.0,0.05242806810816631
719.0,0.049330297669337046
720.0,0.04663991251581259
721.0,0.04434276745431237
722.0,0.04233826362728721
723.0,0.04053330033502575
724.0,0.03891718956006044
725.0,0.03749581254702962
726.0,0.03624248209832004
727.0,0.035165167471740144
728.0,0.03431233222642917
729.0,0.033670049735993364
730.0,0.03314846796649378
731.0,0.03269880926369573
732.0,0.03233683249893467
733.0,0.03203882097697479
734.0,0.031713076497506085
735.0,0.03125948653408807
736.0,0.030646768752202166
737.0,0.029951348457453335
738.0,0.029279726113928768
739.0,0.028646652564621858
740.0,0.02800028686829533
741.0,0.027332481193892255
742.0,0.026710804520240786
743.0,0.026239952163800387
744.0,0.025989251109677272
745.0,0.025943070879784397
746.0,0.025995640063860667
747.0,0.02600943413399398
748.0,0.025904793842303778
749.0,0.025714203250601073
750.0,0.025581521268539992
751.0,0.025680792709600164
752.0,0.02612523384829308
753.0,0.026873955441693895
754.0,0.027608814429214125
755.0,0.02795308110877242
756.0,0.028057964071235356
757.0,0.028451611046844405
758.0,0.028981283023568158
759.0,0.028948562595698835
760.0,0.028564579223003622
761.0,0.028806243717937934
762.0,0.02979834001910163
763.0,0.03071370510650167
764.0,0.031036222519848083
765.0,0.030905658607455616
766.0,0.030585996146756667
767.0,0.03020758909816547
768.0,0.029759691829407096
769.0,0.029189111189559053
770.0,0.028538200030204297
771.0,0.027954049704787876
772.0,0.027601837172629207
773.0,0.027519455603532722
774.0,0.027555395842243216
775.0,0.02743653653514659
776.0,0.026936158584357703
777.0,0.026064350894499135
778.0,0.02508355860638785
779.0,0.024308235298163616
780.0,0.023886488552380583
781.0,0.02378162228005231
782.0,0.02386027663846671
783.0,0.02399725408844433
784.0,0.024149451572034207
785.0,0.02431075754525997
786.0,0.02450005736807752
787.0,0.024808410850850705
788.0,0.025330970089331536
789.0,0.026045234856442653
790.0,0.02679177388102255
791.0,0.027362922112115204
792.0,0.02762878372792392
793.0,0.027603270254844735
794.0,0.027385461990505733
795.0,0.027031250926549198
796.0,0.026527132739979364
797.0,0.025843457954257798
798.0,0.025094584717915383
799.0,0.02459738283477471
800.0,0.024480594848061907
801.0,0.02442727511173859
802.0,0.0241396725196093
803.0,0.023762782300876716
804.0,0.02358553045054341
805.0,0.023661885703495353
806.0,0.02380248049323866
807.0,0.02378456942986635
808.0,0.02369831525291119
809.0,0.023912471461348055
810.0,0.024499547499441228
811.0,0.025080572673329193
812.0,0.02533405896997335
813.0,0.02527709296225973
814.0,0.025069760943691677
815.0,0.024808845537142098
816.0,0.024439262274129105
817.0,0.023863572975217122
818.0,0.02316229188571617
819.0,0.022549040063731034
820.0,0.022150888316168932
821.0,0.021960147043901382
822.0,0.0219313716042858
823.0,0.022087169290644207
824.0,0.022562939472012197
825.0,0.023397244837201618
826.0,0.02435677553543167
827.0,0.02506480368291481
828.0,0.025252537615448066
829.0,0.02493493817653321
830.0,0.024379221017327098
831.0,0.023874453851130968
832.0,0.02351663143240683
833.0,0.02326738665291942
834.0,0.02309090331281409
835.0,0.023029058525219227
836.0,0.023181055444340543
837.0,0.02355614617403228
838.0,0.024031407598824876
839.0,0.02446982263629518
840.0,0.02481393303753001
841.0,0.025079924947944622
842.0,0.025284640156278536
843.0,0.02534976331421976
844.0,0.025162967858837267
845.0,0.024724861666545847
846.0,0.024228292290026633
847.0,0.02401328934362447
848.0,0.024347792066524272
849.0,0.025239502544957604
850.0,0.026408251625147976
851.0,0.027453521859646397
852.0,0.02807824956643945
853.0,0.028227337185206806
854.0,0.02809947960580214
855.0,0.027990835675263698
856.0,0.028131682297571424
857.0,0.028560001296885636
858.0,0.02904829767859827
859.0,0.02921892936241522
860.0,0.02875373887481348
861.0,0.027611716839487724
862.0,0.026159667239907952
863.0,0.02498242015105457
864.0,0.024502700304392826
865.0,0.024726453302460823
866.0,0.02533505694317712
867.0,0.0259471367402068
868.0,0.026334120750507006
869.0,0.026494656999709938
870.0,0.026508404981994027
871.0,0.02643088084740685
872.0,0.026283053733412762
873.0,0.02607665274199905
874.0,0.02586095815663643
875.0,0.02570560125341574
876.0,0.025653254007505205
877.0,0.025688665548208034
878.0,0.025748409318169165
879.0,0.02577850461438381
880.0,0.025783321042768266
881.0,0.02578436436159419
882.0,0.025756830335224586
883.0,0.02558637771924148
884.0,0.025116452772431123
885.0,0.024357904765764334
886.0,0.023558906267257172
887.0,0.022996861114628717
888.0,0.02277379841183297
889.0,0.022828240517498842
890.0,0.02305595554871266
891.0,0.023452060496117533
892.0,0.024097736569490977
893.0,0.024940512685159726
894.0,0.025773672304828632
895.0,0.026448991792667756
896.0,0.026970162644042103
897.0,0.027403819614874043
898.0,0.027783288220702917
899.0,0.028059958730957804
900.0,0.02817421153988329
901.0,0.028173102714506085
902.0,0.028171750317560647
903.0,0.028232693358128724
904.0,0.028346108232971984
905.0,0.02848460809228004
906.0,0.028717522545595314
907.0,0.02925248783013365
908.0,0.030207117714523217
909.0,0.03141490172283558
910.0,0.03242659937629251
911.0,0.03274460193678279
912.0,0.03221358826413517
913.0,0.03118140777949032
914.0,0.030315362878990094
915.0,0.03017350855834012
916.0,0.030863183135115102
917.0,0.03200246497506079
918.0,0.03300841174793241
919.0,0.033483432933532196
920.0,0.03334415976161251
921.0,0.03281852662281652
922.0,0.032329995947202705
923.0,0.0321565446930996
924.0,0.032122977858593416
925.0,0.0318958133547996
926.0,0.03162009864915247
927.0,0.03163589976331477
928.0,0.031713252864962606
929.0,0.031382791962113424
930.0,0.03072278695401115
931.0,0.030148858921786877
932.0,0.02978736471111544
933.0,0.029541572711839603
934.0,0.02941272354905322
935.0,0.02946371536833786
936.0,0.029691605314531876
937.0,0.02996464388434173
938.0,0.03006237575968773
939.0,0.02981885950250473
940.0,0.029234381186547927
941.0,0.02847235556755052
942.0,0.027745129945320794
943.0,0.027188478118419998
944.0,0.026802541626460306
945.0,0.02652724015197626
946.0,0.026320986391419172
947.0,0.02615802321993147
948.0,0.026035782505820504
949.0,0.025983140715830313
950.0,0.026049800666928254
951.0,0.026291339779976164
952.0,0.026707544286393457
953.0,0.02718880494456915
954.0,0.0276074435774835
955.0,0.027959774702775164
956.0,0.028267648398600263
957.0,0.02839571674510325
958.0,0.02829595082937695
959.0,0.02827705040902579
960.0,0.028649654479418953
961.0,0.029310974903378917
962.0,0.029930052912426397
963.0,0.030335803370358835
964.0,0.030695246389888832
965.0,0.03138853646832703
966.0,0.032486760960612614
967.0,0.03356154866940285
968.0,0.03432128355782432
969.0,0.03500440261136081
970.0,0.03594458391463862
971.0,0.0371897019238623
972.0,0.03859605150870639
973.0,0.03997892696776032
974.0,0.04116975711963413
975.0,0.042116311758031544
976.0,0.04294494727268866
977.0,0.043884266791478235
978.0,0.04511646526826671
979.0,0.04666213255701228
980.0,0.04839168508327629
981.0,0.050111079131965906
982.0,0.0516672184661654
983.0,0.05306856622475624
984.0,0.0545030602619236
985.0,0.05618062713146875
986.0,0.05815483104384831
987.0,0.06039357932825788
988.0,0.0629354538829122
989.0,0.06587041404013119
990.0,0.06926076307901333
991.0,0.07307724635949255
992.0,0.07721021648994283
993.0,0.08159491491483709
994.0,0.08626664234732864
995.0,0.09119295518025863
996.0,0.09619646640097286
997.0,0.10110458530353299
998.0,0.1058737604071798
999.0,0.11056575152393407
1000.0,0.11527708544076151
1001.0,0.120088834394815
1002.0,0.12502577019313038
1003.0,0.1300546389059123
1004.0,0.13518624287323042
1005.0,0.14062767985811442
1006.0,0.14649582090475682
1007.0,0.15237169397916456
1008.0,0.15759378462457496
1009.0,0.16191416156440455
1010.0,0.16546101550021075
1011.0,0.16826244205116547
1012.0,0.17010626294070225
1013.0,0.17066604877748057
1014.0,0.16989915692312269
1015.0,0.16826511223098792
1016.0,0.16630799453102169
1017.0,0.1641812402529295
1018.0,0.1618195612184989
1019.0,0.15922794785367284
1020.0,0.1562981428299931
1021.0,0.15278582642409444
1022.0,0.1487601646306536
1023.0,0.14470242818318463
1024.0,0.1409296799618998
1025.0,0.13734601269129554
1026.0,0.13393113588889233
1027.0,0.13099448558579688
1028.0,0.12893773810906484
1029.0,0.12793991347932787
1030.0,0.12779160299415748
1031.0,0.12800145444947808
1032.0,0.1280820913800796
1033.0,0.12789441365367488
1034.0,0.12776318808012846
1035.0,0.12824523011495903
1036.0,0.12973726624152923
1037.0,0.13224759639313138
1038.0,0.13548079954860243
1039.0,0.1391167055313931
1040.0,0.14308388746104506
1041.0,0.1474700631093031
1042.0,0.15227997194957182
1043.0,0.15736433496654367
1044.0,0.16250465406277675
1045.0,0.1677299348041031
1046.0,0.17340973600782078
1047.0,0.17976323814354667
1048.0,0.18659563901835238
1049.0,0.19383971700719188
1050.0,0.2018830612525291
1051.0,0.21120956674841823
1052.0,0.22200184117953797
1053.0,0.2340386117265601
1054.0,0.24690179063120143
1055.0,0.26036811191491466
1056.0,0.2744870567008063
1057.0,0.28919914953707987
1058.0,0.30446917852988736
1059.0,0.3208593399348295
1060.0,0.33883305162084776
1061.0,0.35750773263774366
1062.0,0.3755830747419624
1063.0,0.39324665984387797
1064.0,0.4111337141943058
1065.0,0.4281955766685047
1066.0,0.44244369414224816
1067.0,0.4528434978913973
1068.0,0.4597278088787212
1069.0,0.46408670858698914
1070.0,0.46695288034036253
1071.0,0.46883855939109476
1072.0,0.4694579249133958
1073.0,0.46796373203744834
1074.0,0.46327271088367616
1075.0,0.45469824634250705
1076.0,0.44279525985315965
1077.0,0.4290864966718666
1078.0,0.4144154595004138
1079.0,0.39842687451955683
1080.0,0.3812771532702429
1081.0,0.3641912146187913
1082.0,0.34807475425513046
1083.0,0.332855015596067
1084.0,0.31810568177623816
1085.0,0.30347690864969784
1086.0,0.28864217828726896
1087.0,0.27357129308981143
1088.0,0.2588002327569293
1089.0,0.2450587607351718
1090.0,0.23265154396101334
1091.0,0.22142499457954734
1092.0,0.21118500155054448
1093.0,0.20189159942079268
1094.0,0.19365044054553138
1095.0,0.18645137904621722
1096.0,0.17997353640163827
1097.0,0.1738647006108304
1098.0,0.16805532871231657
1099.0,0.16265412166794
1100.0,0.15772814142353353
1101.0,0.15329588764833002
1102.0,0.14934494157613745
1103.0,0.14579884205503968
1104.0,0.14254823963458624
1105.0,0.1395559322524375
1106.0,0.13687617637010155
1107.0,0.13453651498715335
1108.0,0.13248501525707082
1109.0,0.13067124475725259
1110.0,0.12906322934313375
1111.0,0.12757592389668132
1112.0,0.1260996450604263
1113.0,0.1245959992205368
1114.0,0.12311825481453759
1115.0,0.12175113166538237
1116.0,0.12053511447250446
1117.0,0.11942656282116819
1118.0,0.11840386368171832
1119.0,0.1175932293325897
1120.0,0.11702131413884916
1121.0,0.1163751122263501
1122.0,0.11547991790513384
1123.0,0.11472404984958313
1124.0,0.1143722122382706
1125.0,0.11397342971327476
1126.0,0.11313311073759853
1127.0,0.11218497393506904
1128.0,0.11159547891163098
1129.0,0.11135920215934837
1130.0,0.11121872484133583
1131.0,0.11098985926697412
1132.0,0.11060062955548627
1133.0,0.11007262387001296
1134.0,0.10946451888361439
1135.0,0.10881014453086375
1136.0,0.10811248866455218
1137.0,0.10736531911833606
1138.0,0.10659388401027907
1139.0,0.1058437848778093
1140.0,0.1051292208260287
1141.0,0.10441546477137176
1142.0,0.10364490712980477
1143.0,0.10275835598622521
1144.0,0.10170349674220562
1145.0,0.10046547043664535
1146.0,0.09908032903176076
1147.0,0.09760255129847395
1148.0,0.09605614439462007
1149.0,0.09435766537118558
1150.0,0.09231786551850234
1151.0,0.08985494905302172
1152.0,0.08713918389008461
1153.0,0.084464803920812
1154.0,0.08203608234378577
1155.0,0.07989681142105881
1156.0,0.07796078151313937
1157.0,0.07607308321179677
1158.0,0.07411964501209996
1159.0,0.07209331200262847
1160.0,0.07009258408071817
1161.0,0.06826182053082862
1162.0,0.06669154864717167
1163.0,0.06535663915325002
1164.0,0.06414836801978663
1165.0,0.06298074589481478
1166.0,0.061846764955773514
1167.0,0.06078047930303365
1168.0,0.05982411625936933
1169.0,0.059015305765335924
1170.0,0.05834647102339412
1171.0,0.05774281654852047
1172.0,0.057101397426551334
1173.0,0.05635303839840969
1174.0,0.05551288560158641
1175.0,0.05467451759983306
1176.0,0.05397969551965319
1177.0,0.05355554670657098
1178.0,0.053391458824614386
1179.0,0.05330514565370058
1180.0,0.0530309422352052
1181.0,0.05238570269881131
1182.0,0.05144300638231732
1183.0,0.05051467724317308
1184.0,0.049923776978494386
1185.0,0.04977876171565907
1186.0,0.049946075665846454
1187.0,0.0502089655490477
1188.0,0.050524479263969996
1189.0,0.05099620125107207
1190.0,0.0514724219307085
1191.0,0.05161146735724552
1192.0,0.05141351699422104
1193.0,0.051217140450126146
1194.0,0.05119955532647512
1195.0,0.05121694189515
1196.0,0.05102377167633375
1197.0,0.05056573141897858
1198.0,0.050143929893731835
1199.0,0.05003888104584984
1200.0,0.05003864306173122
1201.0,0.049802565032605495
1202.0,0.049442020278263485
1203.0,0.04928885730967943
1204.0,0.04942358522175659
1205.0,0.04970345468622859
1206.0,0.049977679393590047
1207.0,0.05013583372306301
1208.0,0.05011724280457283
1209.0,0.04991204461866439
1210.0,0.049544013576812
1211.0,0.049082550560695215
1212.0,0.04863012257558656
1213.0,0.04831011654184249
1214.0,0.04821566284560782
1215.0,0.0483453572235925
1216.0,0.048592921516785355
1217.0,0.04878861520907164
1218.0,0.048796747887916145
1219.0,0.0485855026950161
1220.0,0.04825625467632032
1221.0,0.048009433639485795
1222.0,0.048005705513268056
1223.0,0.048246722650790226
1224.0,0.04853103440785213
1225.0,0.04853142765966657
1226.0,0.048038522892184916
1227.0,0.047140475216586056
1228.0,0.04619978528303376
1229.0,0.04563738454204404
1230.0,0.04563593305303625
1231.0,0.046008332680320826
1232.0,0.04629087548560762
1233.0,0.04604074310615168
1234.0,0.045181485984873204
1235.0,0.044086303824700454
1236.0,0.04332188765604664
1237.0,0.0432402797233748
1238.0,0.04372515583220416
1239.0,0.044286865224578476
1240.0,0.044456601619579705
1241.0,0.0441171207032403
1242.0,0.04345195081903106
1243.0,0.04272166962301754
1244.0,0.042041133311283854
1245.0,0.04135503148535694
1246.0,0.04066870994179725
1247.0,0.040095286738113
1248.0,0.039699330829689704
1249.0,0.03947221188998575
1250.0,0.039429391848121026
1251.0,0.03952773403243538
1252.0,0.03953226678927513
1253.0,0.03931970459222886
1254.0,0.03921283010159296
1255.0,0.03947477519750771
1256.0,0.03972616985859383
1257.0,0.03953968611791982
1258.0,0.03916407048640733
1259.0,0.03908843972539153
1260.0,0.039384895335610626
1261.0,0.03975141681597842
1262.0,0.039837302410411585
1263.0,0.03945553630962663
1264.0,0.038691138221558646
1265.0,0.03786824136110639
1266.0,0.037342103475791324
1267.0,0.03726929644758718
1268.0,0.03757726481399217
1269.0,0.038235642430754196
1270.0,0.039329219689422906
1271.0,0.0408024723924291
1272.0,0.04237335109940087
1273.0,0.043665782917556635
1274.0,0.04443744359869918
1275.0,0.04472890806227487
1276.0,0.04476293245133177
1277.0,0.0446765692504669
1278.0,0.04448793728188247
1279.0,0.04424963404889601
1280.0,0.04406545905527639
1281.0,0.044028731946650385
1282.0,0.044152469284947614
1283.0,0.04435072046836462
1284.0,0.044482457878975375
1285.0,0.044434574022350834
1286.0,0.04421039651737817
1287.0,0.04393915315138186
1288.0,0.04380829058397603
1289.0,0.043946615679678225
1290.0,0.04432593909677532
1291.0,0.044760738640072704
1292.0,0.044964349282730465
1293.0,0.04473990267401699
1294.0,0.04424022114563297
1295.0,0.04393720175156891
1296.0,0.044311308443664085
1297.0,0.04546822522467689
1298.0,0.04694910495352729
1299.0,0.04803201659551454
1300.0,0.0482966478032031
1301.0,0.04788797914180414
1302.0,0.047275578975489826
1303.0,0.046881060921053166
1304.0,0.04682290298810329
1305.0,0.04696470486214504
1306.0,0.04720716916140208
1307.0,0.04755193490491008
1308.0,0.04800623685016058
1309.0,0.04851667492947244
1310.0,0.04895561438938538
1311.0,0.04920993651509396
1312.0,0.04927190674578384
1313.0,0.04927224610853432
1314.0,0.04940920281927031
1315.0,0.049794341907544865
1316.0,0.05034539891779776
1317.0,0.05076365679252419
1318.0,0.05071082023196722
1319.0,0.05014484481296369
1320.0,0.04941739652381272
1321.0,0.04901276846149978
1322.0,0.04920459202266389
1323.0,0.04992107818015668
1324.0,0.05084059490049553
1325.0,0.051647755922341526
1326.0,0.052226292231748656
1327.0,0.05261279123268213
1328.0,0.05293097831579899
1329.0,0.05334389731763993
1330.0,0.05393032000079982
1331.0,0.054602080149447604
1332.0,0.05517549707607567
1333.0,0.05552648107601035
1334.0,0.055642317262684204
1335.0,0.055566002100755935
1336.0,0.05534145611807131
1337.0,0.05497705891710669
1338.0,0.05455483594108243
1339.0,0.05429907390193612
1340.0,0.05438517537622986
1341.0,0.0547686066211381
1342.0,0.05523379622582778
1343.0,0.05556576851173248
1344.0,0.05568146966668714
1345.0,0.05566247125322556
1346.0,0.05565481012077299
1347.0,0.05574634178540802
1348.0,0.05594346091300202
1349.0,0.0562555351262287
1350.0,0.05689226220543865
1351.0,0.0581383468340549
1352.0,0.05994793148932637
1353.0,0.061749586513033805
1354.0,0.06255254262313956
1355.0,0.06166519820439974
1356.0,0.059425907436604156
1357.0,0.057073951739511096
1358.0,0.05592530849949852
1359.0,0.05645882090215022
1360.0,0.05802894213901953
1361.0,0.05942427519524711
1362.0,0.059822773251521744
1363.0,0.0592304984919163
1364.0,0.05823840673957339
1365.0,0.05750862391169484
1366.0,0.05727749537644863
1367.0,0.05744673967433766
1368.0,0.05792602870972096
1369.0,0.0587294427454741
1370.0,0.05991904666449089
1371.0,0.06127554141658487
1372.0,0.0622503061630328
1373.0,0.06244108994940026
1374.0,0.061934755405380335
1375.0,0.06118887101784478
1376.0,0.0606743372564966
1377.0,0.06057742665967086
1378.0,0.06075360786734921
1379.0,0.06101928290273944
1380.0,0.06132524761919299
1381.0,0.061652878935806135
1382.0,0.06199722239595423
1383.0,0.062426747231167964
1384.0,0.06300947529791547
1385.0,0.06369553018148305
1386.0,0.06428701543600779
1387.0,0.0645092492690254
1388.0,0.0642445532333801
1389.0,0.06368862324585033
1390.0,0.06315562036299646
1391.0,0.06277517241076831
1392.0,0.06251536962856184
1393.0,0.06235774517467042
1394.0,0.062378096022941365
1395.0,0.06271974215655872
1396.0,0.06335352973809243
1397.0,0.06398138508640609
1398.0,0.0642927945996277
1399.0,0.06421662743033527
1400.0,0.06390744937403413
1401.0,0.06359045465954141
1402.0,0.06341001613637483
1403.0,0.06338035845416384
1404.0,0.06353373686737497
1405.0,0.06395725395783558
1406.0,0.06465721375146063
1407.0,0.06549529283495692
1408.0,0.06623051180813237
1409.0,0.06667242459963812
1410.0,0.06681804670536129
1411.0,0.06687143508082383
1412.0,0.06713141454987145
1413.0,0.06776190054424205
1414.0,0.06864452297501339
1415.0,0.06948193343530096
1416.0,0.07004357790196714
1417.0,0.07027861073911221
1418.0,0.07026877909548611
1419.0,0.07007281134934198
1420.0,0.06961071554741258
1421.0,0.06889565332836041
1422.0,0.06821059448752595
1423.0,0.06792660782748745
1424.0,0.06823225609155323
1425.0,0.06897145888312213
1426.0,0.06974430484235672
1427.0,0.07023377537458902
1428.0,0.07042381260060142
1429.0,0.07045255504447341
1430.0,0.07042199947786176
1431.0,0.07035955338533059
1432.0,0.07024330248998016
1433.0,0.07009391586081878
1434.0,0.06998490695048465
1435.0,0.06995506716586669
1436.0,0.06999626293975299
1437.0,0.07011868593159051
1438.0,0.07035342979648812
1439.0,0.07071142974986405
1440.0,0.07112691489124146
1441.0,0.07143617080911333
1442.0,0.07153051119858189
1443.0,0.07150577982365605
1444.0,0.07163379978815343
1445.0,0.0721957998630374
1446.0,0.07320837204860477
1447.0,0.0743382516754639
1448.0,0.07524721778880644
1449.0,0.07590998990791295
1450.0,0.0763261832892736
1451.0,0.07630771685090118
1452.0,0.07598800105544254
1453.0,0.07594452122870995
1454.0,0.07639878910952219
1455.0,0.07689406359277354
1456.0,0.07704691831921398
1457.0,0.07700514467860772
1458.0,0.07706910257572386
1459.0,0.07732293547722156
1460.0,0.07756892186594672
1461.0,0.07753127028522783
1462.0,0.07720901568400042
1463.0,0.07685628271274002
1464.0,0.07661084411215463
1465.0,0.07649302219416629
1466.0,0.07669332340166313
1467.0,0.07741193357873025
1468.0,0.07853827563903239
1469.0,0.07960297852723762
1470.0,0.07999828929888587
1471.0,0.07949142911894598
1472.0,0.07850870725407655
1473.0,0.07781556709149408
1474.0,0.07793588521381299
1475.0,0.07882100083027328
1476.0,0.07993967034533421
1477.0,0.08066409102278801
1478.0,0.08071831754308953
1479.0,0.08032763593501582
1480.0,0.08000908949844038
1481.0,0.08018220111182706
1482.0,0.0808601853183874
1483.0,0.08169067915213997
1484.0,0.08225403375801402
1485.0,0.08239196048477981
1486.0,0.08225831462001502
1487.0,0.08198568568390262
1488.0,0.08155776211132232
1489.0,0.08099716113497092
1490.0,0.08047650551372472
1491.0,0.08030504615033844
1492.0,0.08069525059214881
1493.0,0.0815201818759553
1494.0,0.08243530025702425
1495.0,0.08321260018367162
1496.0,0.08382527053952019
1497.0,0.08431925878521469
1498.0,0.08473500112641613
1499.0,0.08506616567654243
1500.0,0.08529832561678817
1501.0,0.08546289878043968
1502.0,0.08563611788741912
1503.0,0.08588777461514878
1504.0,0.0861462362876106
1505.0,0.0861829972547072
1506.0,0.08579999423698857
1507.0,0.08504983519682122
1508.0,0.0844319046823604
1509.0,0.08463788055722227
1510.0,0.08588405780558704
1511.0,0.08764342027853511
1512.0,0.089026476860288
1513.0,0.08941613199943162
1514.0,0.0888467683465278
1515.0,0.08793671186433553
1516.0,0.08741789561592121
1517.0,0.0876285823400928
1518.0,0.08837426989955095
1519.0,0.08909758583930563
1520.0,0.08925116720982629
1521.0,0.08871762599974048
1522.0,0.08792513198122746
1523.0,0.08747263418303523
1524.0,0.08761002097473787
1525.0,0.08817767554076873
1526.0,0.08889887757985093
1527.0,0.0895971180460847
1528.0,0.09029427852041863
1529.0,0.09107590775820519
1530.0,0.09191625688514558
1531.0,0.0927189027336664
1532.0,0.09340355025170649
1533.0,0.09389978529602802
1534.0,0.0941496320323447
1535.0,0.09416185666680622
1536.0,0.09399545381560469
1537.0,0.09363463690684647
1538.0,0.09303293166134412
1539.0,0.09238692459575283
1540.0,0.09213529692507648
1541.0,0.09267756248206457
1542.0,0.09404555203459355
1543.0,0.09576437844485589
1544.0,0.09715625871297161
1545.0,0.0978403614281939
1546.0,0.09786984063202987
1547.0,0.09743584806683417
1548.0,0.09671140802407151
1549.0,0.09583242063227808
1550.0,0.09503533673158202
1551.0,0.09477901603667345
1552.0,0.0953584314504519
1553.0,0.09654964304462471
1554.0,0.09778328918115936
1555.0,0.09858413440556953
1556.0,0.09884214217500242
1557.0,0.09878651019303465
1558.0,0.0985966277709757
1559.0,0.09815269369019866
1560.0,0.09751451785383775
1561.0,0.09712770624907344
1562.0,0.0972192179752646
1563.0,0.09749681470624706
1564.0,0.09759508710948413
1565.0,0.09748470977997753
1566.0,0.0974878550627326
1567.0,0.09792992634481429
1568.0,0.09860548058487799
1569.0,0.09897168775998386
1570.0,0.09897443517624306
1571.0,0.09909116308092664
1572.0,0.09962643464302827
1573.0,0.10049028182237897
1574.0,0.10150119570626445
1575.0,0.10243980243039368
1576.0,0.10297137093242403
1577.0,0.10292709244265409
1578.0,0.10255501019832083
1579.0,0.10234069639191364
1580.0,0.10263069233907737
1581.0,0.10340282887959308
1582.0,0.1043224977462494
1583.0,0.10509422790011247
1584.0,0.10573827890071921
1585.0,0.10629276339564152
1586.0,0.10654770353360436
1587.0,0.10627608047976012
1588.0,0.10550200262510677
1589.0,0.10460918624880153
1590.0,0.10412952803893806
1591.0,0.1043044431410643
1592.0,0.10488849809179712
1593.0,0.10537533923450722
1594.0,0.10540328304654746
1595.0,0.10501892963361206
1596.0,0.10462568766274492
1597.0,0.10463041840983957
1598.0,0.10535702352263378
1599.0,0.10670747193033389
