0.0,0.0
1.0,0.0
2.0,0.0
3.0,0.0
4.0,0.0
5.0,0.0
6.0,0.0
7.0,0.0
8.0,0.0
9.0,0.0
10.0,0.0
11.0,0.0
12.0,0.0
13.0,0.0
14.0,0.0
15.0,0.0
16.0,0.0
17.0,0.0
18.0,0.0
19.0,0.0
20.0,0.0
21.0,0.0
22.0,0.0
23.0,0.0
24.0,0.0
25.0,0.0
26.0,0.0
27.0,0.0
28.0,0.0
29.0,0.0
30.0,0.0
31.0,0.0
32.0,0.0
33.0,0.0
34.0,0.0
35.0,0.0
36.0,0.0
37.0,0.0
38.0,0.0
39.0,0.0
40.0,0.0
41.0,0.0
42.0,0.0
43.0,0.0
44.0,0.0
45.0,0.0
46.0,0.0
47.0,0.0
48.0,0.0
49.0,0.0
50.0,0.0
51.0,0.0
52.0,0.0
53.0,0.0
54.0,0.0
55.0,0.0
56.0,0.0
57.0,0.0
58.0,0.0
59.0,0.0
60.0,0.0
61.0,0.0
62.0,0.0
63.0,0.0
64.0,0.0
65.0,0.0
66.0,0.0
67.0,0.0
68.0,0.0
69.0,0.0
70.0,0.0
71.0,0.0
72.0,0.0
73.0,0.0
74.0,0.0
75.0,0.0
76.0,0.0
77.0,0.0
78.0,0.0
79.0,0.0
80.0,0.0
81.0,0.0
82.0,0.23193112540681293
83.0,0.386985588008811
84.0,0.4494477926191499
85.0,0.47654535655247804
86.0,0.5023004805860943
87.0,0.539742821673071
88.0,0.5842671986189565
89.0,0.6309678285229926
90.0,0.6819170405493934
91.0,0.7408839246738242
92.0,0.8052206836250183
93.0,0.8608198491042311
94.0,0.8957244188916959
95.0,0.9158888363348687
96.0,0.93489620369751
97.0,0.9551852097451761
98.0,0.9716550939720683
99.0,0.982966207880102
100.0,0.9908717849462503
101.0,0.9964276177704144
102.0,0.9998850553026041
103.0,1.0013138807334219
104.0,1.000785615019948
105.0,0.9985676996610653
106.0,0.9952840500286395
107.0,0.9916997025058797
108.0,0.9881107346884664
109.0,0.984284196271241
110.0,0.9802120302506352
111.0,0.9763168687869914
112.0,0.9727776175954619
113.0,0.9693874019683514
114.0,0.9660752601541124
115.0,0.9630096515332723
116.0,0.9602611781032165
117.0,0.9577378669738046
118.0,0.9553617469167416
119.0,0.9531407825584758
120.0,0.9511348555190076
121.0,0.9493744967627189
122.0,0.9477967544713712
123.0,0.9463318187269428
124.0,0.9450132525285431
125.0,0.9439025992894311
126.0,0.942980177862569
127.0,0.9421956640976514
128.0,0.9415462418549156
129.0,0.9410580816178549
130.0,0.9407456592643191
131.0,0.9406021749206095
132.0,0.9406022113966578
133.0,0.9407053018767719
134.0,0.9408719255629927
135.0,0.941082177757226
136.0,0.9413342243903631
137.0,0.9416188497674421
138.0,0.9419015260557969
139.0,0.9421233184123466
140.0,0.942240019254162
141.0,0.942270793525501
142.0,0.9422972633900129
143.0,0.942416775750504
144.0,0.9426826979417863
145.0,0.9430802548881081
146.0,0.943531500263561
147.0,0.943934742076073
148.0,0.9442153113937286
149.0,0.944351253196984
150.0,0.944367319902902
151.0,0.9442968159696518
152.0,0.9441271811758103
153.0,0.9437857856750793
154.0,0.9432503388932417
155.0,0.9426204002150332
156.0,0.9420055986610563
157.0,0.9414190145408118
158.0,0.9408391285754989
159.0,0.9402812758106871
160.0,0.9397755715209846
161.0,0.9393409707189578
162.0,0.9389865583905465
163.0,0.938714240624883
164.0,0.9385132685366777
165.0,0.938388849671121
166.0,0.9384207061665758
167.0,0.9386948080482854
168.0,0.9391528262136053
169.0,0.9396068588053624
170.0,0.9398956144163354
171.0,0.9399757973890179
172.0,0.9398919505064799
173.0,0.9397475463457444
174.0,0.9396679235166431
175.0,0.9397348797143926
176.0,0.939952819670849
177.0,0.9402499365641306
178.0,0.9405240451026528
179.0,0.9406406428151741
180.0,0.9404514972888376
181.0,0.9399546179955498
182.0,0.9393569836220137
183.0,0.9389193844357667
184.0,0.9387677580182588
185.0,0.9388653360297136
186.0,0.9390886244706419
187.0,0.9393151897334852
188.0,0.9394949447283427
189.0,0.939622670328071
190.0,0.9397002637277156
191.0,0.9397346057313245
192.0,0.9397189744757477
193.0,0.9396055779472781
194.0,0.9393517045174276
195.0,0.9390086072063043
196.0,0.9387106275425727
197.0,0.9385824517090082
198.0,0.9386545494387643
199.0,0.9388511700513947
200.0,0.9390401349242314
201.0,0.9391129947162811
202.0,0.9390346276809703
203.0,0.9388318333034986
204.0,0.9385829755801753
205.0,0.938383604436762
206.0,0.9382747049634664
207.0,0.9382098169369905
208.0,0.9381139506075922
209.0,0.937964811551944
210.0,0.9378233190030574
211.0,0.9377858027231581
212.0,0.9378346455736298
213.0,0.9378187416725805
214.0,0.9376985114263502
215.0,0.9376349041450933
216.0,0.9377398726959558
217.0,0.9379437674151704
218.0,0.9381479800072121
219.0,0.9383278856102969
220.0,0.9384859999990451
221.0,0.938621177219393
222.0,0.9387321904925702
223.0,0.9388152020307995
224.0,0.9388604602579574
225.0,0.9388627309969862
226.0,0.9388357747352195
227.0,0.9387857815757875
228.0,0.9386760484752732
229.0,0.9384721893330118
230.0,0.9382033178482136
231.0,0.9379602466188609
232.0,0.9378445659587242
233.0,0.9379008415673297
234.0,0.9380876218599639
235.0,0.9383024984060899
236.0,0.9384431983213821
237.0,0.9384220656836901
238.0,0.9381862665804295
239.0,0.9377944663757312
240.0,0.9374091684133294
241.0,0.9371931148503435
242.0,0.9372047533199689
243.0,0.9373820974876063
244.0,0.9375928608714378
245.0,0.9376949222248058
246.0,0.9376142031816135
247.0,0.9373733239767041
248.0,0.9370725859541525
249.0,0.9368397346889783
250.0,0.9367643755004168
251.0,0.9368759259239461
252.0,0.9371144529592328
253.0,0.9373347957696084
254.0,0.9373635195694097
255.0,0.9370630050864227
256.0,0.9364505885741191
257.0,0.9357342442198922
258.0,0.9352074878131922
259.0,0.9350852441005925
260.0,0.9353704630657191
261.0,0.9358637250903072
262.0,0.9362556538317904
263.0,0.9362930324584378
264.0,0.9359188816945678
265.0,0.9352830250479002
266.0,0.9346421888644934
267.0,0.9342042072306361
268.0,0.9340890204053545
269.0,0.9343066139220891
270.0,0.9347133761158314
271.0,0.9350916332212832
272.0,0.9352933461401804
273.0,0.9353175411786046
274.0,0.9352485961573208
275.0,0.9351656025048143
276.0,0.9350918303973628
277.0,0.9350055518190948
278.0,0.9349070019234326
279.0,0.9348441910294913
280.0,0.9348885090131375
281.0,0.9350862592132623
282.0,0.9354257980845252
283.0,0.9358305145497572
284.0,0.9361917483921154
285.0,0.9364190199552482
286.0,0.9364748323695187
287.0,0.9363972083122267
288.0,0.9362732855665015
289.0,0.9361797048337087
290.0,0.9361350532731552
291.0,0.9361154244187825
292.0,0.9361021606591906
293.0,0.9361246025255471
294.0,0.936249131372641
295.0,0.9364850013766579
296.0,0.9367442095727855
297.0,0.9369059705309166
298.0,0.9368939796124949
299.0,0.9366935357638196
300.0,0.9363500533020519
301.0,0.9359567323513935
302.0,0.9356039737369156
303.0,0.935334090121037
304.0,0.9351327461332698
305.0,0.9349664008813245
306.0,0.9348066750345603
307.0,0.9346306830313774
308.0,0.9344331691030208
309.0,0.934232064417953
310.0,0.9340480371406685
311.0,0.9338798989966005
312.0,0.9337181252124611
313.0,0.9335700273963407
314.0,0.9334590107961137
315.0,0.9334093836720929
316.0,0.9334311549332462
317.0,0.9335137331432325
318.0,0.9336266023773808
319.0,0.9337335571144887
320.0,0.9338093099893818
321.0,0.9338487689823769
322.0,0.9338624689317735
323.0,0.9338610813383548
324.0,0.9338403295908333
325.0,0.9337852475902791
326.0,0.9336979638203474
327.0,0.9336038490729586
328.0,0.933528495627012
329.0,0.9334805548739238
330.0,0.933453886438127
331.0,0.9334352820052865
332.0,0.9334133006243451
333.0,0.9333838452228121
334.0,0.9333478468736243
335.0,0.9333136020131768
336.0,0.9332978311765872
337.0,0.9333235721666733
338.0,0.933414833262026
339.0,0.9335671872414448
340.0,0.9337308569875403
341.0,0.9337944462845231
342.0,0.9336169212014946
343.0,0.9331780782825791
344.0,0.9326431164658048
345.0,0.9322202863504826
346.0,0.9319970059443976
347.0,0.9319423967869058
348.0,0.9319752747629123
349.0,0.9319972547414559
350.0,0.9319399800307245
351.0,0.9317870806895604
352.0,0.9315692051323353
353.0,0.9313408834366715
354.0,0.9311504716547768
355.0,0.9310356727533668
356.0,0.9310041627812683
357.0,0.9310132675281817
358.0,0.9310079782532562
359.0,0.9309854328265499
360.0,0.9309757580134738
361.0,0.9309683952767902
362.0,0.9309144706527385
363.0,0.9307787792964782
364.0,0.9305673083031607
365.0,0.9303195655441078
366.0,0.9300515649264879
367.0,0.9297132656896211
368.0,0.9292599737994734
369.0,0.9287306714104124
370.0,0.9282395317408239
371.0,0.9279144689463348
372.0,0.9278627115814515
373.0,0.9281309271716893
374.0,0.9286228836845478
375.0,0.9291185994359289
376.0,0.9293820187853093
377.0,0.9293002511494988
378.0,0.9289655726435384
379.0,0.9285942977600508
380.0,0.9283292482249358
381.0,0.9281551751629558
382.0,0.9280237113336859
383.0,0.9279286339097449
384.0,0.9278745987141398
385.0,0.9278612349625441
386.0,0.9278831891707909
387.0,0.9279351896746281
388.0,0.9280191708094985
389.0,0.9281418013728757
390.0,0.9283068084834581
391.0,0.9285019693088644
392.0,0.9286950423693475
393.0,0.9288544754650249
394.0,0.9289713961671517
395.0,0.9290553183265112
396.0,0.9291148622387854
397.0,0.9291408096333887
398.0,0.9291071242961585
399.0,0.9290103582753884
400.0,0.9288911298311296
401.0,0.9288072460173127
402.0,0.9287936807411201
403.0,0.9288419439498686
404.0,0.9289132534388045
405.0,0.9289808058625294
406.0,0.9290485028637873
407.0,0.9291206542766135
408.0,0.929175196864445
409.0,0.9291613036161696
410.0,0.9290126156930684
411.0,0.9286590952665512
412.0,0.9280990390999663
413.0,0.9274685989743224
414.0,0.926957657920863
415.0,0.9266580025565608
416.0,0.9265358758979204
417.0,0.9265221266250236
418.0,0.9266045183119107
419.0,0.926866546065476
420.0,0.9273622773605052
421.0,0.9279902938308517
422.0,0.9285490002238689
423.0,0.9288753161437856
424.0,0.9289324025138581
425.0,0.928807424009751
426.0,0.9286431828495527
427.0,0.9285413284851793
428.0,0.9285425018270351
429.0,0.928641233504565
430.0,0.9288033814936022
431.0,0.9289996174830302
432.0,0.9292245195454616
433.0,0.9294861105435077
434.0,0.9297631762690975
435.0,0.92999571978609
436.0,0.9301162630411662
437.0,0.9300977000674213
438.0,0.9299797238076946
439.0,0.9298613287766335
440.0,0.9298671209279116
441.0,0.9300601070081829
442.0,0.9303814365960669
443.0,0.9306981126674937
444.0,0.9309110805183999
445.0,0.9309978344903941
446.0,0.930982859572609
447.0,0.9309091753282369
448.0,0.9308076404753145
449.0,0.930688375263773
450.0,0.9305514145931594
451.0,0.930409018556924
452.0,0.9302966269684415
453.0,0.9302502120425495
454.0,0.9302803990537073
455.0,0.9303620057938196
456.0,0.9304490770694117
457.0,0.9305037600887255
458.0,0.9305162585954294
459.0,0.9304938866967258
460.0,0.930448228958395
461.0,0.9303981412268624
462.0,0.9303597647759311
463.0,0.9303317858730319
464.0,0.9302882456975793
465.0,0.9301820646441388
466.0,0.9299782982277024
467.0,0.92968839101047
468.0,0.9293616288789658
469.0,0.929043879952126
470.0,0.9287546486940598
471.0,0.9284917478302179
472.0,0.9282633841350043
473.0,0.9281167059220345
474.0,0.9281274391208506
475.0,0.9283624193913613
476.0,0.9287907679901702
477.0,0.9292574808307507
478.0,0.9295727747664299
479.0,0.9296299329096598
480.0,0.9294585249809414
481.0,0.9291787544403943
482.0,0.9288877577290663
483.0,0.9285873203673155
484.0,0.9282630834085003
485.0,0.9279434004147786
486.0,0.927651815345677
487.0,0.9273828108187134
488.0,0.9271291301163108
489.0,0.9269043622312502
490.0,0.9267448508038708
491.0,0.9266863099761462
492.0,0.9267329202384229
493.0,0.9268494160998166
494.0,0.9269818403556839
495.0,0.9270868203604653
496.0,0.9271481931235206
497.0,0.927174483348291
498.0,0.9271791744761005
499.0,0.9271245910890501
500.0,0.9268938918328585
501.0,0.9264340542963101
502.0,0.92587907309951
503.0,0.92548898474678
504.0,0.9254845986290146
505.0,0.925876338570951
506.0,0.9264413553792269
507.0,0.9268737262460068
508.0,0.9269868672136423
509.0,0.9267782490341806
510.0,0.9263798512852647
511.0,0.9259674217121789
512.0,0.9256524342863008
513.0,0.9254653773770293
514.0,0.9253790034928281
515.0,0.9253470834887403
516.0,0.9253437435888984
517.0,0.9253653551355296
518.0,0.9254150843694319
519.0,0.925478158179421
520.0,0.9255244634524157
521.0,0.9255340806050261
522.0,0.9255070129758939
523.0,0.9254533478221012
524.0,0.9253826419261043
525.0,0.9252970236622642
526.0,0.9251946928194473
527.0,0.9250779303187396
528.0,0.9249335235990112
529.0,0.9247205977912739
530.0,0.9244212961452195
531.0,0.9240822980502537
532.0,0.9238049152449902
533.0,0.9236907689120196
534.0,0.9237672837028488
535.0,0.9239658687379607
536.0,0.9241765722026447
537.0,0.9243225370289401
538.0,0.924373527780536
539.0,0.924335230292841
540.0,0.9242320947489244
541.0,0.9240765470686833
542.0,0.9238450962800632
543.0,0.9235152079431601
544.0,0.9231479412200474
545.0,0.9228774154719329
546.0,0.9228205162765704
547.0,0.9229916977184308
548.0,0.9232885406342909
549.0,0.9235611948859044
550.0,0.9237119053764039
551.0,0.9237372659278126
552.0,0.9236891491797016
553.0,0.9236452573401549
554.0,0.9236803547000395
555.0,0.9238180484525473
556.0,0.9240145379439262
557.0,0.9241720433152346
558.0,0.9241890482324284
559.0,0.9240282852083818
560.0,0.9237420193982916
561.0,0.9234416221318197
562.0,0.9232288257076064
563.0,0.9231545710490895
564.0,0.9232078110197435
565.0,0.9233314818833366
566.0,0.9234679790934492
567.0,0.9235941161962886
568.0,0.9237245477415076
569.0,0.9238722887522116
570.0,0.9240302816269086
571.0,0.9241957166317946
572.0,0.9243717911258765
573.0,0.9245472220047977
574.0,0.9246938050047122
575.0,0.9247800080494198
576.0,0.924793111380334
577.0,0.9247494422514111
578.0,0.9247120265478308
579.0,0.9247897299704928
580.0,0.9250395628686595
581.0,0.9253865422799896
582.0,0.9256506658278393
583.0,0.9256522020347203
584.0,0.9253325042458637
585.0,0.9247906336808208
586.0,0.9242171347234766
587.0,0.9237700062043822
588.0,0.923516250729706
589.0,0.9234366098284623
590.0,0.9234733801031968
591.0,0.9235930574395345
592.0,0.9237945128974243
593.0,0.9240842719727174
594.0,0.9244236337684018
595.0,0.9247312528453326
596.0,0.9249551439134464
597.0,0.9251016583849314
598.0,0.9251931963928564
599.0,0.9252315419888398
600.0,0.9251912324132001
601.0,0.9250511582306185
602.0,0.9248389667243506
603.0,0.9246242175212497
604.0,0.9244730527448544
605.0,0.9244083641134185
606.0,0.9244040996263562
607.0,0.9243961413595926
608.0,0.924313334830402
609.0,0.9241281474142555
610.0,0.9238794405803545
611.0,0.9236648605812361
612.0,0.9235924604042581
613.0,0.9237113425089171
614.0,0.9239795184733242
615.0,0.9242790549728844
616.0,0.92448408015858
617.0,0.9245249920045405
618.0,0.9244198242875638
619.0,0.92425884796378
620.0,0.924143697035335
621.0,0.9241408482414207
622.0,0.9242448258678428
623.0,0.9243758889391481
624.0,0.9244181595197489
625.0,0.9242561577135799
626.0,0.923855030455005
627.0,0.9233200123108147
628.0,0.9228364274288441
629.0,0.9225442809861607
630.0,0.9224598874178914
631.0,0.922500116006332
632.0,0.9225689281830373
633.0,0.9226462778879699
634.0,0.9227582794965211
635.0,0.9228917380428043
636.0,0.9230179417340743
637.0,0.923145292695515
638.0,0.9232940907504962
639.0,0.9234537312153628
640.0,0.9235626351226184
641.0,0.9235320673876911
642.0,0.9233225024629604
643.0,0.9229904380175767
644.0,0.9226748698772658
645.0,0.9225200712758611
646.0,0.9225925063824051
647.0,0.9228420789176289
648.0,0.9231296950671892
649.0,0.9233103923521353
650.0,0.9232949897960749
651.0,0.9230904996668046
652.0,0.922788172505837
653.0,0.9224950029914989
654.0,0.9222631291083684
655.0,0.9220786055508918
656.0,0.9219184598743599
657.0,0.9217793806048828
658.0,0.9216702992959456
659.0,0.9215964134788978
660.0,0.9215443617895944
661.0,0.9215059571995008
662.0,0.9215058687346916
663.0,0.9215632672792756
664.0,0.9216487811851933
665.0,0.9217049382557182
666.0,0.9216907753964947
667.0,0.9216041000856267
668.0,0.9214733036403244
669.0,0.9213198721087503
670.0,0.9211348329771719
671.0,0.9209138101216888
672.0,0.9206855061188202
673.0,0.9205031308762777
674.0,0.9204133824938661
675.0,0.9204237625957515
676.0,0.9204946792537873
677.0,0.920560733535889
678.0,0.9205689146555609
679.0,0.9205006385255433
680.0,0.920378224208566
681.0,0.9202490512137407
682.0,0.9201592283151692
683.0,0.9201378296639231
684.0,0.9201822164087532
685.0,0.9202608090391354
686.0,0.9203383964479779
687.0,0.920403375070194
688.0,0.9204590536140196
689.0,0.9204974699123011
690.0,0.9204895372605004
691.0,0.9203950477993526
692.0,0.9202139847279664
693.0,0.9200132553010812
694.0,0.9198919448862686
695.0,0.919918516572161
696.0,0.9200789435594897
697.0,0.920279876542235
698.0,0.9203945821742496
699.0,0.9203386009109845
700.0,0.9201207106960632
701.0,0.9198385618425428
702.0,0.9196365604955282
703.0,0.9196167761596654
704.0,0.9197712858971742
705.0,0.9199844984327898
706.0,0.9201002419010353
707.0,0.9200208712360572
708.0,0.9197546823852643
709.0,0.9194148740447694
710.0,0.9191648927037355
711.0,0.9191233853345144
712.0,0.9193079897701879
713.0,0.9196274406872305
714.0,0.9199407789551527
715.0,0.9201367754356701
716.0,0.9201817974479873
717.0,0.9201053987082374
718.0,0.9199408610816714
719.0,0.9196962138848076
720.0,0.9193569769933077
721.0,0.9189539713452533
722.0,0.9185951884876674
723.0,0.9183925261594554
724.0,0.9183821730427726
725.0,0.9185080005126128
726.0,0.9186671605004322
727.0,0.9187746748265126
728.0,0.9188101468462455
729.0,0.9187979010349889
730.0,0.9187794769309525
731.0,0.9188173712610828
732.0,0.918958027458273
733.0,0.9191837306176269
734.0,0.9193973092666589
735.0,0.9194437438378614
736.0,0.9192250813519207
737.0,0.9188065617372991
738.0,0.9183879951575536
739.0,0.9181728415952997
740.0,0.9182376792997474
741.0,0.9185005801089716
742.0,0.9187810306408323
743.0,0.9189196440309872
744.0,0.9188596841642865
745.0,0.9186457464455567
746.0,0.9183546261172504
747.0,0.9180131904752339
748.0,0.9176185514205827
749.0,0.9171905375985234
750.0,0.9168168336050205
751.0,0.9166353814410645
752.0,0.9167340624080083
753.0,0.9170750351332374
754.0,0.917490141263625
755.0,0.9177755993980563
756.0,0.9178130594672238
757.0,0.9176328696083607
758.0,0.9173659189751487
759.0,0.9171446931279229
760.0,0.9170379580384795
761.0,0.9170322564862479
762.0,0.9170812650525001
763.0,0.9171577119860145
764.0,0.9172745922083599
765.0,0.9174482374972355
766.0,0.9176400067350589
767.0,0.9177593859991039
768.0,0.9177126856139263
769.0,0.9174824671053922
770.0,0.9171599138690086
771.0,0.9168729212421816
772.0,0.9166858235702866
773.0,0.9165867556107997
774.0,0.9165335289356289
775.0,0.9164835020646147
776.0,0.9164175905558049
777.0,0.9163375875754846
778.0,0.916253376412307
779.0,0.9161866921199247
780.0,0.9161619477668247
781.0,0.9161828607137296
782.0,0.9162258834281272
783.0,0.9162578267729323
784.0,0.9162586828296774
785.0,0.916230071674721
786.0,0.9161902821055531
787.0,0.9161593524398599
788.0,0.9161467581189818
789.0,0.9161524001290091
790.0,0.9161681578973062
791.0,0.9161805503881051
792.0,0.916179217674509
793.0,0.9161629976362234
794.0,0.9161478680578504
795.0,0.9161664807739013
796.0,0.9162467861612553
797.0,0.9163914012406
798.0,0.9165607136157484
799.0,0.916683274833572
800.0,0.9166959742205878
801.0,0.9165816484916186
802.0,0.9163921918110349
803.0,0.9162244905178071
804.0,0.916169083813586
805.0,0.9162589526571094
806.0,0.9164479967889935
807.0,0.9166451572302698
808.0,0.9167766687557427
809.0,0.9168293228680409
810.0,0.9168307110802947
811.0,0.9168093052202144
812.0,0.9167670640551834
813.0,0.9166906895554152
814.0,0.9166022887031993
815.0,0.9165556829390586
816.0,0.9165830650498595
817.0,0.9166748836132788
818.0,0.9168024246022555
819.0,0.916950397709069
820.0,0.9171384535131301
821.0,0.9173834679518216
822.0,0.9176486867628494
823.0,0.917851424509924
824.0,0.917910310299589
825.0,0.9178120739274047
826.0,0.9176334587032712
827.0,0.9174950799450516
828.0,0.9174839743555844
829.0,0.917605802228396
830.0,0.9177947277385984
831.0,0.9179654743566548
832.0,0.9180730460492379
833.0,0.9181161508121078
834.0,0.9181188793865329
835.0,0.9181233124916053
836.0,0.918163784178679
837.0,0.9182400827025021
838.0,0.9183130887888143
839.0,0.9183235011239109
840.0,0.9182331956178921
841.0,0.9180578011572473
842.0,0.9178557100599826
843.0,0.9176816603439152
844.0,0.9175563368255321
845.0,0.9174727795002624
846.0,0.9174196350804033
847.0,0.9174063265103597
848.0,0.9174571315870771
849.0,0.9175872412039233
850.0,0.9177553248597571
851.0,0.917849619663175
852.0,0.9178263769180338
853.0,0.9178085125598002
854.0,0.9178646599372806
855.0,0.9178336251592246
856.0,0.9176342124964721
857.0,0.9174864040616207
858.0,0.9175553601978856
859.0,0.9176873268601309
860.0,0.917671926917102
861.0,0.9174930384229136
862.0,0.9172582007685938
863.0,0.9170760975667209
864.0,0.9170133320315986
865.0,0.9170696983947711
866.0,0.9171939402671461
867.0,0.9173261514796021
868.0,0.917430699191333
869.0,0.9175052929039077
870.0,0.9175547096892738
871.0,0.9175843609970211
872.0,0.9176139044400676
873.0,0.9176558524237609
874.0,0.9176867350628612
875.0,0.9176588293711213
876.0,0.9175345752385848
877.0,0.9173169874730294
878.0,0.9170507958189603
879.0,0.9167709743618696
880.0,0.9164588211019841
881.0,0.916104946767924
882.0,0.9157715201674429
883.0,0.9155569877713788
884.0,0.9155266984505386
885.0,0.9156589914404757
886.0,0.9158582369316678
887.0,0.9160410503910562
888.0,0.9161956335148405
889.0,0.9163321090001659
890.0,0.9164392213570197
891.0,0.9165025935048111
892.0,0.9165197948188059
893.0,0.9165008241348287
894.0,0.9164594577880844
895.0,0.9164011037575338
896.0,0.9163225233569341
897.0,0.9162246463182829
898.0,0.916110229336317
899.0,0.9159705323248958
900.0,0.9157951071971061
901.0,0.91559021410992
902.0,0.9153887185629351
903.0,0.9152430002229445
904.0,0.9151842727643728
905.0,0.9151911871483217
906.0,0.9151820908273205
907.0,0.9150497527579337
908.0,0.9147506087568144
909.0,0.9143523068049473
910.0,0.9139895165468872
911.0,0.9137722109548623
912.0,0.9137284813555431
913.0,0.9138047329446705
914.0,0.913918336384908
915.0,0.9140192811609228
916.0,0.9140895120502595
917.0,0.9141338413439998
918.0,0.9141828305544422
919.0,0.9142713833142152
920.0,0.9144104649982627
921.0,0.914571101104552
922.0,0.9146907168214505
923.0,0.9147151956834179
924.0,0.9146420772263844
925.0,0.9145258595671718
926.0,0.9144421650485056
927.0,0.9144387737368304
928.0,0.9145109733052468
929.0,0.9146115011027194
930.0,0.9146894464307619
931.0,0.9147197870395997
932.0,0.9147085484725198
933.0,0.9146708908671249
934.0,0.9146033897096785
935.0,0.914492312003716
936.0,0.9143343352446099
937.0,0.9141547347462383
938.0,0.9140027271655083
939.0,0.913916366612071
940.0,0.9138961066833673
941.0,0.9139132908170778
942.0,0.9139379359485192
943.0,0.9139634199036079
944.0,0.9139994308429179
945.0,0.9140162812670407
946.0,0.9139644083202821
947.0,0.9138888562584931
948.0,0.9138825674143319
949.0,0.9138835616505334
950.0,0.9137503182350719
951.0,0.9135589043529838
952.0,0.9135186351227685
953.0,0.9136269718407422
954.0,0.9136928397328478
955.0,0.9136150145663041
956.0,0.91343931970653
957.0,0.9132435157853455
958.0,0.9130782450542315
959.0,0.9129533133204157
960.0,0.9128607536485621
961.0,0.9128115185462004
962.0,0.9128306047672436
963.0,0.912935322022988
964.0,0.9131092192027658
965.0,0.913301244507052
966.0,0.9134600826762462
967.0,0.9135678677682963
968.0,0.9136405842673071
969.0,0.9137091790493929
970.0,0.9138058994872496
971.0,0.9139437884762084
972.0,0.9141006346044194
973.0,0.9142326730423044
974.0,0.9143092782617988
975.0,0.9143332203788035
976.0,0.9143286028147677
977.0,0.9143216836946635
978.0,0.9143296553600535
979.0,0.914346097502758
980.0,0.9143380617344717
981.0,0.9142588877632242
982.0,0.9140660230098935
983.0,0.9137700029486074
984.0,0.9134588706897929
985.0,0.9132429192214672
986.0,0.9131784007806223
987.0,0.9132441983793429
988.0,0.9133757728099153
989.0,0.9135001542178526
990.0,0.9135728566807962
991.0,0.9136031275857506
992.0,0.9136459165103652
993.0,0.9137881478884035
994.0,0.9140968528491002
995.0,0.9145285385449639
996.0,0.9149289365103781
997.0,0.9151430768154699
998.0,0.915121248081036
999.0,0.9149296748255349
1000.0,0.914683351374926
1001.0,0.9144509853486082
1002.0,0.9142275995167717
1003.0,0.914010032525074
1004.0,0.9138284345890795
1005.0,0.913715877070733
1006.0,0.9136796673516391
1007.0,0.9136915875535896
1008.0,0.9137085015988634
1009.0,0.9137057149050095
1010.0,0.9136867597021361
1011.0,0.9136676696873683
1012.0,0.9136738603250643
1013.0,0.9137367084069907
1014.0,0.9138575423642838
1015.0,0.913988115134531
1016.0,0.9140581684203661
1017.0,0.9140214490676849
1018.0,0.9138893338549718
1019.0,0.9137223431881638
1020.0,0.9135809399703365
1021.0,0.9134820905294686
1022.0,0.9134133991485943
1023.0,0.9133580629774781
1024.0,0.9132920839029055
1025.0,0.9131969519020354
1026.0,0.913087857177989
1027.0,0.913003683313321
1028.0,0.9129589144454225
1029.0,0.9129292943994303
1030.0,0.912883686095507
1031.0,0.9128216694909176
1032.0,0.9127937000910148
1033.0,0.9128365765544515
1034.0,0.9128791295162214
1035.0,0.9128380772309818
1036.0,0.912786872149206
1037.0,0.9128536201696849
1038.0,0.9130159020802887
1039.0,0.9131435553388842
1040.0,0.9131590869697478
1041.0,0.9130748961106491
1042.0,0.9129481535228217
1043.0,0.9128395904963023
1044.0,0.9127769032543517
1045.0,0.9127524574536324
1046.0,0.9127423577803387
1047.0,0.9127081640644631
1048.0,0.91261526568189
1049.0,0.9124744424871313
1050.0,0.9123429915960709
1051.0,0.9122698798746575
1052.0,0.9122575256131884
1053.0,0.9122805061696176
1054.0,0.9123224924109653
1055.0,0.9124069014885109
1056.0,0.9125711978413115
1057.0,0.9127963531999846
1058.0,0.9130085455329809
1059.0,0.9131478879372815
1060.0,0.9132090809767591
1061.0,0.9132286187438321
1062.0,0.9132534595013758
1063.0,0.9133093245360816
1064.0,0.9133893838857857
1065.0,0.9134698727643829
1066.0,0.9135350610806487
1067.0,0.9135938671153468
1068.0,0.9136538251615618
1069.0,0.913691663213537
1070.0,0.9136646668056018
1071.0,0.9135411476278579
1072.0,0.9133358565852714
1073.0,0.9131089932572671
1074.0,0.9129106398104327
1075.0,0.9127411174993275
1076.0,0.9125844459622525
1077.0,0.9124470960051991
1078.0,0.9123631534969503
1079.0,0.9123634742463929
1080.0,0.91241669045949
1081.0,0.912428139000359
1082.0,0.912298718578152
1083.0,0.9120045051816219
1084.0,0.9116397787147482
1085.0,0.9113575058402216
1086.0,0.9112559226521938
1087.0,0.9113225852282741
1088.0,0.9114754683305855
1089.0,0.9116338208740711
1090.0,0.9117750362897203
1091.0,0.9119133635330735
1092.0,0.9120350212346824
1093.0,0.9121004922950262
1094.0,0.9120804655684971
1095.0,0.9119824712303063
1096.0,0.9118505291347438
1097.0,0.9117348749474414
1098.0,0.911657902589268
1099.0,0.911609603914656
1100.0,0.9115640739960864
1101.0,0.9114888623686827
1102.0,0.911365555155064
1103.0,0.9112269234914331
1104.0,0.9111394330696917
1105.0,0.9111128234313971
1106.0,0.911081491001607
1107.0,0.9110042036915457
1108.0,0.9109120158498502
1109.0,0.9108521741163192
1110.0,0.9108362853581315
1111.0,0.910829467910531
1112.0,0.9107915166905658
1113.0,0.9107423475650976
1114.0,0.9107378996272238
1115.0,0.9107855353690485
1116.0,0.9108511338797325
1117.0,0.9109283581007764
1118.0,0.9110128910394357
1119.0,0.9110444512027639
1120.0,0.9110046792509647
1121.0,0.9110126080327209
1122.0,0.9111357758488566
1123.0,0.91122104430179
1124.0,0.9111669410556265
1125.0,0.9111575252932754
1126.0,0.9113571537125384
1127.0,0.911641966005737
1128.0,0.9118294555297329
1129.0,0.9119085201103091
1130.0,0.9119290839923654
1131.0,0.9118900668521808
1132.0,0.9117858083960176
1133.0,0.9116426499022164
1134.0,0.9115107251372424
1135.0,0.9114347438094293
1136.0,0.9114233215421903
1137.0,0.9114488170381526
1138.0,0.91147968148428
1139.0,0.9115024291338387
1140.0,0.9115159750242957
1141.0,0.9115306587977706
1142.0,0.9115681880702865
1143.0,0.9116465472488506
1144.0,0.9117658245785475
1145.0,0.9118937118236398
1146.0,0.9119686293331494
1147.0,0.9119504739926849
1148.0,0.9118629877162955
1149.0,0.9117906124805647
1150.0,0.9118307956835641
1151.0,0.9120228233301475
1152.0,0.9123179027690783
1153.0,0.9126211985992573
1154.0,0.9128633419276008
1155.0,0.9130270372207506
1156.0,0.9131383740993632
1157.0,0.9132384097220952
1158.0,0.9133493961426911
1159.0,0.9134724684714826
1160.0,0.9135912246537005
1161.0,0.9136692918152698
1162.0,0.9136740113605516
1163.0,0.9136098026368134
1164.0,0.9135314341363112
1165.0,0.9135324889013533
1166.0,0.9136772456518143
1167.0,0.9139331398003875
1168.0,0.9141769517701307
1169.0,0.9142649135913865
1170.0,0.9141374562046972
1171.0,0.9138694431986223
1172.0,0.9136119585422571
1173.0,0.9134774314141829
1174.0,0.9134802861424697
1175.0,0.9135584027441869
1176.0,0.9136216134215637
1177.0,0.91361226804285
1178.0,0.9135338547940871
1179.0,0.9134356512079356
1180.0,0.9133813914285237
1181.0,0.9134093063889768
1182.0,0.9135124046807268
1183.0,0.9136539935222027
1184.0,0.9138153829878836
1185.0,0.9140118839820253
1186.0,0.9142348361534567
1187.0,0.9144252634480458
1188.0,0.9145084873788784
1189.0,0.9144509005391935
1190.0,0.9143027433498948
1191.0,0.914160555256418
1192.0,0.9140708486454591
1193.0,0.9140277207571591
1194.0,0.9140710537604022
1195.0,0.9142294710223253
1196.0,0.9143816329477699
1197.0,0.9143762872739681
1198.0,0.9142513977071747
1199.0,0.9141608522494251
1200.0,0.9141576398201131
1201.0,0.9141718254382479
1202.0,0.9141143120093677
1203.0,0.9139760865569494
1204.0,0.9138584536968254
1205.0,0.913846100674285
1206.0,0.9138961680558141
1207.0,0.9139361347580178
1208.0,0.9139737708313087
1209.0,0.9140441233084505
1210.0,0.9141451632983925
1211.0,0.914250182772026
1212.0,0.9143374387637797
1213.0,0.9144119757285417
1214.0,0.914503206033721
1215.0,0.9146371648112671
1216.0,0.9148034891996107
1217.0,0.9149365526568709
1218.0,0.9149583879363933
1219.0,0.9148527786433268
1220.0,0.9146801899402015
1221.0,0.9145238561475149
1222.0,0.9144352440629712
1223.0,0.9144165389541811
1224.0,0.9144324309337424
1225.0,0.9144464985719651
1226.0,0.914442068490013
1227.0,0.9144203546063313
1228.0,0.9144011791404341
1229.0,0.9144144916696483
1230.0,0.9144746727904415
1231.0,0.9145648985832998
1232.0,0.9146495127786759
1233.0,0.9146998839786231
1234.0,0.9147083911680532
1235.0,0.9146859190590755
1236.0,0.914641973052634
1237.0,0.9145731227617664
1238.0,0.9144862019568694
1239.0,0.9144107734152287
1240.0,0.9143869481733509
1241.0,0.9144383205380967
1242.0,0.9145449141621438
1243.0,0.9146522739253204
1244.0,0.9147111010267399
1245.0,0.9147091656480634
1246.0,0.9146693047718428
1247.0,0.9146254217991354
1248.0,0.914592515212247
1249.0,0.9145707999941235
1250.0,0.9145767865329011
1251.0,0.9146415293602981
1252.0,0.914788642679571
1253.0,0.9150003395813883
1254.0,0.9152060930875855
1255.0,0.9153381622175676
1256.0,0.9153908208716168
1257.0,0.9153959115393872
1258.0,0.9153662904769977
1259.0,0.9152906126980007
1260.0,0.9151582006699184
1261.0,0.9150255262568783
1262.0,0.9150223363783556
1263.0,0.9152337439182083
1264.0,0.9156162303219053
1265.0,0.9160324306170933
1266.0,0.9163505639742704
1267.0,0.9165250262154367
1268.0,0.9166043614857808
1269.0,0.9166432248256233
1270.0,0.9166483364301612
1271.0,0.9166182559234972
1272.0,0.9165767732729819
1273.0,0.9165804880626505
1274.0,0.9166806557456166
1275.0,0.9168692930824482
1276.0,0.9170848909341403
1277.0,0.9172674201615223
1278.0,0.9173956756435873
1279.0,0.9174859486195426
1280.0,0.9175712672874816
1281.0,0.9176720431534011
1282.0,0.9177851383086563
1283.0,0.9178936041813468
1284.0,0.9179852808863355
1285.0,0.9180662420152031
1286.0,0.9181487021109883
1287.0,0.9182311988110927
1288.0,0.9182788530965995
1289.0,0.9182379797944056
1290.0,0.918113265914156
1291.0,0.9179929493645804
1292.0,0.9179703743765659
1293.0,0.9180717193261341
1294.0,0.9182642661806183
1295.0,0.918502063861512
1296.0,0.9187752291319191
1297.0,0.9191017144942936
1298.0,0.9194477101986805
1299.0,0.9197283192303987
1300.0,0.9198914262666373
1301.0,0.9199528108164325
1302.0,0.9199598163121827
1303.0,0.9199556282033097
1304.0,0.91996396520449
1305.0,0.9199803588817499
1306.0,0.9199817387700576
1307.0,0.9199455224655108
1308.0,0.9198655913679686
1309.0,0.9197607717535621
1310.0,0.9196662868650004
1311.0,0.9196128062743951
1312.0,0.9196082552860685
1313.0,0.9196267852707043
1314.0,0.9196233468354069
1315.0,0.9195749778726701
1316.0,0.9195133216519499
1317.0,0.9195466112878576
1318.0,0.9198030141849761
1319.0,0.9202861021646195
1320.0,0.9208323311375854
1321.0,0.9212234098043506
1322.0,0.9213398561129005
1323.0,0.9212314550437751
1324.0,0.9210763060681836
1325.0,0.9210652733801553
1326.0,0.921270999109963
1327.0,0.9216092129016347
1328.0,0.9219022377191244
1329.0,0.9219955499730229
1330.0,0.921862097303453
1331.0,0.9216095480283539
1332.0,0.9213954012553058
1333.0,0.9213125485103741
1334.0,0.9213517830718005
1335.0,0.9214530754309722
1336.0,0.921546314602389
1337.0,0.9215844245862772
1338.0,0.9215852855355011
1339.0,0.9216255592370401
1340.0,0.9217313924505088
1341.0,0.9218170555340954
1342.0,0.921842944583994
1343.0,0.9219111427466018
1344.0,0.9220572865364725
1345.0,0.9221434949587882
1346.0,0.9220946482122392
1347.0,0.9220212050281362
1348.0,0.9220205079072853
1349.0,0.9220609841908838
1350.0,0.9221024869442189
1351.0,0.9221618786067225
1352.0,0.9222555796853995
1353.0,0.9223616957464085
1354.0,0.922424164669413
1355.0,0.9223961299326363
1356.0,0.9222889238198527
1357.0,0.9221700196495946
1358.0,0.9221158205624977
1359.0,0.9221557872927189
1360.0,0.9222515281526584
1361.0,0.9223280787557546
1362.0,0.9223314745808933
1363.0,0.9222618318928058
1364.0,0.9221634801351182
1365.0,0.9220860363961787
1366.0,0.9220452296093127
1367.0,0.9220332016342763
1368.0,0.9220458987748387
1369.0,0.9220811010803761
1370.0,0.9221328061063562
1371.0,0.9221897343175808
1372.0,0.9222391239861896
1373.0,0.9222770528507094
1374.0,0.9223065779795219
1375.0,0.9223148401873604
1376.0,0.9222751228963273
1377.0,0.9221813052042565
1378.0,0.9220704734576506
1379.0,0.9220215553309106
1380.0,0.9221037333517048
1381.0,0.9223147774379732
1382.0,0.9225682741906511
1383.0,0.9227365212707251
1384.0,0.9227396534538376
1385.0,0.9226047530721851
1386.0,0.9224642948272666
1387.0,0.9224902231043453
1388.0,0.9227574973210587
1389.0,0.9231660595575244
1390.0,0.9235032770524432
1391.0,0.9235896759466239
1392.0,0.9234105253426919
1393.0,0.9231253850634049
1394.0,0.9229207119896536
1395.0,0.9228521741072315
1396.0,0.9228704775760308
1397.0,0.9229195778720098
1398.0,0.9229840354169868
1399.0,0.9230918162879592
1400.0,0.9232422892421338
1401.0,0.9233764487363052
1402.0,0.9234460314442091
1403.0,0.9234550910565029
1404.0,0.9234244786077437
1405.0,0.9233636328330517
1406.0,0.9232744841703795
1407.0,0.9231755893474192
1408.0,0.9231366612520109
1409.0,0.9232330929993195
1410.0,0.923461561667501
1411.0,0.9237374162859299
1412.0,0.9239655402319821
1413.0,0.9241051336464376
1414.0,0.9241860476347197
1415.0,0.924264936762467
1416.0,0.924359550694017
1417.0,0.9244524416000148
1418.0,0.9245321525688768
1419.0,0.924607282502738
1420.0,0.9247000037616853
1421.0,0.9248193146135506
1422.0,0.9249441429545633
1423.0,0.9250413715332355
1424.0,0.9250931273646625
1425.0,0.9251083159566789
1426.0,0.9251135562987722
1427.0,0.9251275522763382
1428.0,0.9251469992785457
1429.0,0.925164552499917
1430.0,0.9251824655369649
1431.0,0.9252057328369394
1432.0,0.925236125136897
1433.0,0.925271454447307
1434.0,0.9253103527605082
1435.0,0.9253611866954863
1436.0,0.9254283445192777
1437.0,0.925486764329932
1438.0,0.925502291263536
1439.0,0.9254740936944681
1440.0,0.9254361041435542
1441.0,0.925425120243808
1442.0,0.9254600545058278
1443.0,0.925539975902695
1444.0,0.9256649425005716
1445.0,0.925856288408595
1446.0,0.926114074291158
1447.0,0.9263841183268591
1448.0,0.9266112800456339
1449.0,0.9267919120698038
1450.0,0.9269358620160328
1451.0,0.9270213530120417
1452.0,0.9270040524127072
1453.0,0.9268555356550789
1454.0,0.9266244251210243
1455.0,0.9264285454120559
1456.0,0.926366327763265
1457.0,0.9264455075426905
1458.0,0.9265894452096861
1459.0,0.926698290635241
1460.0,0.9267157250936562
1461.0,0.9266558239213862
1462.0,0.9265634069972929
1463.0,0.9264759151700924
1464.0,0.9264129133615795
1465.0,0.9263739548970542
1466.0,0.9263507150255943
1467.0,0.926335749072136
1468.0,0.9263247401513299
1469.0,0.9263300586804353
1470.0,0.9263868233810788
1471.0,0.9265115664128921
1472.0,0.9266674997493689
1473.0,0.9268010095727452
1474.0,0.92689341127031
1475.0,0.9269527150392273
1476.0,0.9269839022587434
1477.0,0.926979846668023
1478.0,0.9269273810702493
1479.0,0.9268377261620724
1480.0,0.9267531100331818
1481.0,0.9267071376509144
1482.0,0.9267001016335956
1483.0,0.9267235514894037
1484.0,0.926776279980714
1485.0,0.9268491648778301
1486.0,0.9269158744744141
1487.0,0.9269321190620159
1488.0,0.9268648395724721
1489.0,0.9267299052038318
1490.0,0.9265879472127811
1491.0,0.9265044459398812
1492.0,0.9265051481367033
1493.0,0.9265609608036017
1494.0,0.9266250274560811
1495.0,0.9266888411176913
1496.0,0.926766268309184
1497.0,0.9268441921383858
1498.0,0.9269039037958611
1499.0,0.9269590145138744
1500.0,0.9270292757727161
1501.0,0.9271051342978344
1502.0,0.9271667331892959
1503.0,0.9272121558509084
1504.0,0.9272533055969296
1505.0,0.9273008739775779
1506.0,0.9273550088167869
1507.0,0.9274026467574084
1508.0,0.9274192162440797
1509.0,0.9273881067608309
1510.0,0.9273377556257105
1511.0,0.9273251332090918
1512.0,0.927359436722356
1513.0,0.9273913957835485
1514.0,0.9273915699770587
1515.0,0.9273686680621178
1516.0,0.9273073639786
1517.0,0.9271776178688742
1518.0,0.9269975985249804
1519.0,0.9268381330917684
1520.0,0.9267778891279221
1521.0,0.9268407180852942
1522.0,0.9269675274787185
1523.0,0.9270623416193808
1524.0,0.927068420555357
1525.0,0.9270080273910339
1526.0,0.9269617159155809
1527.0,0.9270049721598298
1528.0,0.9271500504475494
1529.0,0.9273413281142789
1530.0,0.9275011249640099
1531.0,0.9275906016173463
1532.0,0.9276350497801009
1533.0,0.9276668057224582
1534.0,0.927681108891269
1535.0,0.9276853758745458
1536.0,0.9277167453955371
1537.0,0.9277810003508438
1538.0,0.9278362265287905
1539.0,0.9278486876088572
1540.0,0.9278349361262079
1541.0,0.9278620673552425
1542.0,0.9279729508734313
1543.0,0.9280782801451519
1544.0,0.9280639612245823
1545.0,0.9280252674790181
1546.0,0.9281528158505493
1547.0,0.9284196819996546
1548.0,0.9286374875414383
1549.0,0.9287337444451602
1550.0,0.9287486446048521
1551.0,0.928678509501361
1552.0,0.9284995919766026
1553.0,0.9282462920293967
1554.0,0.928023332828627
1555.0,0.927958537253923
1556.0,0.9280899644963165
1557.0,0.9283204372698235
1558.0,0.9285312029298172
1559.0,0.9286964883644828
1560.0,0.9288393190527072
1561.0,0.9289611932749714
1562.0,0.9290278198956149
1563.0,0.9289965671487804
1564.0,0.9288862423627898
1565.0,0.9287829162236564
1566.0,0.9287625515634755
1567.0,0.9288349488104257
1568.0,0.9289576246442013
1569.0,0.929078358372512
1570.0,0.929175849272418
1571.0,0.9292621872570066
1572.0,0.929344538660579
1573.0,0.9294110091093546
1574.0,0.9294439479721125
1575.0,0.9294295731418895
1576.0,0.9293609316293906
1577.0,0.9292526572334459
1578.0,0.9291461973482772
1579.0,0.9290851667999527
1580.0,0.9290871891866468
1581.0,0.9291378063081212
1582.0,0.9292082691557806
1583.0,0.9292854324647029
1584.0,0.9293823092623408
1585.0,0.9294797158604046
1586.0,0.9295018315754912
1587.0,0.9293947251035763
1588.0,0.9291886420648814
1589.0,0.9289862092329721
1590.0,0.9288913322800547
1591.0,0.9289243864324259
1592.0,0.9290172885509829
1593.0,0.9291133141509967
1594.0,0.9292169583696155
1595.0,0.9293390649995588
1596.0,0.929461691095776
1597.0,0.9295478789620967
1598.0,0.9295314545370084
1599.0,0.9294307789249645
