0.0,0.0
1.0,0.0
2.0,0.0
3.0,0.0
4.0,0.0
5.0,0.0
6.0,0.0
7.0,0.0
8.0,0.0
9.0,0.0
10.0,0.0
11.0,0.0
12.0,0.0
13.0,0.0
14.0,0.0
15.0,0.0
16.0,0.0
17.0,0.0
18.0,0.0
19.0,0.0
20.0,0.0
21.0,0.0
22.0,0.0
23.0,0.0
24.0,0.0
25.0,0.0
26.0,0.0
27.0,0.0
28.0,0.0
29.0,0.0
30.0,0.0
31.0,0.0
32.0,0.0
33.0,0.0
34.0,0.0
35.0,0.0
36.0,0.0
37.0,0.0
38.0,0.0
39.0,0.0
40.0,0.0
41.0,0.0
42.0,0.0
43.0,0.0
44.0,0.0
45.0,0.0
46.0,0.0
47.0,0.0
48.0,0.0
49.0,0.0
50.0,0.0
51.0,0.0
52.0,0.0
53.0,0.0
54.0,0.0
55.0,0.0
56.0,0.0
57.0,0.0
58.0,0.0
59.0,0.0
60.0,0.0
61.0,0.0
62.0,0.0
63.0,0.0
64.0,0.0
65.0,0.0
66.0,0.0
67.0,0.0
68.0,0.0
69.0,0.0
70.0,0.0
71.0,0.0
72.0,0.0
73.0,0.0
74.0,0.0
75.0,0.0
76.0,0.0
77.0,0.0
78.0,0.0
79.0,0.0
80.0,0.0
81.0,0.0
82.0,0.0
83.0,0.0
84.0,0.0
85.0,0.0
86.0,0.0
87.0,0.0
88.0,0.0
89.0,0.0
90.0,0.0
91.0,0.0
92.0,0.0
93.0,0.0
94.0,0.0
95.0,0.0
96.0,0.0
97.0,0.0
98.0,0.0
99.0,0.0
100.0,0.0
101.0,0.0
102.0,0.0
103.0,0.0
104.0,0.0
105.0,0.0
106.0,0.0
107.0,0.0
108.0,0.0
109.0,0.0
110.0,0.0
111.0,0.0
112.0,0.0
113.0,0.0
114.0,0.16529119453975077
115.0,0.16173602941939702
116.0,0.15835681222677944
117.0,0.15507739494263142
118.0,0.15215012524974603
119.0,0.14979943327060524
120.0,0.14845043140889985
121.0,0.14840537632458942
122.0,0.14925242571149255
123.0,0.150069188673424
124.0,0.1502072794900957
125.0,0.14962223804969782
126.0,0.14857847795915632
127.0,0.14734832107685575
128.0,0.14601900312557153
129.0,0.14454815945816873
130.0,0.14296773677039523
131.0,0.1414039799625861
132.0,0.14000336150323467
133.0,0.1390917259495133
134.0,0.13919237474660778
135.0,0.14029526495970407
136.0,0.14151032649010653
137.0,0.14190134297490506
138.0,0.1412849626118397
139.0,0.13993745845130628
140.0,0.13804053825984317
141.0,0.13550587806134423
142.0,0.1320597429711679
143.0,0.12760585291318896
144.0,0.12242562159947068
145.0,0.11702561853345231
146.0,0.11187876862166374
147.0,0.10729234211192704
148.0,0.10332348558419277
149.0,0.09982858073889292
150.0,0.09654351372347496
151.0,0.09312721501736301
152.0,0.08940615263584505
153.0,0.08557205218454181
154.0,0.0820870989828877
155.0,0.07939088660555141
156.0,0.07765872078236033
157.0,0.07677367883518899
158.0,0.07641601778715428
159.0,0.07626377515525187
160.0,0.0761233950225654
161.0,0.0759505493789725
162.0,0.0757942089167154
163.0,0.07569750475729725
164.0,0.07572724484816848
165.0,0.07597392644547236
166.0,0.07643749662079813
167.0,0.07697963175775716
168.0,0.07739393956826286
169.0,0.07753388814594038
170.0,0.07740180288661931
171.0,0.07714136863870215
172.0,0.07694115469051141
173.0,0.07693869077351617
174.0,0.07722793611127565
175.0,0.07781582317792544
176.0,0.07855905538090283
177.0,0.07924484132229846
178.0,0.079740166667117
179.0,0.08005271265571652
180.0,0.08026271783993266
181.0,0.08048167159698418
182.0,0.08083271781829439
183.0,0.08136639943298742
184.0,0.08201237666160738
185.0,0.08262358806152845
186.0,0.08307262987794711
187.0,0.08329303360335186
188.0,0.0832750072864094
189.0,0.0830980312784733
190.0,0.08291042327599851
191.0,0.08286437440014913
192.0,0.08303644469496943
193.0,0.08335829609812512
194.0,0.08365636973682194
195.0,0.08378735784293949
196.0,0.08373050119475989
197.0,0.08353421488562793
198.0,0.08321696400128534
199.0,0.08269279416151153
200.0,0.0818260931381427
201.0,0.08059002603800143
202.0,0.079150685064712
203.0,0.07781406580029765
204.0,0.07690101727494292
205.0,0.07665999272857903
206.0,0.07707710010298133
207.0,0.07778236854375525
208.0,0.07826357713572361
209.0,0.07818924484353065
210.0,0.07758230076081264
211.0,0.07672494145628524
212.0,0.07590400960153584
213.0,0.0751786966685371
214.0,0.0744914367912662
215.0,0.0738885821996866
216.0,0.0735260840436267
217.0,0.07358036743572152
218.0,0.0741864866138426
219.0,0.07537545321913602
220.0,0.07695516955105954
221.0,0.07857113612336254
222.0,0.07995542159819395
223.0,0.08108435234187736
224.0,0.08207059726098762
225.0,0.08300695296362523
226.0,0.0839152376159665
227.0,0.08476159619027562
228.0,0.08554384876123411
229.0,0.0863301526947575
230.0,0.08721996920327751
231.0,0.08828172574746039
232.0,0.08951592872580175
233.0,0.09084318282454575
234.0,0.09213389602452464
235.0,0.09327835139233966
236.0,0.09423946683149097
237.0,0.0950526179697043
238.0,0.09577259133567317
239.0,0.09637272641845568
240.0,0.09670467156694121
241.0,0.09670845422577218
242.0,0.09658090051862411
243.0,0.09666027015491527
244.0,0.09719547320012256
245.0,0.0981920712938878
246.0,0.09944037824343152
247.0,0.10072937696784345
248.0,0.10201489594875432
249.0,0.10331324036827413
250.0,0.10455845539592623
251.0,0.1055467708267882
252.0,0.10598453997882931
253.0,0.10559110633699545
254.0,0.10427953343140223
255.0,0.10232605146280763
256.0,0.10007353444013567
257.0,0.09734862725657709
258.0,0.0937430112412952
259.0,0.08947664944007921
260.0,0.08536434219967287
261.0,0.08208287197719762
262.0,0.07983377463849356
263.0,0.07850470629122339
264.0,0.07775981393955583
265.0,0.07717686106114852
266.0,0.07644460037162623
267.0,0.07547041246898022
268.0,0.07441417613718909
269.0,0.07356584691811609
270.0,0.07320920392290488
271.0,0.07349671424497975
272.0,0.07438592421746301
273.0,0.07571139358781176
274.0,0.0773376246472342
275.0,0.07925482960578843
276.0,0.08145660737987986
277.0,0.08389702971050753
278.0,0.08667736341948272
279.0,0.09001818326809088
280.0,0.0939714181295099
281.0,0.09829447454811763
282.0,0.10259309718450971
283.0,0.10652368244593077
284.0,0.10988680946221144
285.0,0.11269234605044784
286.0,0.11512903414187822
287.0,0.11736147990565615
288.0,0.11932062910652871
289.0,0.12089104915107762
290.0,0.122249272549706
291.0,0.12363428544109453
292.0,0.1249519565012204
293.0,0.12603580591392008
294.0,0.1270534842232338
295.0,0.12835882704883986
296.0,0.130168840899131
297.0,0.1325323668270151
298.0,0.1354323015142001
299.0,0.13885616606202164
300.0,0.14283039772414938
301.0,0.1473071145489457
302.0,0.15216409412857287
303.0,0.15744858221295363
304.0,0.16345812372375965
305.0,0.1705492066992631
306.0,0.17888576741780077
307.0,0.18831943580994687
308.0,0.1984701683312594
309.0,0.2089342909083268
310.0,0.21950522336305592
311.0,0.2302003697284103
312.0,0.241340695191984
313.0,0.2535956417915147
314.0,0.2676340154507143
315.0,0.28375113726031354
316.0,0.30121587895110224
317.0,0.31806616808320354
318.0,0.33309460976457606
319.0,0.3476698230849238
320.0,0.3626497679478393
321.0,0.37499520701308786
322.0,0.3796484762309652
323.0,0.37333844458619647
324.0,0.356988094844675
325.0,0.3349122260235956
326.0,0.3105094034176761
327.0,0.2833822277834581
328.0,0.2528734552453912
329.0,0.22102640153051428
330.0,0.19068738391570214
331.0,0.16348712815562944
332.0,0.13993639899421004
333.0,0.1198585227919928
334.0,0.10257783997692907
335.0,0.08748814221138278
336.0,0.07452017829908075
337.0,0.06392341734303618
338.0,0.055440594420418446
339.0,0.048475984543088046
340.0,0.04305078774842416
341.0,0.03952498454464265
342.0,0.0375851697842136
343.0,0.03637677813475858
344.0,0.0353264345190242
345.0,0.03435406119843838
346.0,0.03358712474215669
347.0,0.03324956715972571
348.0,0.03357200339963062
349.0,0.034678971777637485
350.0,0.036548597507652575
351.0,0.039011591790215766
352.0,0.04185314334956959
353.0,0.04498812528343896
354.0,0.04849374351959042
355.0,0.052311546322233296
356.0,0.0561102674580433
357.0,0.05956573076825537
358.0,0.06259337080738281
359.0,0.06527904156000189
360.0,0.06777963357931184
361.0,0.0703391713669176
362.0,0.07316526026799133
363.0,0.0762693448362868
364.0,0.07936652008956849
365.0,0.08188785956122947
366.0,0.08333828302883417
367.0,0.08367097311536564
368.0,0.08346662305599896
369.0,0.08374666410461384
370.0,0.08542473175628877
371.0,0.08885075953799271
372.0,0.09373020391860876
373.0,0.09949425074124105
374.0,0.10566734289193011
375.0,0.11209141907007994
376.0,0.11886064649036984
377.0,0.12607982024626802
378.0,0.13381241908213018
379.0,0.142081846836047
380.0,0.15086420472213777
381.0,0.16013343420145343
382.0,0.1699961280616602
383.0,0.18066874499950591
384.0,0.1921822306156261
385.0,0.2042905959451266
386.0,0.21675581053654017
387.0,0.22952319484581532
388.0,0.2425867081627863
389.0,0.25582628952996467
390.0,0.26888108793578014
391.0,0.2815814672713471
392.0,0.29475232408336116
393.0,0.3090335171608243
394.0,0.3228661758029513
395.0,0.3326352205039509
396.0,0.334506406794041
397.0,0.32730430087966744
398.0,0.3138478250919521
399.0,0.2977087544173298
400.0,0.2789803861493828
401.0,0.25632074399803506
402.0,0.23088270947763817
403.0,0.20537662145577676
404.0,0.1815842616288975
405.0,0.16008560482235917
406.0,0.14091895482458605
407.0,0.12388735289313557
408.0,0.10892142608236485
409.0,0.09613974480691476
410.0,0.0856734251919451
411.0,0.07720741483468584
412.0,0.07002493950859393
413.0,0.0637774861998671
414.0,0.05867692238465187
415.0,0.054706587962020506
416.0,0.05144028862749539
417.0,0.04875581643754903
418.0,0.04688893759801152
419.0,0.04579366497401968
420.0,0.04504223108447264
421.0,0.04425403026130521
422.0,0.043310555571417275
423.0,0.042269245087204615
424.0,0.0412777331251257
425.0,0.040482913780045454
426.0,0.03996549307943689
427.0,0.039739364285322515
428.0,0.039773008553231654
429.0,0.04003532956173392
430.0,0.040526455951442844
431.0,0.04127748406298415
432.0,0.04229176668683918
433.0,0.043508351393025266
434.0,0.044854358476115685
435.0,0.046298310945252746
436.0,0.04781348946615038
437.0,0.049394870089039714
438.0,0.051249467406463134
439.0,0.05369896249306559
440.0,0.056702330754495406
441.0,0.05978214638229973
442.0,0.06251709674457528
443.0,0.06480767514701806
444.0,0.06665148056011046
445.0,0.06797286521353509
446.0,0.06861965808697054
447.0,0.06840907134922354
448.0,0.06718819740170606
449.0,0.06500926869490492
450.0,0.06224680461623289
451.0,0.059273245574358646
452.0,0.05604578086556285
453.0,0.052401786205214046
454.0,0.048573736599477876
455.0,0.044911088921124415
456.0,0.041411991567338935
457.0,0.037941236975175124
458.0,0.03459284166783613
459.0,0.03160044226334516
460.0,0.02912191294767523
461.0,0.0271603722322539
462.0,0.025592899248516432
463.0,0.024255471901646897
464.0,0.023044919903531552
465.0,0.021931229629412963
466.0,0.020936843981109454
467.0,0.020118215072896878
468.0,0.019530577016378364
469.0,0.019216778853730104
470.0,0.019177838583590234
471.0,0.019339105536876885
472.0,0.019604272169103557
473.0,0.01995960692242224
474.0,0.020445198171237425
475.0,0.021027820945921594
476.0,0.02158523106877347
477.0,0.02198625343516228
478.0,0.02219544454177025
479.0,0.02231553327237354
480.0,0.022558853564244113
481.0,0.02315189017684738
482.0,0.024168669163835116
483.0,0.02546240766561403
484.0,0.026773671212981326
485.0,0.02791373993330326
486.0,0.02882636702938418
487.0,0.029558236228560728
488.0,0.03023247985017663
489.0,0.03097772912776081
490.0,0.031881136016326236
491.0,0.03295210283284354
492.0,0.03409195722715541
493.0,0.03513979849477654
494.0,0.03594842168692683
495.0,0.036482960863948574
496.0,0.03687842329748714
497.0,0.0373873389551298
498.0,0.03827572339094398
499.0,0.039647650005994226
500.0,0.04134555710328565
501.0,0.042996640806033354
502.0,0.04416186204069082
503.0,0.0446450131815105
504.0,0.044680646364608584
505.0,0.04471943870600738
506.0,0.04502405299264464
507.0,0.04561253458049504
508.0,0.046456926435990614
509.0,0.04755742859909204
510.0,0.048951975695458366
511.0,0.050680027944312145
512.0,0.0527363493597941
513.0,0.05503557555811646
514.0,0.05743617923076447
515.0,0.05982610321368903
516.0,0.06218802007105763
517.0,0.06457692832080891
518.0,0.06708929077701098
519.0,0.06995457813572281
520.0,0.07339018242285529
521.0,0.07716288555448535
522.0,0.08063264104454143
523.0,0.08335391274665105
524.0,0.08532725752046647
525.0,0.08664036284071702
526.0,0.08721865183736516
527.0,0.08684766039490557
528.0,0.0853783617406341
529.0,0.08296778130218957
530.0,0.07993797489864665
531.0,0.076417152759407
532.0,0.07236594898728035
533.0,0.06784048249604392
534.0,0.06304096493653143
535.0,0.05820805334880948
536.0,0.053510593107257365
537.0,0.04898962251138095
538.0,0.044585907723520446
539.0,0.04022531857579073
540.0,0.03580101796847017
541.0,0.03120222659150526
542.0,0.02654001778156795
543.0,0.022219834905398347
544.0,0.018783741744020935
545.0,0.016585174134336855
546.0,0.015432359249882371
547.0,0.01470097231626774
548.0,0.013937283601502565
549.0,0.013162076807776119
550.0,0.012510188971947944
551.0,0.011923444180514858
552.0,0.011137444936220958
553.0,0.00990085789649571
554.0,0.00827041056844885
555.0,0.006679385976363597
556.0,0.00574218463277032
557.0,0.005867466397698001
558.0,0.0070066462572872384
559.0,0.00869007918191965
560.0,0.010342269237806262
561.0,0.011576839165061636
562.0,0.012305659057543078
563.0,0.012693446230783681
564.0,0.01295186297955983
565.0,0.01318558089276814
566.0,0.013349822700894576
567.0,0.013414186073138518
568.0,0.013521108717593683
569.0,0.01397871594340333
570.0,0.015084415529087333
571.0,0.016798839540887997
572.0,0.018689993086023565
573.0,0.020257194051496258
574.0,0.021286869238640635
575.0,0.021924958097261832
576.0,0.022526393463063565
577.0,0.023412891522026927
578.0,0.02468629588302322
579.0,0.026265530195189415
580.0,0.028038207662572645
581.0,0.03002710506330941
582.0,0.032332996617506604
583.0,0.034916291613862144
584.0,0.03755875750209421
585.0,0.039997030583619614
586.0,0.04205220217800634
587.0,0.043677177745347906
588.0,0.044951680831849736
589.0,0.046001955653594384
590.0,0.04691660333608298
591.0,0.04770405975490477
592.0,0.04834625992013088
593.0,0.04886692087974241
594.0,0.04926590687545883
595.0,0.049479242649089594
596.0,0.04950063185854228
597.0,0.0494539723129635
598.0,0.049510719467857484
599.0,0.04976701615497561
600.0,0.050180239529249715
601.0,0.05058595137894224
602.0,0.05075477945759704
603.0,0.05053626674430729
604.0,0.04999746784765649
605.0,0.04937299451422329
606.0,0.048852456492295346
607.0,0.0484771804059593
608.0,0.04822825718514631
609.0,0.04812740100749942
610.0,0.04829257532366052
611.0,0.0488487960083453
612.0,0.04978974954192261
613.0,0.0509314492963337
614.0,0.05199001064141183
615.0,0.0527309094337627
616.0,0.053076964187248846
617.0,0.0531239953695232
618.0,0.05304125719320035
619.0,0.0529784114741316
620.0,0.05299671306037973
621.0,0.05304023567281252
622.0,0.05297886175564845
623.0,0.052640574198123166
624.0,0.05190163363538047
625.0,0.0508584405573517
626.0,0.04980173984625455
627.0,0.048920350260202
628.0,0.04817610291048734
629.0,0.04757528828481522
630.0,0.04727041833533763
631.0,0.04732328850750084
632.0,0.04768160173160686
633.0,0.04843254498616803
634.0,0.04973514991739275
635.0,0.051473869660729754
636.0,0.05340181711206214
637.0,0.055586028252106526
638.0,0.05851730791640669
639.0,0.06286432289840847
640.0,0.0690480955877185
641.0,0.07698514644129932
642.0,0.08621668655714554
643.0,0.09630487364243254
644.0,0.107033071333279
645.0,0.11837587952722206
646.0,0.13013783173697957
647.0,0.14172903363281023
648.0,0.15263733029910928
649.0,0.16282835351854333
650.0,0.17242680943647515
651.0,0.1813219110075066
652.0,0.18917848389262562
653.0,0.19572475150008833
654.0,0.20130507262756556
655.0,0.20673411109800127
656.0,0.2122077346372852
657.0,0.21726311508307503
658.0,0.22226332082580105
659.0,0.22841514503859198
660.0,0.23604775760337254
661.0,0.2445903881978134
662.0,0.2542319550968548
663.0,0.26620163185740053
664.0,0.2817143639943066
665.0,0.3011531836867498
666.0,0.3239777819047134
667.0,0.3493855863267761
668.0,0.3771922788209583
669.0,0.4075038438143104
670.0,0.4399245768083999
671.0,0.4738874686650495
672.0,0.5092481210606185
673.0,0.5458896997410332
674.0,0.5832847478040694
675.0,0.621137890262603
676.0,0.6598371804741973
677.0,0.6998714633871548
678.0,0.7409088004216936
679.0,0.7806450818875809
680.0,0.815531618682893
681.0,0.8438522623609624
682.0,0.8662290130599831
683.0,0.8817595369335914
684.0,0.8861191507524813
685.0,0.8731231152230351
686.0,0.8397428216302042
687.0,0.7917046778959893
688.0,0.738527882565775
689.0,0.681393203755097
690.0,0.6155350550555088
691.0,0.5437177561437117
692.0,0.4753285049393611
693.0,0.4155639208187266
694.0,0.3634938949300467
695.0,0.31707310024173685
696.0,0.2751675142426014
697.0,0.23761895903908078
698.0,0.20454400410063905
699.0,0.17542686927315856
700.0,0.1498214182221879
701.0,0.1280800346265654
702.0,0.11040266467172763
703.0,0.09602448365795488
704.0,0.08397334726868194
705.0,0.07386060175058717
706.0,0.06554911995331414
707.0,0.058727023098357506
708.0,0.052907100659615014
709.0,0.047592048252440775
710.0,0.04251930288847236
711.0,0.037732135478154044
712.0,0.03340399652987146
713.0,0.02967851649202506
714.0,0.026698154399180288
715.0,0.024481313813681196
716.0,0.022754614506631632
717.0,0.021104939747267196
718.0,0.019300567443212208
719.0,0.01738549736905924
720.0,0.015510843038148814
721.0,0.01382199660513403
722.0,0.012415366369962488
723.0,0.011290842760226433
724.0,0.01036413915953148
725.0,0.00947361881863705
726.0,0.008432666434794872
727.0,0.0072109429778228346
728.0,0.006026630715723277
729.0,0.005307758451619751
730.0,0.005467430837740234
731.0,0.006506159427163524
732.0,0.007911679419543127
733.0,0.008982442926560252
734.0,0.009285039454143607
735.0,0.008856763428814224
736.0,0.008099656679724537
737.0,0.007466004767030937
738.0,0.007166492953019077
739.0,0.0071820184974143025
740.0,0.007403507445909258
741.0,0.007806396084554426
742.0,0.008462232537845074
743.0,0.009374411697151974
744.0,0.010383480050042276
745.0,0.011196119432050095
746.0,0.011559704748407784
747.0,0.011426575823619639
748.0,0.011005458075204755
749.0,0.010645273205111841
750.0,0.01063048293714039
751.0,0.011037309758775982
752.0,0.0117625578227558
753.0,0.012681242721350669
754.0,0.013731765518799344
755.0,0.01493008346568725
756.0,0.016272369089329358
757.0,0.01767068440787002
758.0,0.019094347681836515
759.0,0.020621077767182472
760.0,0.022194828796676308
761.0,0.02351874390833711
762.0,0.024236284113599002
763.0,0.024192121914899112
764.0,0.023600512986021893
765.0,0.02293280213796879
766.0,0.022607499643023082
767.0,0.02273696244833598
768.0,0.02314392472050769
769.0,0.023548130011720986
770.0,0.023789917016753453
771.0,0.023878051160730093
772.0,0.023832891095403652
773.0,0.023607189502714412
774.0,0.02310253821414246
775.0,0.022271885585072815
776.0,0.02120947465233594
777.0,0.020035820784237657
778.0,0.018736821632288417
779.0,0.01726455035358554
780.0,0.015694504461681302
781.0,0.014178123398394762
782.0,0.012826204704549787
783.0,0.011670367314156632
784.0,0.01068023351030617
785.0,0.009791881958364099
786.0,0.008953865599859626
787.0,0.008142557565814099
788.0,0.0073676638801081495
789.0,0.006681660963320457
790.0,0.006151369085604749
791.0,0.005812079873468587
792.0,0.005627924917608884
793.0,0.005479050830280746
794.0,0.005225241759852894
795.0,0.004793118752608988
796.0,0.0042348187273680005
797.0,0.0037120922953831625
798.0,0.00339973663376876
799.0,0.003389622417921262
800.0,0.0036188002902038385
801.0,0.0038917102618695465
802.0,0.004002462916193272
803.0,0.003859168043648553
804.0,0.0035072394189388095
805.0,0.003046437331451879
806.0,0.002525368273687975
807.0,0.0018897265949041203
808.0,0.0011304682125700405
809.0,0.0004117619701923536
810.0,0.0
811.0,9.341916491487079e-05
812.0,0.0006270713907468167
813.0,0.0012868147710099753
814.0,0.0017966593562231403
815.0,0.0021282106000517775
816.0,0.0023725639671829946
817.0,0.0025520538544700766
818.0,0.002527073967288032
819.0,0.00211113543311503
820.0,0.0013656688855618049
821.0,0.0006371222694894485
822.0,0.00030212587783549905
823.0,0.0005068132799953828
824.0,0.0010975031234482374
825.0,0.001777107528947247
826.0,0.002373645743534769
827.0,0.002891330677257553
828.0,0.0033511852806644288
829.0,0.0037018427926296393
830.0,0.0038176765812253377
831.0,0.003629794336478781
832.0,0.0032408315202354376
833.0,0.0028312112331377176
834.0,0.0024979585922310643
835.0,0.0022480205591727115
836.0,0.0020754713567788796
837.0,0.0020618022160745486
838.0,0.002386356984527993
839.0,0.003133209378492041
840.0,0.00416188208588808
841.0,0.005165003831335363
842.0,0.0058505778622297
843.0,0.006104562531444063
844.0,0.00602906391679961
845.0,0.005818697219648256
846.0,0.005612123241689873
847.0,0.00545802861814336
848.0,0.005362461040863145
849.0,0.005400208786770222
850.0,0.005707191768368439
851.0,0.006367044954377676
852.0,0.007327539030358765
853.0,0.00840581497195364
854.0,0.00941096689205835
855.0,0.010281412843957699
856.0,0.011055975328580048
857.0,0.01173945867747099
858.0,0.012289266148332784
859.0,0.012669077323989225
860.0,0.012895744808129939
861.0,0.013042317136790132
862.0,0.013117657329343765
863.0,0.013008003797998283
864.0,0.012723176430750924
865.0,0.012546429554662758
866.0,0.012829452213896447
867.0,0.013724593866327683
868.0,0.015074330069607539
869.0,0.016523507251129457
870.0,0.017767701038524125
871.0,0.018743037805362017
872.0,0.01957217148522304
873.0,0.020420105520927392
874.0,0.02138983330610854
875.0,0.022483101277788353
876.0,0.023674754193495268
877.0,0.024967839483866022
878.0,0.026394356477901865
879.0,0.027968141585421366
880.0,0.02962002208521275
881.0,0.031325018854161654
882.0,0.033280192310880016
883.0,0.035636403309008496
884.0,0.03814720014447326
885.0,0.04016982201723912
886.0,0.04097445410851047
887.0,0.040374350013154356
888.0,0.03900730253316077
889.0,0.03786007656644966
890.0,0.03754696741359512
891.0,0.03809687047866364
892.0,0.039157276262172594
893.0,0.04030415406155241
894.0,0.041351732709117406
895.0,0.042315259159658725
896.0,0.04327281355633984
897.0,0.044311161380780964
898.0,0.04546779473176993
899.0,0.04672047258688558
900.0,0.04803995481057069
901.0,0.04948746792162047
902.0,0.05116746943614864
903.0,0.05305637574807842
904.0,0.054966712924835
905.0,0.05666417118201578
906.0,0.058006389695108004
907.0,0.05899811984096642
908.0,0.059774486871980836
909.0,0.06051067175753064
910.0,0.06130337083892122
911.0,0.062116350161413134
912.0,0.06284479451976296
913.0,0.06343230504742506
914.0,0.06386277958477118
915.0,0.06410180546382169
916.0,0.06407757349030843
917.0,0.06369756116346728
918.0,0.06291482742625787
919.0,0.06175385124542088
920.0,0.060222207527186336
921.0,0.05826058536413525
922.0,0.055847253452124754
923.0,0.05306298051045222
924.0,0.050036421266015166
925.0,0.04687109347425847
926.0,0.04362008651927715
927.0,0.04033136850169555
928.0,0.03715896741317869
929.0,0.03431967934118338
930.0,0.0319173480175991
931.0,0.029881770932712243
932.0,0.0280645580825339
933.0,0.026344092150302145
934.0,0.024670705739778434
935.0,0.02306995810835126
936.0,0.02159220073394577
937.0,0.020280050628452645
938.0,0.019160149137233948
939.0,0.01819618050933164
940.0,0.017273183081198615
941.0,0.016259828141903035
942.0,0.015091177435370168
943.0,0.013864361441692938
944.0,0.012823144158042962
945.0,0.012212205785721214
946.0,0.012119360399944185
947.0,0.012399734646238642
948.0,0.012770019259837562
949.0,0.013014615870460197
950.0,0.013115685574698749
951.0,0.013150467547355368
952.0,0.013162772034303077
953.0,0.013145010005720492
954.0,0.013071805595447322
955.0,0.012979635052846356
956.0,0.01295645660499864
957.0,0.013037001357766934
958.0,0.013196645195519205
959.0,0.013445951431443448
960.0,0.01383490038578536
961.0,0.014382448496870176
962.0,0.015070822919409865
963.0,0.015886747367181556
964.0,0.01687384603723638
965.0,0.0181509432491654
966.0,0.019753625579266007
967.0,0.021502945580451294
968.0,0.023163370508563985
969.0,0.024660691637157756
970.0,0.02606081819359496
971.0,0.027432380827082326
972.0,0.028746676144104005
973.0,0.02988274827245803
974.0,0.03083959266040537
975.0,0.03184734445093226
976.0,0.033232230309136676
977.0,0.0351832482713061
978.0,0.0375771373495945
979.0,0.04001001480142127
980.0,0.04197480673504319
981.0,0.04321671132636147
982.0,0.044028616586927125
983.0,0.04511480702024723
984.0,0.04714192776145506
985.0,0.050285623453311314
986.0,0.05413726278326571
987.0,0.05799945586307044
988.0,0.06134772739719074
989.0,0.06412937939721769
990.0,0.06667488118137284
991.0,0.06944833829600418
992.0,0.07276337911424596
993.0,0.07661807835270806
994.0,0.0807690897817413
995.0,0.08492278633059203
996.0,0.08893750601405928
997.0,0.09282850995963121
998.0,0.09667163758825922
999.0,0.10068322387992044
1000.0,0.10515640280127761
1001.0,0.11003835977886124
1002.0,0.11478882750178974
1003.0,0.11876785182806
1004.0,0.1216799509241338
1005.0,0.12366887947837785
1006.0,0.12515724638802259
1007.0,0.12661469108524248
1008.0,0.1282592382219392
1009.0,0.12994212574833205
1010.0,0.13122006209527456
1011.0,0.13152224461348552
1012.0,0.13058205356813526
1013.0,0.12878604849982803
1014.0,0.12685415621695195
1015.0,0.12513923417650163
1016.0,0.12360066869089129
1017.0,0.12231033027472091
1018.0,0.12138259746601408
1019.0,0.12066924237127052
1020.0,0.12007011848245681
1021.0,0.11991791320076654
1022.0,0.12066753337997703
1023.0,0.12244337405593413
1024.0,0.125190516896541
1025.0,0.12897516015897215
1026.0,0.13391096799104213
1027.0,0.14003050764185956
1028.0,0.1472480820528348
1029.0,0.1554921429992694
1030.0,0.16514989410477462
1031.0,0.1768967247209666
1032.0,0.1905847448425906
1033.0,0.20497202871240677
1034.0,0.21872740943660388
1035.0,0.2313563125727223
1036.0,0.24324895183832967
1037.0,0.25520975379911537
1038.0,0.26780782616094523
1039.0,0.28113149647050095
1040.0,0.295200784567906
1041.0,0.30981273189957625
1042.0,0.3240620421120527
1043.0,0.3373459245119058
1044.0,0.3506617107117017
1045.0,0.36573154021968846
1046.0,0.3832232245748022
1047.0,0.4028596969194419
1048.0,0.4245379673530857
1049.0,0.4485300155046673
1050.0,0.4752111939888083
1051.0,0.5045104835970455
1052.0,0.5357815321957836
1053.0,0.569124181849752
1054.0,0.6058278108865122
1055.0,0.645732584333388
1056.0,0.6863359117404859
1057.0,0.7266634463861623
1058.0,0.76856709219946
1059.0,0.8118188029388119
1060.0,0.8526241908092316
1061.0,0.8886359206600859
1062.0,0.9207123165610683
1063.0,0.9489489354276235
1064.0,0.9714858693904301
1065.0,0.987252832268122
1066.0,0.9966744864988238
1067.0,1.0001033776194705
1068.0,0.9967519484027895
1069.0,0.9846174145236436
1070.0,0.9627802773035499
1071.0,0.933805304245409
1072.0,0.9004849628133859
1073.0,0.8612004982849084
1074.0,0.8140657819483162
1075.0,0.7627581134946119
1076.0,0.7127847955614766
1077.0,0.6655796898343691
1078.0,0.6200369787279044
1079.0,0.57608644406271
1080.0,0.5338404736230871
1081.0,0.49259824352148507
1082.0,0.4522132548231472
1083.0,0.4139421649651941
1084.0,0.37954458534233826
1085.0,0.34995295740961585
1086.0,0.3245008111098676
1087.0,0.3014521932685841
1088.0,0.27962475556324934
1089.0,0.25910769179197013
1090.0,0.2401846169157906
1091.0,0.22276777999093328
1092.0,0.20685760527773533
1093.0,0.19256096578776463
1094.0,0.1797281997132888
1095.0,0.16814602220844574
1096.0,0.15805001141557704
1097.0,0.1496825842456682
1098.0,0.14250867438038478
1099.0,0.13554737848601997
1100.0,0.12823122104692125
1101.0,0.12069537672207345
1102.0,0.11348432468440987
1103.0,0.10722666634902685
1104.0,0.10230426313003989
1105.0,0.09855118852843296
1106.0,0.09534407580292135
1107.0,0.0921264665621181
1108.0,0.08882928976350721
1109.0,0.08561058548466778
1110.0,0.0824869893830062
1111.0,0.0793200901866693
1112.0,0.07597632071897888
1113.0,0.07261717580061738
1114.0,0.06973453493563575
1115.0,0.06790405523842483
1116.0,0.06730047391373967
1117.0,0.06725924549590395
1118.0,0.06660986699717031
1119.0,0.06451405667317947
1120.0,0.0610598942784331
1121.0,0.057152375759733705
1122.0,0.053842052418877906
1123.0,0.05159648047820399
1124.0,0.05019237936006991
1125.0,0.049243599704927435
1126.0,0.04851316880725811
1127.0,0.04796513232579261
1128.0,0.04759512440251101
1129.0,0.047215710935800716
1130.0,0.04661868914560251
1131.0,0.045790517270557995
1132.0,0.04477672430596302
1133.0,0.04349797882239536
1134.0,0.04182796751205758
1135.0,0.03975271993197503
1136.0,0.03757672968624923
1137.0,0.03584953778386728
1138.0,0.03494057136309739
1139.0,0.0347516661725098
1140.0,0.03482654569132798
1141.0,0.03468914818453134
1142.0,0.0341215693749662
1143.0,0.0332154502659473
1144.0,0.03210631135901239
1145.0,0.03082388475445111
1146.0,0.02939436920341676
1147.0,0.02791652770302072
1148.0,0.026578897084771236
1149.0,0.025552928715399006
1150.0,0.024857391657461772
1151.0,0.02439517973362021
1152.0,0.02410721261185131
1153.0,0.023985452386615314
1154.0,0.02400040095754255
1155.0,0.024048246975962417
1156.0,0.023954678346453845
1157.0,0.02361758420770134
1158.0,0.02311191324036929
1159.0,0.02260883566988385
1160.0,0.02222836994984516
1161.0,0.022004412472161367
1162.0,0.021930407068670832
1163.0,0.02208915070551512
1164.0,0.022662029953671697
1165.0,0.02367926184752972
1166.0,0.024892330538148794
1167.0,0.025891124001284835
1168.0,0.026365608090701806
1169.0,0.026325107448600837
1170.0,0.02607742399970507
1171.0,0.025973587202710424
1172.0,0.026173483114282248
1173.0,0.026630824260378605
1174.0,0.02719191116973496
1175.0,0.027748384392063175
1176.0,0.028289183667258536
1177.0,0.028824363817262333
1178.0,0.02933329310320977
1179.0,0.029752874167087703
1180.0,0.03004781105033888
1181.0,0.030282358192295952
1182.0,0.030593411236786203
1183.0,0.031103811924055327
1184.0,0.03182442567534169
1185.0,0.03263610737498128
1186.0,0.03339704508840258
1187.0,0.03406132305105275
1188.0,0.03466308176179164
1189.0,0.03524016993404555
1190.0,0.03577321297347297
1191.0,0.036190244816746875
1192.0,0.03648461074067996
1193.0,0.036771303620036014
1194.0,0.037218552822117126
1195.0,0.0379185008469939
1196.0,0.03877621205647286
1197.0,0.03956939334922911
1198.0,0.04015283523460035
1199.0,0.04054274322287743
1200.0,0.04080062414081198
1201.0,0.04095545030257694
1202.0,0.0410107189415867
1203.0,0.040965649254673386
1204.0,0.04084525238160898
1205.0,0.040652960024946685
1206.0,0.04030156295161827
1207.0,0.039803018600771164
1208.0,0.03946118950322826
1209.0,0.03967926899243951
1210.0,0.040644973674432316
1211.0,0.042088337459242946
1212.0,0.043362456044771444
1213.0,0.04390374887258894
1214.0,0.043643110886585554
1215.0,0.04302294626370357
1216.0,0.04265199862378559
1217.0,0.04291602397838031
1218.0,0.04375031193606206
1219.0,0.044758526068365195
1220.0,0.04553750031222241
1221.0,0.045891141200154924
1222.0,0.04593322727024906
1223.0,0.04602083274473939
1224.0,0.04649188178844155
1225.0,0.047415500788926375
1226.0,0.048533511246684855
1227.0,0.04944144476398728
1228.0,0.0498655995050232
1229.0,0.04982001934340268
1230.0,0.049525528713719125
1231.0,0.0491516715304274
1232.0,0.04873244207080032
1233.0,0.0482618869091256
1234.0,0.047743060580244384
1235.0,0.047202182530688266
1236.0,0.046678344917667265
1237.0,0.04619937799546095
1238.0,0.04576392876202329
1239.0,0.04534530763291801
1240.0,0.04492655852846159
1241.0,0.04452427489398798
1242.0,0.04414659251283806
1243.0,0.04376571543950353
1244.0,0.04337299209326677
1245.0,0.04301629715969111
1246.0,0.042774197875769096
1247.0,0.04269995674783171
1248.0,0.04276686175104981
1249.0,0.04289202259677391
1250.0,0.04304728813014294
1251.0,0.043262745415060644
1252.0,0.0434865517963389
1253.0,0.04356339249532948
1254.0,0.043341556794639795
1255.0,0.04281127327725262
1256.0,0.042171319509779086
1257.0,0.04170096532966452
1258.0,0.04155226732475571
1259.0,0.04166237018460951
1260.0,0.04184000778675054
1261.0,0.04190523742386396
1262.0,0.04179895155634876
1263.0,0.04158834310459261
1264.0,0.04137656669150412
1265.0,0.04124121150479737
1266.0,0.04120530585873493
1267.0,0.04124730135352389
1268.0,0.041337774134863
1269.0,0.04143970996880375
1270.0,0.04152044877503667
1271.0,0.041606278354569634
1272.0,0.041785433163346895
1273.0,0.04213191935407328
1274.0,0.04263813152298694
1275.0,0.043210925680805444
1276.0,0.04372705183630962
1277.0,0.044098615303336836
1278.0,0.04432958460416644
1279.0,0.04452570808439761
1280.0,0.04481379359783847
1281.0,0.045243534591400826
1282.0,0.04567483431898164
1283.0,0.04572803561204798
1284.0,0.04510036018635897
1285.0,0.04393889788430605
1286.0,0.04286115316827495
1287.0,0.04263832384520273
1288.0,0.04359422897024019
1289.0,0.045276582129425154
1290.0,0.04677032681513024
1291.0,0.04735395886769213
1292.0,0.04694067669688631
1293.0,0.04604237936551987
1294.0,0.04537781582271347
1295.0,0.0453579795300616
1296.0,0.04589925601229518
1297.0,0.04657986838638931
1298.0,0.04691541504730241
1299.0,0.04668752522252355
1300.0,0.046090014933097535
1301.0,0.04558262871310683
1302.0,0.04557575171158763
1303.0,0.046148686593210246
1304.0,0.047034824189003004
1305.0,0.04784498141513209
1306.0,0.04835919945163582
1307.0,0.048616539918086385
1308.0,0.04870177508585247
1309.0,0.04863671522964305
1310.0,0.04843691826938464
1311.0,0.0481521004082822
1312.0,0.04787980147215523
1313.0,0.04770506762384119
1314.0,0.04762643057076941
1315.0,0.04766497138385343
1316.0,0.04800191475068763
1317.0,0.04880307730830113
1318.0,0.04999830372728605
1319.0,0.051231114140285174
1320.0,0.05202541995348858
1321.0,0.05215748752772231
1322.0,0.051851254058616375
1323.0,0.05157246973050108
1324.0,0.05166183593007996
1325.0,0.05217191062415869
1326.0,0.05291987252732759
1327.0,0.053733695477898996
1328.0,0.054605675122609276
1329.0,0.055506233713161435
1330.0,0.05627538905415725
1331.0,0.05670926097932813
1332.0,0.05671282490410116
1333.0,0.0564245825553327
1334.0,0.0561260479469134
1335.0,0.055999780440775394
1336.0,0.05603283277741196
1337.0,0.056138703789745045
1338.0,0.05622328772178173
1339.0,0.05617282853396264
1340.0,0.05601213373533864
1341.0,0.056037739762398196
1342.0,0.056636334660867295
1343.0,0.05800088015763301
1344.0,0.059864950533232424
1345.0,0.06154212964021588
1346.0,0.062440088121869984
1347.0,0.06252410442755216
1348.0,0.06224740679002387
1349.0,0.062130837622889484
1350.0,0.062452083184429644
1351.0,0.0631165495704597
1352.0,0.06376934188414063
1353.0,0.06407922951161657
1354.0,0.06393022351720676
1355.0,0.06347764968559602
1356.0,0.06304406272627038
1357.0,0.06290420864206278
1358.0,0.06314257243675553
1359.0,0.063653469647061
1360.0,0.06430435090142206
1361.0,0.06502548677655585
1362.0,0.06574222612103435
1363.0,0.06634809951830913
1364.0,0.0667160758923102
1365.0,0.06680015696982397
1366.0,0.06672823891777102
1367.0,0.06675237306291654
1368.0,0.06711093202898707
1369.0,0.0678136012290598
1370.0,0.06856286189213759
1371.0,0.06894521017944047
1372.0,0.06871629482163615
1373.0,0.0680205242416374
1374.0,0.06733430998822756
1375.0,0.06712115281782571
1376.0,0.06750184806140716
1377.0,0.06825689027968597
1378.0,0.06905984572971889
1379.0,0.06967211284391556
1380.0,0.07007838601955088
1381.0,0.07047438079198276
1382.0,0.07110584983112232
1383.0,0.07210265080538346
1384.0,0.07335327313077057
1385.0,0.07448172036063283
1386.0,0.07508071008410486
1387.0,0.07503878458702481
1388.0,0.07460294900234998
1389.0,0.07411344358281098
1390.0,0.07379270355027533
1391.0,0.07373550369397845
1392.0,0.07397829121281888
1393.0,0.07462290050468381
1394.0,0.07569859244565677
1395.0,0.07696028055000578
1396.0,0.07808468340260294
1397.0,0.0789879907059676
1398.0,0.0797715431567773
1399.0,0.08048271247542592
1400.0,0.08103590267056468
1401.0,0.08126547250092377
1402.0,0.08112276305698357
1403.0,0.08078451493131339
1404.0,0.0804814752723782
1405.0,0.08030860097517992
1406.0,0.08028537257311856
1407.0,0.08043413988911127
1408.0,0.08071097651918024
1409.0,0.08103225854642894
1410.0,0.08144992375268827
1411.0,0.08215818087501649
1412.0,0.08328413393263095
1413.0,0.08470279847874568
1414.0,0.08599243405957166
1415.0,0.08670413230725801
1416.0,0.08674036987401411
1417.0,0.08643206798789674
1418.0,0.08626392374124034
1419.0,0.08654800149512035
1420.0,0.08728228616952335
1421.0,0.0881862562930478
1422.0,0.08891365677611901
1423.0,0.08928388469570628
1424.0,0.08937024712041867
1425.0,0.0894390167056051
1426.0,0.08975908725820647
1427.0,0.09038415171715404
1428.0,0.0910882482976382
1429.0,0.0914862454712248
1430.0,0.09128945835902959
1431.0,0.09062056900962975
1432.0,0.0900090939134955
1433.0,0.08994875845203378
1434.0,0.09051587250531981
1435.0,0.09145956771644129
1436.0,0.09247735918524314
1437.0,0.09339420534243484
1438.0,0.0942270618226034
1439.0,0.09504520942312263
1440.0,0.09585628025668312
1441.0,0.09663715953526933
1442.0,0.09731683125354894
1443.0,0.09771366310878796
1444.0,0.09768079476334213
1445.0,0.09732339825749795
1446.0,0.09699084668791252
1447.0,0.09707831710013465
1448.0,0.09773267785146784
1449.0,0.09871668566044169
1450.0,0.0995470947782264
1451.0,0.0998007980379598
1452.0,0.09944552689154638
1453.0,0.09889891382211147
1454.0,0.09874728225962828
1455.0,0.09934249991284543
1456.0,0.10055771416219567
1457.0,0.10189356597583528
1458.0,0.10287601701510354
1459.0,0.10339812756628308
1460.0,0.10360026685573996
1461.0,0.10361923836918968
1462.0,0.10351484069956789
1463.0,0.10330055880908467
1464.0,0.1031331663188261
1465.0,0.10329675552189617
1466.0,0.10392396048294822
1467.0,0.10484936943463116
1468.0,0.10570541727754194
1469.0,0.10617398449702445
1470.0,0.10619376068542336
1471.0,0.10599769453469468
1472.0,0.10594959148581415
1473.0,0.10627344539636085
1474.0,0.10689299814743262
1475.0,0.10748176799424791
1476.0,0.10768637466757452
1477.0,0.10740540964987119
1478.0,0.10688972803774376
1479.0,0.10655333018687993
1480.0,0.10666302147180826
1481.0,0.1071634305575987
1482.0,0.10774439224343335
1483.0,0.10808882177883802
1484.0,0.10811342836795897
1485.0,0.10796761894110378
1486.0,0.10786841332044825
1487.0,0.10793511701395526
1488.0,0.10813297079231579
1489.0,0.10845777440583981
1490.0,0.10901897071800487
1491.0,0.10985769360182392
1492.0,0.11081323896497511
1493.0,0.11151677988145775
1494.0,0.11164312423679251
1495.0,0.11126558315321218
1496.0,0.11084010303238892
1497.0,0.11083309870023034
1498.0,0.11138739322963705
1499.0,0.11227259986427926
1500.0,0.11314446477332998
1501.0,0.11391656130208251
1502.0,0.11470868320936645
1503.0,0.11551817579543025
1504.0,0.11620713528860008
1505.0,0.11667064883347933
1506.0,0.11687288821271949
1507.0,0.1168076732678257
1508.0,0.11648962913618824
1509.0,0.11595491231923732
1510.0,0.11538049086139318
1511.0,0.11509069344288465
1512.0,0.11527610188239529
1513.0,0.11581675032151806
1514.0,0.11644457028170609
1515.0,0.1169846751696218
1516.0,0.11741503725780586
1517.0,0.11780756246689217
1518.0,0.11817511110423198
1519.0,0.1184224433064003
1520.0,0.11848641335476254
1521.0,0.11843292170200226
1522.0,0.11843931670582811
1523.0,0.11867114818783042
1524.0,0.11914712126973297
1525.0,0.119716570286151
1526.0,0.12016301708461653
1527.0,0.12036355918781405
1528.0,0.12037686211097477
1529.0,0.12040534359379891
1530.0,0.12065965477701879
1531.0,0.12118154670834208
1532.0,0.12178169154677357
1533.0,0.12218581815199787
1534.0,0.12225567247309112
1535.0,0.12221415001494229
1536.0,0.12259995159261929
1537.0,0.12373309614271705
1538.0,0.12532832672582606
1539.0,0.12670949800307585
1540.0,0.12731753665270054
1541.0,0.12707705002284875
1542.0,0.1264180562818698
1543.0,0.12593960255898518
1544.0,0.12598033630794706
1545.0,0.126487934870112
1546.0,0.12714104217992012
1547.0,0.12762461405187753
1548.0,0.12783816362245218
1549.0,0.12783488625086845
1550.0,0.12770216429571335
1551.0,0.1274531102729806
1552.0,0.12711763327621473
1553.0,0.12696495335321203
1554.0,0.1273185601285476
1555.0,0.1281915845710746
1556.0,0.12927000297104663
1557.0,0.13018569660864
1558.0,0.13077142337314787
1559.0,0.13114046171424215
1560.0,0.1314743334802151
1561.0,0.1317533797030471
1562.0,0.13190721343412123
1563.0,0.13204425507401493
1564.0,0.13240824207808571
1565.0,0.13319982031483552
1566.0,0.13433846371232025
1567.0,0.13543917638571928
1568.0,0.13608778522325582
1569.0,0.13614393452321935
1570.0,0.13582633950190715
1571.0,0.1355381492587081
1572.0,0.1355652636955181
1573.0,0.13589351713464304
1574.0,0.13632982125920862
1575.0,0.13669062801075982
1576.0,0.13689155438264314
1577.0,0.13697771210199755
1578.0,0.137054732560208
1579.0,0.13723189011181405
1580.0,0.13761939475846985
1581.0,0.13825918761739223
1582.0,0.13906988905128187
1583.0,0.1398893347108741
1584.0,0.1405728296833412
1585.0,0.14113087058551507
1586.0,0.1417683797946217
1587.0,0.14259431038891784
1588.0,0.14336381486406008
1589.0,0.14368758429885364
1590.0,0.14338544262135205
1591.0,0.14266669544713972
1592.0,0.1420116926026439
1593.0,0.1417693056420805
1594.0,0.1419132240035879
1595.0,0.14239935997801648
1596.0,0.14340096892069187
1597.0,0.14493645496046056
1598.0,0.1464593983245291
1599.0,0.148114115996741
