0.0,0.0
1.0,0.0
2.0,0.0
3.0,0.0
4.0,0.0
5.0,0.0
6.0,0.0
7.0,0.0
8.0,0.0
9.0,0.0
10.0,0.0
11.0,0.0
12.0,0.0
13.0,0.0
14.0,0.0
15.0,0.0
16.0,0.0
17.0,0.0
18.0,0.0
19.0,0.0
20.0,0.0
21.0,0.0
22.0,0.0
23.0,0.0
24.0,0.0
25.0,0.0
26.0,0.0
27.0,0.0
28.0,0.0
29.0,0.0
30.0,0.0
31.0,0.0
32.0,0.0
33.0,0.0
34.0,0.0
35.0,0.0
36.0,0.0
37.0,0.0
38.0,0.0
39.0,0.0
40.0,0.0
41.0,0.0
42.0,0.0
43.0,0.0
44.0,0.0
45.0,0.0
46.0,0.0
47.0,0.0
48.0,0.0
49.0,0.0
50.0,0.0
51.0,0.0
52.0,0.0
53.0,0.0
54.0,0.0
55.0,0.0
56.0,0.0
57.0,0.0
58.0,0.0
59.0,0.0
60.0,0.0
61.0,0.0
62.0,0.0
63.0,0.0
64.0,0.0
65.0,0.0
66.0,0.0
67.0,0.0
68.0,0.0
69.0,0.0
70.0,0.0
71.0,0.0
72.0,0.0
73.0,0.0
74.0,0.0
75.0,0.0
76.0,0.0
77.0,0.0
78.0,0.0
79.0,0.0
80.0,0.0
81.0,0.0
82.0,0.0
83.0,0.0
84.0,0.0
85.0,0.0
86.0,0.0
87.0,0.0
88.0,0.0
89.0,0.0
90.0,0.0
91.0,0.0
92.0,0.0
93.0,0.0
94.0,0.0
95.0,0.0
96.0,0.0
97.0,0.0
98.0,0.0
99.0,0.0
100.0,0.0
101.0,0.0
102.0,0.0
103.0,0.0
104.0,0.0
105.0,0.0
106.0,0.0
107.0,0.0
108.0,0.0
109.0,0.0
110.0,0.0
111.0,0.0
112.0,0.0
113.0,0.0
114.0,0.0
115.0,0.0
116.0,0.0
117.0,0.0
118.0,0.0
119.0,0.0
120.0,0.0
121.0,0.0
122.0,0.0
123.0,0.0
124.0,0.0
125.0,0.0
126.0,0.0
127.0,0.0
128.0,0.0
129.0,0.0
130.0,0.0
131.0,0.0
132.0,0.0
133.0,0.0
134.0,0.0
135.0,0.0
136.0,0.0
137.0,0.0
138.0,0.0
139.0,0.0
140.0,0.0
141.0,0.0
142.0,0.0
143.0,0.0
144.0,0.0
145.0,0.0
146.0,0.0
147.0,0.0
148.0,0.0
149.0,0.0
150.0,0.0
151.0,0.0
152.0,0.0
153.0,0.0
154.0,0.05464780796311208
155.0,0.05231351405194318
156.0,0.0512592436622214
157.0,0.051644701883347965
158.0,0.052863116023089796
159.0,0.05464596257392196
160.0,0.05717887014820777
161.0,0.06075360651452455
162.0,0.06515654896428796
163.0,0.06978069542385168
164.0,0.07420115404671535
165.0,0.07831854691482437
166.0,0.08215237690227933
167.0,0.08578971621012083
168.0,0.08935472410447626
169.0,0.09292779134857576
170.0,0.09650201640590561
171.0,0.10004586518553582
172.0,0.10359973527080474
173.0,0.10738832081815436
174.0,0.11174106631352215
175.0,0.11666396023049824
176.0,0.1217215445486915
177.0,0.1265416259172515
178.0,0.13113643674485886
179.0,0.13558430930261733
180.0,0.13977720614118078
181.0,0.14350621586495177
182.0,0.14658518174359664
183.0,0.1489114751111772
184.0,0.15051649473678463
185.0,0.15158123100386323
186.0,0.152204794637274
187.0,0.15209796576328383
188.0,0.1509529259292442
189.0,0.14908777844874627
190.0,0.1472363057352135
191.0,0.14584677907123417
192.0,0.1449312034510324
193.0,0.14436067487756565
194.0,0.14397951005641396
195.0,0.14365504921654954
196.0,0.1433237590007057
197.0,0.14298340150289118
198.0,0.14262773155056263
199.0,0.1422038809719623
200.0,0.14174142054854033
201.0,0.14138378523567252
202.0,0.14112169527492607
203.0,0.14067966933015402
204.0,0.1397663923410039
205.0,0.13829770569107203
206.0,0.13635635123300738
207.0,0.1340592411664827
208.0,0.131445027747444
209.0,0.12846230546102017
210.0,0.1250924110666362
211.0,0.12142096649837253
212.0,0.1176042723953239
213.0,0.11380118282266288
214.0,0.11012228587844175
215.0,0.10658256804280203
216.0,0.10311214828660786
217.0,0.09952510816619436
218.0,0.09551010088256656
219.0,0.09092717750607887
220.0,0.08605252923456153
221.0,0.08135157907740675
222.0,0.07708497993574259
223.0,0.07327190678593182
224.0,0.06985375621126205
225.0,0.06672177839296584
226.0,0.0637542469758664
227.0,0.0608696867929342
228.0,0.058055207951062726
229.0,0.055354823093728356
230.0,0.052841959485410095
231.0,0.05065663722687841
232.0,0.048941928525162215
233.0,0.04766078503298693
234.0,0.046583310202990225
235.0,0.04548463331899527
236.0,0.04429696586370674
237.0,0.04307401873500144
238.0,0.04193688372756127
239.0,0.041045061516104375
240.0,0.04051631899486252
241.0,0.04037441277376902
242.0,0.04051807354515202
243.0,0.04074592799555976
244.0,0.04091805457234804
245.0,0.041101191965882466
246.0,0.04137572378794152
247.0,0.04156712209351876
248.0,0.041407915722608546
249.0,0.040825110619728766
250.0,0.03992095529805678
251.0,0.03879185294592119
252.0,0.03733098275437324
253.0,0.035220669112234815
254.0,0.03233979087324329
255.0,0.029015113184931995
256.0,0.025767139506235937
257.0,0.022961369223622186
258.0,0.02076945985476708
259.0,0.019204666721240937
260.0,0.018123770805516914
261.0,0.017361566918491556
262.0,0.016911519847652712
263.0,0.016885520665955833
264.0,0.017231355247777913
265.0,0.017698285327073238
266.0,0.01808017738429818
267.0,0.018348786396406414
268.0,0.018592986625211916
269.0,0.01892159642448099
270.0,0.019381480019334152
271.0,0.019963856320273365
272.0,0.020677556509502815
273.0,0.02156876321518575
274.0,0.022698574093665602
275.0,0.0241214928458115
276.0,0.02587061991692069
277.0,0.02793315684597303
278.0,0.030264248726817267
279.0,0.03292942764313922
280.0,0.03613330139842513
281.0,0.03985896431636121
282.0,0.04371175221136875
283.0,0.04734434825719236
284.0,0.050757208054447445
285.0,0.054004336080076265
286.0,0.056956139580904286
287.0,0.05943196603264972
288.0,0.06132986498867565
289.0,0.06262887172892212
290.0,0.06337240231637248
291.0,0.06365972713392598
292.0,0.06354842595501009
293.0,0.0629246074844414
294.0,0.06170182383282269
295.0,0.060185852905267956
296.0,0.058798625789128645
297.0,0.057479162769306646
298.0,0.05600223523388226
299.0,0.05469522719834158
300.0,0.05413295196108103
301.0,0.0544409966801615
302.0,0.05549016486924302
303.0,0.05740820374758371
304.0,0.0605382851051971
305.0,0.06517828535633158
306.0,0.0714509404315587
307.0,0.0793112929072356
308.0,0.0886533380775999
309.0,0.09949116080914594
310.0,0.11224590197895107
311.0,0.1274174427352251
312.0,0.14415199240003623
313.0,0.16044043008130981
314.0,0.17580828701496554
315.0,0.1915724480016821
316.0,0.20743787973970795
317.0,0.22047068096910344
318.0,0.22753099924695658
319.0,0.2273916918396346
320.0,0.22096926112371668
321.0,0.21009351236531393
322.0,0.19564247341985314
323.0,0.1772848340031099
324.0,0.15472137564366173
325.0,0.1291028569992514
326.0,0.10352383820913463
327.0,0.08117700006832246
328.0,0.06315039628391689
329.0,0.04857799705446125
330.0,0.03636913076160292
331.0,0.026105837117279096
332.0,0.018167677097613077
333.0,0.01273549996338047
334.0,0.009021409214815201
335.0,0.006223786591005032
336.0,0.004365516759393062
337.0,0.003600786966604874
338.0,0.003581929785555771
339.0,0.0038028836910427577
340.0,0.003970665909780402
341.0,0.003993558097328154
342.0,0.0038901566687055134
343.0,0.0037175830802872456
344.0,0.0034991311324082397
345.0,0.003227756254126468
346.0,0.0028934527837286006
347.0,0.0025216395577668527
348.0,0.0021603785790084706
349.0,0.0018287608330406768
350.0,0.0015191958739723677
351.0,0.001241468953054714
352.0,0.0010033474532381015
353.0,0.0007675223067676873
354.0,0.0004947030297992594
355.0,0.00020610444259316907
356.0,0.0
357.0,8.280367224833274e-06
358.0,0.0002461829787795966
359.0,0.0005526410339563026
360.0,0.0008667865947542541
361.0,0.0013976973699703077
362.0,0.002220434412759431
363.0,0.0030445605498269357
364.0,0.0037077071107290416
365.0,0.0044561109952817035
366.0,0.005475703005142496
367.0,0.00665061562904623
368.0,0.007996431329071074
369.0,0.009773902164474435
370.0,0.01202407865164512
371.0,0.014534002399366752
372.0,0.017350789117822563
373.0,0.02082646102566943
374.0,0.02514727484250784
375.0,0.030276400378650536
376.0,0.03629849135606733
377.0,0.04342777428287925
378.0,0.05177307624410754
379.0,0.06131722680836338
380.0,0.07204789078923557
381.0,0.08400194915427628
382.0,0.09725477236509683
383.0,0.11261003640155365
384.0,0.1318398617824414
385.0,0.15508412510249814
386.0,0.17938735981369935
387.0,0.20295429365912188
388.0,0.22814328607435974
389.0,0.25624833967248484
390.0,0.2836000938904036
391.0,0.3054900863410703
392.0,0.3201756190143057
393.0,0.32795675455843126
394.0,0.32931492295032505
395.0,0.32415425097929734
396.0,0.3116592425993498
397.0,0.2909607192176283
398.0,0.26268929122015766
399.0,0.23064111466307685
400.0,0.19987032149772982
401.0,0.17259962870597784
402.0,0.14793036902565976
403.0,0.125342124162439
404.0,0.10578043910887291
405.0,0.09033780551025933
406.0,0.07918218213237133
407.0,0.07124901712101855
408.0,0.06535132444088726
409.0,0.06153208084110323
410.0,0.06023027430121253
411.0,0.060884849335309854
412.0,0.06261457717628349
413.0,0.0652840805133762
414.0,0.06905238775078693
415.0,0.07364027303870263
416.0,0.07828815392312716
417.0,0.0820967064156779
418.0,0.08446305631428613
419.0,0.08531296842056563
420.0,0.08496636644776251
421.0,0.08365428040433592
422.0,0.08090710849119226
423.0,0.07597630298624908
424.0,0.06940672172804369
425.0,0.0629216216721808
426.0,0.05743596125538025
427.0,0.052590473493694556
428.0,0.04820066731885947
429.0,0.04481589548432863
430.0,0.04317207212299978
431.0,0.043623188302473914
432.0,0.04589037816782243
433.0,0.049406196319044304
434.0,0.0539322601699565
435.0,0.05955147199114136
436.0,0.06627879452192581
437.0,0.07371853705887216
438.0,0.08103632290916585
439.0,0.08758973421931382
440.0,0.0934180318410685
441.0,0.09864451415367492
442.0,0.10285100639188893
443.0,0.10549104950281268
444.0,0.10639890378570943
445.0,0.10580216583347396
446.0,0.10401731684341992
447.0,0.10098375221234757
448.0,0.09630445369066604
449.0,0.09008512806662533
450.0,0.08307421213881333
451.0,0.07573664993147733
452.0,0.0679634983795267
453.0,0.059769930244537084
454.0,0.05159264391233037
455.0,0.04398683760775096
456.0,0.03733888400828278
457.0,0.03178063684160631
458.0,0.027200729629008435
459.0,0.023383148968811218
460.0,0.020177019240013083
461.0,0.01758538136676613
462.0,0.015628703600841454
463.0,0.014156829058761894
464.0,0.01301491706158081
465.0,0.012257405471296723
466.0,0.011940970802295225
467.0,0.011889310219016264
468.0,0.011844284166159291
469.0,0.0116851163134368
470.0,0.01142399496578611
471.0,0.011121841232432622
472.0,0.010873019938932943
473.0,0.010760274794840013
474.0,0.01079869052723792
475.0,0.010923675762154694
476.0,0.011029295375217851
477.0,0.011029622320868154
478.0,0.010885512800486857
479.0,0.010614165089242733
480.0,0.010275886290048553
481.0,0.009933343335661426
482.0,0.009617625980509914
483.0,0.009320399191998952
484.0,0.009021550886757768
485.0,0.008691071720439453
486.0,0.008273001469585373
487.0,0.007745441486549237
488.0,0.007181123509011511
489.0,0.006696648680489248
490.0,0.006358142069912642
491.0,0.006171447099221322
492.0,0.006124561442374166
493.0,0.0061657396971968315
494.0,0.006202561508365456
495.0,0.006191839839169266
496.0,0.006201785704214952
497.0,0.006391250317790559
498.0,0.006922725964347454
499.0,0.00788237820003515
500.0,0.009235482458288091
501.0,0.010819516176169719
502.0,0.012431237165797526
503.0,0.013934817752101536
504.0,0.015338950144066943
505.0,0.016794109477008268
506.0,0.018459730868261193
507.0,0.020322848238708502
508.0,0.022281439043669138
509.0,0.02443751504855568
510.0,0.027141682066181005
511.0,0.030794761995708908
512.0,0.03553508388551624
513.0,0.0410631180725744
514.0,0.04702795576226082
515.0,0.05356311678154069
516.0,0.06089049216518877
517.0,0.06866838628871091
518.0,0.07640881596631027
519.0,0.08412755072545158
520.0,0.09197265387811077
521.0,0.09967104182547099
522.0,0.10661506461380521
523.0,0.11222054325401831
524.0,0.11618298582090719
525.0,0.11850989042566451
526.0,0.11926176110954462
527.0,0.11827350157390415
528.0,0.11506387619012115
529.0,0.10923670679609127
530.0,0.10141948163363912
531.0,0.0929901500300721
532.0,0.084419011058114
533.0,0.07511408930636432
534.0,0.06518543958694395
535.0,0.05578948704211484
536.0,0.047819116106205595
537.0,0.041320902002346865
538.0,0.03592992515098892
539.0,0.03130542527671942
540.0,0.027380056069693515
541.0,0.024242497136840513
542.0,0.021807569462616055
543.0,0.019820892918390814
544.0,0.018057034400818045
545.0,0.016409541756591123
546.0,0.014876788847550948
547.0,0.01353588183536586
548.0,0.012476928466991943
549.0,0.011769470319232367
550.0,0.01144033595981353
551.0,0.011427046360895421
552.0,0.011608790056103352
553.0,0.011952323379367996
554.0,0.012544554717143719
555.0,0.01338224469983934
556.0,0.014280483085408635
557.0,0.015033434737355272
558.0,0.015569882078146802
559.0,0.015969760126045174
560.0,0.016390830350094143
561.0,0.016963690266797837
562.0,0.017721217142685097
563.0,0.018627155106465926
564.0,0.019607318679807778
565.0,0.02056841871065332
566.0,0.021455237668908334
567.0,0.022287856313695426
568.0,0.023161903378173726
569.0,0.024204449642081738
570.0,0.025491806238165576
571.0,0.02700160787996586
572.0,0.02862501642616022
573.0,0.030236833764409138
574.0,0.03177116678501704
575.0,0.03324241041304249
576.0,0.0346290321597095
577.0,0.03580180249480891
578.0,0.03669514359417986
579.0,0.0373927082284051
580.0,0.03790206097095719
581.0,0.03800952025625626
582.0,0.03737965466407034
583.0,0.035803850211024
584.0,0.03347951496642493
585.0,0.030895992094466196
586.0,0.02833188334483172
587.0,0.025714434841607486
588.0,0.02302392591001773
589.0,0.02045402504990973
590.0,0.018221775754620695
591.0,0.01642174712772687
592.0,0.01501006106980432
593.0,0.013849035115160474
594.0,0.012796065724516609
595.0,0.011776947478621402
596.0,0.010793575898041363
597.0,0.009929865401668209
598.0,0.009317734010143408
599.0,0.00906515431422028
600.0,0.00919972082219847
601.0,0.009613695635910219
602.0,0.010097629021657006
603.0,0.010456365659805872
604.0,0.01061983066625291
605.0,0.01067964206879693
606.0,0.010815091394966198
607.0,0.011178671465103457
608.0,0.01180490230544301
609.0,0.012625266377703642
610.0,0.013544214444725422
611.0,0.014505375152741223
612.0,0.015508365342614128
613.0,0.0165335023534339
614.0,0.017565518528537744
615.0,0.018736331814125318
616.0,0.0202039831293781
617.0,0.021859698907562647
618.0,0.023374551565326362
619.0,0.024514727476423193
620.0,0.025250728275506673
621.0,0.025633492972612054
622.0,0.025665174940496777
623.0,0.025228121366240586
624.0,0.024210781843818113
625.0,0.022668484285527563
626.0,0.020835380564471873
627.0,0.019002733552670376
628.0,0.017370230768313427
629.0,0.01597067470534075
630.0,0.014741083482478212
631.0,0.01364674602984356
632.0,0.012675686705608619
633.0,0.011819729252302985
634.0,0.011095055528186681
635.0,0.010546765759335441
636.0,0.010237288225826258
637.0,0.010204043740740604
638.0,0.010400011452832508
639.0,0.010708243195188455
640.0,0.011025423534763185
641.0,0.011326969343756987
642.0,0.011662068164788236
643.0,0.01208333394011435
644.0,0.012556571544004164
645.0,0.013016140621321531
646.0,0.013510696094825081
647.0,0.01418317166380903
648.0,0.015134758129937975
649.0,0.01638877497314306
650.0,0.017944139303641
651.0,0.019750210574423388
652.0,0.021686465482084666
653.0,0.0237023252800182
654.0,0.02591928759039669
655.0,0.02842058679366835
656.0,0.031070542461221734
657.0,0.03377612247945849
658.0,0.036734549722069326
659.0,0.04035961108714517
660.0,0.04504562819952734
661.0,0.05093349708856085
662.0,0.05801082724555881
663.0,0.0667831411396837
664.0,0.07824414759119777
665.0,0.0927247032899639
666.0,0.10985356926571166
667.0,0.13007083413510245
668.0,0.15497977847586816
669.0,0.1862344209453904
670.0,0.22417015159345274
671.0,0.26697285969469486
672.0,0.31357905859309576
673.0,0.3680360129594398
674.0,0.4339029057931044
675.0,0.5051175903433032
676.0,0.572874407269673
677.0,0.6384574636393026
678.0,0.7066197260320526
679.0,0.7726123764974886
680.0,0.8248020772292537
681.0,0.8542092340986993
682.0,0.8594228490541851
683.0,0.8453691327637847
684.0,0.8158358354772417
685.0,0.7681709526053695
686.0,0.7008084211385326
687.0,0.6196582808528894
688.0,0.5350562551573155
689.0,0.4558276847786133
690.0,0.38609193089509464
691.0,0.32535931619220243
692.0,0.27210969273120456
693.0,0.22662925725351266
694.0,0.18997586750559162
695.0,0.1622750435407715
696.0,0.14128357658260302
697.0,0.12372580753335641
698.0,0.10848429502595036
699.0,0.0963738791045331
700.0,0.08698876833583427
701.0,0.07882417337479508
702.0,0.07162546719247198
703.0,0.0659967904273574
704.0,0.0616159162699873
705.0,0.05755022427068043
706.0,0.0534600399353693
707.0,0.04954351764326562
708.0,0.045933877975874754
709.0,0.04272576167924336
710.0,0.04010004431730457
711.0,0.038108775767384
712.0,0.036536614589038396
713.0,0.035036643333385076
714.0,0.03336207011585973
715.0,0.03147888613144886
716.0,0.029570128073131086
717.0,0.028013739024861567
718.0,0.02716321442535949
719.0,0.027055869406125532
720.0,0.027357438166113524
721.0,0.02759431051614239
722.0,0.02744752497137412
723.0,0.026855591293215714
724.0,0.025989816250198916
725.0,0.025107194868197846
726.0,0.02439058843676259
727.0,0.02389809112244104
728.0,0.0235915656767329
729.0,0.02343441997398138
730.0,0.023431080861018277
731.0,0.023607123663093144
732.0,0.02395106433478933
733.0,0.02437500033298068
734.0,0.02477606217406006
735.0,0.02511699442754639
736.0,0.02542474728985486
737.0,0.02574218666075498
738.0,0.02611610984538243
739.0,0.02658119287426175
740.0,0.02711814279196606
741.0,0.027649870473139354
742.0,0.028082687738784667
743.0,0.0283673470458152
744.0,0.028546902428607412
745.0,0.02871553940946553
746.0,0.02888594181596782
747.0,0.0289894572539805
748.0,0.029057838643975348
749.0,0.029262530206373205
750.0,0.029770357667309955
751.0,0.030639749037082303
752.0,0.031834080349447735
753.0,0.03327563332715164
754.0,0.03491027463341159
755.0,0.03671759073103642
756.0,0.038665710008332826
757.0,0.04078325779750311
758.0,0.04323701129573665
759.0,0.04613727783476834
760.0,0.049334897868215266
761.0,0.05257495721444455
762.0,0.055751166606436864
763.0,0.05885021143143482
764.0,0.06179353417240427
765.0,0.06434511509386398
766.0,0.06615694147256904
767.0,0.06700063385812571
768.0,0.06691073262266767
769.0,0.06608446110388008
770.0,0.06469327026719074
771.0,0.06279861696718608
772.0,0.06039272301959547
773.0,0.05759860639642703
774.0,0.05467133749723521
775.0,0.051724905357691114
776.0,0.04871807789411434
777.0,0.04575084577228142
778.0,0.04310175029822416
779.0,0.04099911651534416
780.0,0.03944246820169317
781.0,0.03819877729027682
782.0,0.03694077924888156
783.0,0.03542798535123165
784.0,0.033652565450698
785.0,0.031821538840010544
786.0,0.030242890851381987
787.0,0.02916433408427896
788.0,0.028603021990302874
789.0,0.02833338801435123
790.0,0.02805717782483247
791.0,0.02761621691154048
792.0,0.027030604471000252
793.0,0.026411886042392696
794.0,0.025880917662128355
795.0,0.025488236806190334
796.0,0.025205534743632824
797.0,0.02498115856400157
798.0,0.024834141701992885
799.0,0.02485169425331807
800.0,0.025045784912562957
801.0,0.02527785130108519
802.0,0.025307914324281477
803.0,0.024951505554310707
804.0,0.024228284368712952
805.0,0.023355576888143784
806.0,0.022592041463601192
807.0,0.02208645796431509
808.0,0.02184487779677538
809.0,0.021771464158766837
810.0,0.021768097916671753
811.0,0.02178786495603824
812.0,0.02182441404244112
813.0,0.021885013129625208
814.0,0.021958311840917608
815.0,0.022024030913766784
816.0,0.022077913207221384
817.0,0.022155615135774992
818.0,0.022327602010778658
819.0,0.022654780667189706
820.0,0.023143926710970472
821.0,0.023718253879503423
822.0,0.024250627928655094
823.0,0.02464533946253207
824.0,0.02489162347567349
825.0,0.025032645607475604
826.0,0.02510829531310893
827.0,0.025127028168581284
828.0,0.025074600167229955
829.0,0.02496844186060726
830.0,0.024852290091258333
831.0,0.02472302311172077
832.0,0.02454519580644035
833.0,0.02433773035819492
834.0,0.02419689878496195
835.0,0.024251878962155193
836.0,0.02455094327732893
837.0,0.024980108126610875
838.0,0.02536543115867694
839.0,0.025643985947313902
840.0,0.025861724881178855
841.0,0.026062047145333403
842.0,0.026213947180633204
843.0,0.02621116196110654
844.0,0.02601498189626278
845.0,0.025758397065037172
846.0,0.02568234340733898
847.0,0.02597992780728972
848.0,0.026643760923251603
849.0,0.02745667327510945
850.0,0.028140175568493617
851.0,0.028539081490797674
852.0,0.028673509802942698
853.0,0.028686505131496634
854.0,0.028746503650606714
855.0,0.02893968150494569
856.0,0.02925074614718859
857.0,0.029598569105956166
858.0,0.029899587982457093
859.0,0.0301165546931611
860.0,0.03024947805177801
861.0,0.030324053518382743
862.0,0.03037869712684073
863.0,0.030441974329841193
864.0,0.03052155040788787
865.0,0.03057069438129767
866.0,0.03047723327887243
867.0,0.030158606762315562
868.0,0.029652760992106855
869.0,0.029131570100755705
870.0,0.028818969381852605
871.0,0.028848806529825924
872.0,0.02918432985870728
873.0,0.02965879557240278
874.0,0.030101795255482428
875.0,0.030424474283826525
876.0,0.030637932703879364
877.0,0.030775104221975547
878.0,0.030822348489975393
879.0,0.03075454877815824
880.0,0.030587912941362233
881.0,0.030423095766702504
882.0,0.03040363288856064
883.0,0.030608135568701567
884.0,0.03101722434424399
885.0,0.031589218313314044
886.0,0.032315799849846505
887.0,0.03322241932064317
888.0,0.03430839431477482
889.0,0.03547446434007026
890.0,0.03657707441282615
891.0,0.03754314377913573
892.0,0.03840684237571809
893.0,0.039257054040836514
894.0,0.04017567178783131
895.0,0.04119349912001982
896.0,0.04228861866842279
897.0,0.04342240678352602
898.0,0.04455092628926188
899.0,0.04563917722942007
900.0,0.04670955365842411
901.0,0.04785478723177858
902.0,0.049213945449009616
903.0,0.05088695336412058
904.0,0.05278307230072099
905.0,0.05462949122977065
906.0,0.056178497860491644
907.0,0.05736938839640651
908.0,0.05827487604042157
909.0,0.059029246926685736
910.0,0.0598485491159835
911.0,0.06087255397678612
912.0,0.061940062980780586
913.0,0.06262091271582121
914.0,0.062455882526249784
915.0,0.06129803271538578
916.0,0.05947902169841175
917.0,0.05750062250618551
918.0,0.055534262432858944
919.0,0.053492771525878086
920.0,0.05143925885421061
921.0,0.04957320015786283
922.0,0.048019907693856306
923.0,0.04676970511855734
924.0,0.04573441064924269
925.0,0.04485786526715693
926.0,0.044186193436692986
927.0,0.04374485497649566
928.0,0.04343615770769872
929.0,0.04312736441908205
930.0,0.04275696436668673
931.0,0.042330750402344616
932.0,0.04188743849039647
933.0,0.04149368014914276
934.0,0.04120582767759781
935.0,0.0410202692594705
936.0,0.040864278639833926
937.0,0.04062987122373668
938.0,0.04024862514017834
939.0,0.03975164998212381
940.0,0.0392414183509629
941.0,0.03879601777212595
942.0,0.03843004721191315
943.0,0.0381323530326791
944.0,0.03791792022221681
945.0,0.03786132825312538
946.0,0.03802184506329098
947.0,0.0383519799195903
948.0,0.03871146773071721
949.0,0.03895550359049445
950.0,0.0390262702684851
951.0,0.03897985825749979
952.0,0.03892619039511608
953.0,0.038936584134585145
954.0,0.0390311840619709
955.0,0.039204345447972924
956.0,0.03944319436619065
957.0,0.03974433655124032
958.0,0.040101676142436454
959.0,0.04050535114956719
960.0,0.04097060638327793
961.0,0.04153234702275932
962.0,0.042195669925744944
963.0,0.04291002807770329
964.0,0.04358495625378192
965.0,0.04414652432871971
966.0,0.044594280337135
967.0,0.04498333887362735
968.0,0.0453428824042415
969.0,0.04566485461033132
970.0,0.04595671940553915
971.0,0.04628498934077398
972.0,0.046780815159847125
973.0,0.0475548186105933
974.0,0.04861051320228524
975.0,0.04981074707858606
976.0,0.05093789769049953
977.0,0.05185255133046984
978.0,0.05260024443248175
979.0,0.05335641031881441
980.0,0.05428368305180162
981.0,0.055477613020320254
982.0,0.056966916698340475
983.0,0.058748099881255234
984.0,0.06083186207549765
985.0,0.06323808453893007
986.0,0.06599073485238778
987.0,0.06912924759384731
988.0,0.07270313006113575
989.0,0.07675007614805085
990.0,0.08128144609616554
991.0,0.08628659232462288
992.0,0.09174644913603475
993.0,0.09763557354067548
994.0,0.10399588966127621
995.0,0.11103010713298744
996.0,0.11896190219692329
997.0,0.12780046850760773
998.0,0.13737962605625756
999.0,0.14759202255290615
1000.0,0.15839841080160688
1001.0,0.16970874580923323
1002.0,0.18120895656538347
1003.0,0.19232233290649464
1004.0,0.20254987311799788
1005.0,0.2117581094434111
1006.0,0.21975588134734064
1007.0,0.22592128395637967
1008.0,0.22976061057459984
1009.0,0.2313123951548201
1010.0,0.23049662016116462
1011.0,0.2267052842741486
1012.0,0.2194375577322405
1013.0,0.20890200005106674
1014.0,0.19614118760475527
1015.0,0.18248193918865574
1016.0,0.1686156651874074
1017.0,0.15456754154930655
1018.0,0.14088824216318097
1019.0,0.12876241673840194
1020.0,0.11884704129837714
1021.0,0.11086170747324647
1022.0,0.10418082336071455
1023.0,0.09834171060402502
1024.0,0.09318502389007483
1025.0,0.08876749996241583
1026.0,0.08508554590412788
1027.0,0.0820557164991013
1028.0,0.07965043362739871
1029.0,0.07784273002586627
1030.0,0.07651109385653555
1031.0,0.07552877752664286
1032.0,0.0748738917034954
1033.0,0.07455859635417517
1034.0,0.07453233769884002
1035.0,0.07474452563159072
1036.0,0.07520530279783519
1037.0,0.07592811052400111
1038.0,0.07688416645039019
1039.0,0.07804965513684149
1040.0,0.07945683864470338
1041.0,0.0812171744810416
1042.0,0.08347860365884419
1043.0,0.0863377959955329
1044.0,0.0898258758531773
1045.0,0.09400422150880948
1046.0,0.09898162056396073
1047.0,0.10482458379878662
1048.0,0.1115831685204618
1049.0,0.11941190142573654
1050.0,0.12848143451084326
1051.0,0.13877131992228758
1052.0,0.15030765146503422
1053.0,0.16354396306446423
1054.0,0.17897119688698113
1055.0,0.19652016306863684
1056.0,0.21560064892830444
1057.0,0.23556867280852428
1058.0,0.2559186782846648
1059.0,0.27626979448380506
1060.0,0.2959833690400504
1061.0,0.3139900699143716
1062.0,0.329478610634677
1063.0,0.3422716240431018
1064.0,0.35179905023885716
1065.0,0.35665854267263114
1066.0,0.35602730440064595
1067.0,0.35041565793833285
1068.0,0.3406592214911377
1069.0,0.3271265606308645
1070.0,0.310141708978641
1071.0,0.2904589332645203
1072.0,0.2695348768632566
1073.0,0.248992433912891
1074.0,0.22961737787407022
1075.0,0.21136357606033535
1076.0,0.19437444445762356
1077.0,0.17910842587335887
1078.0,0.16568048874388674
1079.0,0.1538313614165852
1080.0,0.1433472149594076
1081.0,0.13413899350866865
1082.0,0.12610245333228542
1083.0,0.11902091079377719
1084.0,0.11255746113244497
1085.0,0.10644378998232326
1086.0,0.10063978702945849
1087.0,0.0952718195589072
1088.0,0.09045557190513112
1089.0,0.08622039288464575
1090.0,0.08250961605635371
1091.0,0.07926082566801396
1092.0,0.07646602429831628
1093.0,0.07410199132611975
1094.0,0.07208542143706731
1095.0,0.07031395096832391
1096.0,0.06871244455209524
1097.0,0.06724268093695854
1098.0,0.06587818901823378
1099.0,0.06455228854483042
1100.0,0.06317982321492296
1101.0,0.06174117150679809
1102.0,0.06031413909940747
1103.0,0.05903533561432686
1104.0,0.05800888980131849
1105.0,0.057238918616028145
1106.0,0.056607091442308285
1107.0,0.0559219436837913
1108.0,0.05505617691729814
1109.0,0.05404608194676308
1110.0,0.05311152307742817
1111.0,0.05255407958392999
1112.0,0.05251710831295811
1113.0,0.052849962281559526
1114.0,0.053235911152337195
1115.0,0.05343575769014833
1116.0,0.05338671231852374
1117.0,0.05316908224406493
1118.0,0.05288916391001593
1119.0,0.052573302578188055
1120.0,0.05222648456452883
1121.0,0.05188420295420623
1122.0,0.051579294872939115
1123.0,0.05131931622608219
1124.0,0.05109546510277516
1125.0,0.0509146094943316
1126.0,0.0508426812448612
1127.0,0.05095326265889376
1128.0,0.05121199944381348
1129.0,0.05147538216482489
1130.0,0.05159721461943963
1131.0,0.05152012396291815
1132.0,0.05128700968836656
1133.0,0.0509897509145524
1134.0,0.05068830925719621
1135.0,0.050391099364050056
1136.0,0.05009129791909206
1137.0,0.04977763015519577
1138.0,0.04943723845828704
1139.0,0.04907192283290557
1140.0,0.04870275857961478
1141.0,0.04832392643983733
1142.0,0.047883262719809236
1143.0,0.047388407349305293
1144.0,0.046955158253754875
1145.0,0.04666238905510128
1146.0,0.0464525071896031
1147.0,0.0462198600780705
1148.0,0.045933109461070154
1149.0,0.04570207223241427
1150.0,0.04567381045709802
1151.0,0.04575192932670902
1152.0,0.045670686144848614
1153.0,0.045473736197908364
1154.0,0.045498762767201384
1155.0,0.04583220368428531
1156.0,0.046224507707061574
1157.0,0.04649977858859107
1158.0,0.04668027714193279
1159.0,0.04680806734597065
1160.0,0.046874347828486804
1161.0,0.04684373403661386
1162.0,0.04671555558653391
1163.0,0.046570753011071976
1164.0,0.04651931194269561
1165.0,0.04661616594091234
1166.0,0.04683528675967892
1167.0,0.047104894296651524
1168.0,0.04735558560943595
1169.0,0.04756228342091954
1170.0,0.047747156175525586
1171.0,0.04795186496967875
1172.0,0.04822025427807863
1173.0,0.048568796930491466
1174.0,0.048939407461409304
1175.0,0.04921692710235122
1176.0,0.04931238339339896
1177.0,0.0492316660166772
1178.0,0.04907821501245013
1179.0,0.0489829399412051
1180.0,0.049012901524285876
1181.0,0.04915357619803828
1182.0,0.049389897847495125
1183.0,0.049734486454146354
1184.0,0.05018810648600127
1185.0,0.05072134211000617
1186.0,0.051283063602971926
1187.0,0.05182874988728162
1188.0,0.05234665332369268
1189.0,0.05282326383861115
1190.0,0.053195161124919836
1191.0,0.053402070044144205
1192.0,0.053456397789648766
1193.0,0.053444527889615824
1194.0,0.05347202442817925
1195.0,0.05359779212747501
1196.0,0.05380240397958321
1197.0,0.05401131130630454
1198.0,0.05415510061844959
1199.0,0.05421020533209096
1200.0,0.054205890890619494
1201.0,0.05419100102870221
1202.0,0.05419526929554887
1203.0,0.054231337266640804
1204.0,0.05429597978499812
1205.0,0.0543571342739223
1206.0,0.05437950003787843
1207.0,0.05437628277472999
1208.0,0.05440785863126818
1209.0,0.054525520872011936
1210.0,0.05474262583757704
1211.0,0.05505193097631285
1212.0,0.05545940201949906
1213.0,0.0560130154450908
1214.0,0.056749751018638724
1215.0,0.05762289129871205
1216.0,0.05852651141531068
1217.0,0.059375309308790085
1218.0,0.06016184625645833
1219.0,0.06095233645125378
1220.0,0.061782241471269116
1221.0,0.06257878193777264
1222.0,0.06331540339096095
1223.0,0.06414243479953771
1224.0,0.06529023994881414
1225.0,0.0669015203802941
1226.0,0.0689292981696502
1227.0,0.07116244592910945
1228.0,0.073331731708451
1229.0,0.07529029687968324
1230.0,0.0771629624460154
1231.0,0.07930838793320114
1232.0,0.08215328867401897
1233.0,0.0858645796466781
1234.0,0.0900558027482653
1235.0,0.09406058805527201
1236.0,0.09760954425047268
1237.0,0.10083362029749453
1238.0,0.10360206875936916
1239.0,0.10551870542873588
1240.0,0.1064317365797832
1241.0,0.10643366429177362
1242.0,0.10551625295457741
1243.0,0.10358392116157336
1244.0,0.100641967412508
1245.0,0.09690825222951654
1246.0,0.09277348059110133
1247.0,0.08857950157801854
1248.0,0.08444027118381645
1249.0,0.08041305736805957
1250.0,0.07669905372470352
1251.0,0.07346735883360644
1252.0,0.07070100127742399
1253.0,0.06831351695547924
1254.0,0.0662804093321744
1255.0,0.06457558966127917
1256.0,0.06314983341085173
1257.0,0.06203933452090743
1258.0,0.061346797596942754
1259.0,0.0610564665566386
1260.0,0.0609704131583516
1261.0,0.06082167663551336
1262.0,0.06044611231153024
1263.0,0.05988400461170774
1264.0,0.05930689751874403
1265.0,0.05882094623669594
1266.0,0.058420420063972966
1267.0,0.0580984431093311
1268.0,0.05792630342545735
1269.0,0.05806591474535
1270.0,0.0585881462879806
1271.0,0.05930699298841077
1272.0,0.05991650852921787
1273.0,0.0602412094695961
1274.0,0.060304622155462666
1275.0,0.06023687565037163
1276.0,0.06014019503097294
1277.0,0.06000144601570449
1278.0,0.0598223939049652
1279.0,0.05973071787870483
1280.0,0.059902626722783084
1281.0,0.06042302587404573
1282.0,0.06115039349149902
1283.0,0.06176972189666388
1284.0,0.06202846146802059
1285.0,0.06191261799430295
1286.0,0.06160447792000332
1287.0,0.06132639199401433
1288.0,0.0612002130673638
1289.0,0.061204637617572125
1290.0,0.06128126016658393
1291.0,0.061400380277579
1292.0,0.06154180288120498
1293.0,0.061712167152552865
1294.0,0.06196888141492507
1295.0,0.06236808739317755
1296.0,0.06289683062252953
1297.0,0.06344677912713782
1298.0,0.06385257294418477
1299.0,0.06401095861165254
1300.0,0.06396194117559946
1301.0,0.06381536142705471
1302.0,0.06362591632282527
1303.0,0.0634040443948023
1304.0,0.0631714174702895
1305.0,0.06298956103785319
1306.0,0.06294479594744407
1307.0,0.06306207324899553
1308.0,0.06325900856943448
1309.0,0.06337351222421153
1310.0,0.06326895108711317
1311.0,0.0629572708083109
1312.0,0.06261326766370023
1313.0,0.06247135894325414
1314.0,0.06265967332320307
1315.0,0.06309685307003929
1316.0,0.06354783379132481
1317.0,0.06379465840803375
1318.0,0.06378672761893592
1319.0,0.0636521081967243
1320.0,0.06358397381762769
1321.0,0.06368533135079918
1322.0,0.06392816488910968
1323.0,0.0642385193251244
1324.0,0.06457974958625144
1325.0,0.06499214331534049
1326.0,0.06545884978650346
1327.0,0.06578965393652524
1328.0,0.0659120198991557
1329.0,0.0660956468918775
1330.0,0.06647910377453065
1331.0,0.06672175020674116
1332.0,0.06665753288520718
1333.0,0.06672258381416568
1334.0,0.06718962610982455
1335.0,0.06767717110323569
1336.0,0.06780164019752989
1337.0,0.06766183870217957
1338.0,0.06750345048509523
1339.0,0.06741443074208589
1340.0,0.06738601137968427
1341.0,0.06740793828763109
1342.0,0.06753951328754998
1343.0,0.0678623396211877
1344.0,0.06833870748596192
1345.0,0.06878511860033396
1346.0,0.06896517895024289
1347.0,0.06876966737623777
1348.0,0.06833180713967608
1349.0,0.06793940028603228
1350.0,0.06782721387714696
1351.0,0.06802660506324516
1352.0,0.06837529414965406
1353.0,0.06865196718598081
1354.0,0.0687425604011008
1355.0,0.06867630654425419
1356.0,0.06854899255854521
1357.0,0.06844583901373033
1358.0,0.06838566142108185
1359.0,0.06835164282962228
1360.0,0.06834129361935844
1361.0,0.06835624480115349
1362.0,0.06839270044476697
1363.0,0.06845591505158974
1364.0,0.06856352488180167
1365.0,0.06873147083326676
1366.0,0.06894828406155552
1367.0,0.06914411609803742
1368.0,0.06922628163807729
1369.0,0.0691585255062856
1370.0,0.06900974143821992
1371.0,0.06894129963145013
1372.0,0.06909348389325104
1373.0,0.06946799113903893
1374.0,0.06989565461994729
1375.0,0.07011265102222247
1376.0,0.06996114056175823
1377.0,0.06953246696507796
1378.0,0.06914334542126019
1379.0,0.06915799488909925
1380.0,0.06967901656180195
1381.0,0.07040726554812608
1382.0,0.07082918481867898
1383.0,0.07056897243330351
1384.0,0.06968770956559808
1385.0,0.06866461305784145
1386.0,0.06803365925492391
1387.0,0.06799422995900854
1388.0,0.06836974562151214
1389.0,0.06881861537140035
1390.0,0.06908068576305605
1391.0,0.06913276637233542
1392.0,0.06907283064038224
1393.0,0.06897535834452058
1394.0,0.06887311525609925
1395.0,0.06877134112485225
1396.0,0.06869948469592242
1397.0,0.06870969719938118
1398.0,0.06881995098990284
1399.0,0.06899558171307811
1400.0,0.06917899628006238
1401.0,0.06932392445201978
1402.0,0.06940933216956172
1403.0,0.06947623185907148
1404.0,0.06964177609479036
1405.0,0.06999462672624157
1406.0,0.07048935012864685
1407.0,0.07087552525934693
1408.0,0.07076593390303049
1409.0,0.07001852254186228
1410.0,0.06897405620410876
1411.0,0.06824673843227361
1412.0,0.06829580520257886
1413.0,0.06907600316620695
1414.0,0.07007723324254683
1415.0,0.07083284033654066
1416.0,0.07130456085629258
1417.0,0.07160690123846085
1418.0,0.07172036047525583
1419.0,0.07154934593090095
1420.0,0.07106119971658498
1421.0,0.07044090373765005
1422.0,0.07000967213199148
1423.0,0.06993387375345103
1424.0,0.07014669389824117
1425.0,0.07056124321385389
1426.0,0.0711592452821844
1427.0,0.07191321732243994
1428.0,0.07273399472347167
1429.0,0.0734627894344427
1430.0,0.07397181268398467
1431.0,0.07426937572377083
1432.0,0.07450738487084764
1433.0,0.07488779394922579
1434.0,0.07549573736025977
1435.0,0.07621084931449301
1436.0,0.07677978908200524
1437.0,0.07698803266775604
1438.0,0.07681771836127825
1439.0,0.0764577017088086
1440.0,0.07611921722705492
1441.0,0.07585884033926943
1442.0,0.07564440383340583
1443.0,0.07546345961728843
1444.0,0.07532822850677577
1445.0,0.07525406750862734
1446.0,0.07521521028258518
1447.0,0.07514771193059028
1448.0,0.07501208397395732
1449.0,0.07482059823116938
1450.0,0.07460062591251514
1451.0,0.07436426431079153
1452.0,0.0741016397841784
1453.0,0.07383916190564546
1454.0,0.0737224604975135
1455.0,0.07390145787972155
1456.0,0.07434482488113084
1457.0,0.07482015236717789
1458.0,0.07503110875501495
1459.0,0.07483064830972136
1460.0,0.07433148702428918
1461.0,0.07381560415513061
1462.0,0.0735205686478958
1463.0,0.07345054042398569
1464.0,0.07337223243881139
1465.0,0.07313659662581552
1466.0,0.0728963838030891
1467.0,0.07267588663788278
1468.0,0.07214325436249691
1469.0,0.07131549390789127
1470.0,0.07081075922508724
1471.0,0.07090668507648416
1472.0,0.07109630485354415
1473.0,0.07086556688033814
1474.0,0.0702593112034872
1475.0,0.06963232927473281
1476.0,0.06929554481555324
1477.0,0.06935503387950032
1478.0,0.06966340698901095
1479.0,0.06993723872287459
1480.0,0.06996420949116762
1481.0,0.06973743317377658
1482.0,0.06941571639696349
1483.0,0.06914149223946411
1484.0,0.06895903856010357
1485.0,0.06885452671305341
1486.0,0.06881423937137213
1487.0,0.06887377355843745
1488.0,0.06905030368236677
1489.0,0.06926657589441473
1490.0,0.06940132797297877
1491.0,0.06938284603368451
1492.0,0.06924469535237397
1493.0,0.06910350957979033
1494.0,0.06906799531811667
1495.0,0.06915934523979539
1496.0,0.06932881430914546
1497.0,0.06951799414695814
1498.0,0.06969847389975069
1499.0,0.06986853334687154
1500.0,0.06997424716756741
1501.0,0.06991424369887562
1502.0,0.06965481549475139
1503.0,0.06929406133696235
1504.0,0.06903440836111614
1505.0,0.06904415166260171
1506.0,0.06931577712859428
1507.0,0.069657184686082
1508.0,0.06981649639475122
1509.0,0.06967255268486902
1510.0,0.06933666799331453
1511.0,0.06906033757522957
1512.0,0.06903261879486994
1513.0,0.0692574480627555
1514.0,0.06958287855137843
1515.0,0.069825632881219
1516.0,0.06990838044206611
1517.0,0.06988445201220868
1518.0,0.06986301940441104
1519.0,0.06993759016087595
1520.0,0.07012700853382335
1521.0,0.07033728220773208
1522.0,0.07041270009469221
1523.0,0.07026765081320681
1524.0,0.06997263668125082
1525.0,0.06973237961033805
1526.0,0.0697488305162747
1527.0,0.07005620752594358
1528.0,0.07048949773039437
1529.0,0.07082380635691407
1530.0,0.07093747009145665
1531.0,0.0708597487842415
1532.0,0.07072771426552552
1533.0,0.07068414258254016
1534.0,0.07076728275932874
1535.0,0.07087699912959522
1536.0,0.07090410470343575
1537.0,0.07091321097043694
1538.0,0.07100694642177319
1539.0,0.0710613673613856
1540.0,0.0709478555248268
1541.0,0.07087154196313943
1542.0,0.07106452047139176
1543.0,0.07137078710794224
1544.0,0.07150166994847504
1545.0,0.07143624601010565
1546.0,0.07134165636740493
1547.0,0.07133954198600777
1548.0,0.07144998485957649
1549.0,0.07161711320460942
1550.0,0.07177533720149679
1551.0,0.07190511610218255
1552.0,0.07199472530617507
1553.0,0.07202270991739193
1554.0,0.07201186588459987
1555.0,0.07202453743216576
1556.0,0.07208319882292855
1557.0,0.072146933289735
1558.0,0.07217006791987682
1559.0,0.0721524551021875
1560.0,0.07214690062330754
1561.0,0.07220373637242951
1562.0,0.07229322234811383
1563.0,0.07234869077056898
1564.0,0.07237886999303923
1565.0,0.07244665504150649
1566.0,0.07257063675916833
1567.0,0.07269069711440158
1568.0,0.07270208149330498
1569.0,0.07255477400077608
1570.0,0.0723211689671434
1571.0,0.07216776493235007
1572.0,0.07225125090358936
1573.0,0.07256317441878629
1574.0,0.07289447884712139
1575.0,0.07299322705677258
1576.0,0.07275381216736217
1577.0,0.07227123062067466
1578.0,0.07174856340070854
1579.0,0.07131724685811736
1580.0,0.07097323263575345
1581.0,0.0707796043945715
1582.0,0.07091256521073824
1583.0,0.07144410201958572
1584.0,0.07222427180832769
1585.0,0.07294617413964331
1586.0,0.07335175079572508
1587.0,0.07342273817646021
1588.0,0.0733549725182623
1589.0,0.07333684619160191
1590.0,0.07342582599174519
1591.0,0.07358827194106032
1592.0,0.07376281255541665
1593.0,0.07392535298132812
1594.0,0.0740817151194403
1595.0,0.07421916128103577
1596.0,0.07431631154080845
1597.0,0.07437483285455503
1598.0,0.07439447037430208
1599.0,0.0
