0.0,0.0
1.0,0.0
2.0,0.0
3.0,0.0
4.0,0.0
5.0,0.0
6.0,0.0
7.0,0.0
8.0,0.0
9.0,0.0
10.0,0.0
11.0,0.0
12.0,0.0
13.0,0.0
14.0,0.0
15.0,0.0
16.0,0.0
17.0,0.0
18.0,0.0
19.0,0.0
20.0,0.0
21.0,0.0
22.0,0.0
23.0,0.0
24.0,0.0
25.0,0.0
26.0,0.0
27.0,0.0
28.0,0.0
29.0,0.0
30.0,0.0
31.0,0.0
32.0,0.0
33.0,0.0
34.0,0.0
35.0,0.0
36.0,0.0
37.0,0.0
38.0,0.0
39.0,0.0
40.0,0.0
41.0,0.0
42.0,0.0
43.0,0.0
44.0,0.0
45.0,0.0
46.0,0.0
47.0,0.0
48.0,0.0
49.0,0.0
50.0,0.0
51.0,0.0
52.0,0.0
53.0,0.0
54.0,0.0
55.0,0.0
56.0,0.0
57.0,0.0
58.0,0.0
59.0,0.0
60.0,0.0
61.0,0.0
62.0,0.0
63.0,0.0
64.0,0.0
65.0,0.0
66.0,0.0
67.0,0.0
68.0,0.0
69.0,0.0
70.0,0.0
71.0,0.0
72.0,0.0
73.0,0.0
74.0,0.0
75.0,0.0
76.0,0.0
77.0,0.0
78.0,0.0
79.0,0.0
80.0,0.0
81.0,0.0
82.0,0.0
83.0,0.0
84.0,0.04229865118073062
85.0,0.08800289098416914
86.0,0.13698231538594763
87.0,0.18970946469545735
88.0,0.2464455303405716
89.0,0.30714875619157045
90.0,0.3728966047542588
91.0,0.44808403185494994
92.0,0.5294338095714339
93.0,0.5946049616324558
94.0,0.6244069633360875
95.0,0.6297465004734347
96.0,0.6345665992861477
97.0,0.6443101780352557
98.0,0.6513580812941404
99.0,0.6535773141899738
100.0,0.6533690229770693
101.0,0.6518944147816969
102.0,0.6492232740694078
103.0,0.645453501333132
104.0,0.6407157612444038
105.0,0.6351551453667234
106.0,0.629063280558487
107.0,0.6227802014118395
108.0,0.6162286494852209
109.0,0.6090409835607771
110.0,0.6014651660088159
111.0,0.5943369494121259
112.0,0.5879060366929658
113.0,0.5817120517860684
114.0,0.5756735158190625
115.0,0.5703183357003321
116.0,0.5660849570207351
117.0,0.5630308951187073
118.0,0.5610408771239304
119.0,0.5598965869717498
120.0,0.5592898915517491
121.0,0.5589612037663146
122.0,0.5588108695917888
123.0,0.5588197768198715
124.0,0.5588923965578191
125.0,0.5587853897021469
126.0,0.5581702715773097
127.0,0.5569502928538972
128.0,0.5554054727963228
129.0,0.5538429689015846
130.0,0.5522737783467987
131.0,0.550610039476674
132.0,0.5488969906173973
133.0,0.5472742564597811
134.0,0.5458761459313058
135.0,0.5447614889846959
136.0,0.5439005688646755
137.0,0.54320799704526
138.0,0.5427660554026247
139.0,0.5431821738285865
140.0,0.5451073555413979
141.0,0.5482430165975348
142.0,0.5513471940630943
143.0,0.5531634887746943
144.0,0.5531379389099442
145.0,0.5514243376153306
146.0,0.548843276537993
147.0,0.5466040638575247
148.0,0.5457159822355564
149.0,0.5465758422827256
150.0,0.5487760563346512
151.0,0.5514105392111086
152.0,0.5533920399852756
153.0,0.5538479347671714
154.0,0.5527349638141645
155.0,0.5508909830842802
156.0,0.5493456249614642
157.0,0.5485642234993762
158.0,0.548510154876335
159.0,0.548954461407293
160.0,0.5494977934567623
161.0,0.5497341656753679
162.0,0.5494400839832903
163.0,0.5486733687171933
164.0,0.5477092894455191
165.0,0.5469420069307694
166.0,0.5469206768699354
167.0,0.5480032178136408
168.0,0.549885573162828
169.0,0.5517523159861594
170.0,0.5528946915059426
171.0,0.5531084021345452
172.0,0.5525966173232477
173.0,0.551846151399816
174.0,0.5514431941847922
175.0,0.5517702232537862
176.0,0.5528539440920345
177.0,0.554367330198914
178.0,0.5558393074936702
179.0,0.5566867479440073
180.0,0.5563112431342802
181.0,0.5546967695603252
182.0,0.5526363058469701
183.0,0.5512441666341021
184.0,0.5512258848611323
185.0,0.5525214175351844
186.0,0.5544247589022612
187.0,0.5559295960727385
188.0,0.5562931031585259
189.0,0.5553358388957088
190.0,0.5534467702001346
191.0,0.5513333045828338
192.0,0.5497067813295844
193.0,0.5492953804131537
194.0,0.5504290125099072
195.0,0.5525187905500613
196.0,0.554262329901453
197.0,0.5543414590313808
198.0,0.5523219251467073
199.0,0.5489933937111255
200.0,0.5457751295262487
201.0,0.5436721923702174
202.0,0.5428897572957945
203.0,0.5431877455690518
204.0,0.5441114019094433
205.0,0.5452360399811512
206.0,0.546353233953588
207.0,0.54747564630909
208.0,0.5486371137442686
209.0,0.5497068766104429
210.0,0.5505451707785353
211.0,0.5511583047009032
212.0,0.5516221368786477
213.0,0.551956106051603
214.0,0.5520563322372452
215.0,0.5517648494709726
216.0,0.5510870468997543
217.0,0.5502370122277311
218.0,0.549427214963835
219.0,0.5487335746594021
220.0,0.5481708404024153
221.0,0.5477568127388478
222.0,0.5475172267413885
223.0,0.5475193008067746
224.0,0.5479092185516847
225.0,0.5487541479541251
226.0,0.5498438277469644
227.0,0.5509389837856047
228.0,0.552163374899798
229.0,0.5537384237670095
230.0,0.5555047052648873
231.0,0.5569459735969018
232.0,0.557531060408644
233.0,0.557052027859547
234.0,0.5557285144530769
235.0,0.5540434603163007
236.0,0.5524160527991215
237.0,0.5510559758263676
238.0,0.5499747644763918
239.0,0.5491133977306799
240.0,0.548497162796836
241.0,0.5482610447364391
242.0,0.5485447045949884
243.0,0.5492745459035242
244.0,0.5501318428093979
245.0,0.5507515031535294
246.0,0.5509470464445853
247.0,0.5507696308444132
248.0,0.5504776887183781
249.0,0.5504464518589894
250.0,0.5509780096347299
251.0,0.5521911292850571
252.0,0.5538656810232565
253.0,0.5554228133596602
254.0,0.5561185564448434
255.0,0.5552986643557286
256.0,0.5529910055922069
257.0,0.5501466313258129
258.0,0.548149690231826
259.0,0.5480138088572147
260.0,0.5497542147493831
261.0,0.5524390299159816
262.0,0.5546220285199728
263.0,0.5551190565973826
264.0,0.5536619011482287
265.0,0.5509442999931884
266.0,0.548142024090181
267.0,0.5461857862668839
268.0,0.5455928222961083
269.0,0.5463997914594102
270.0,0.5480156915196491
271.0,0.5495635806921118
272.0,0.5504436256079281
273.0,0.5506387642833133
274.0,0.550467871021852
275.0,0.5502725119047358
276.0,0.5502904071916619
277.0,0.5505803363713997
278.0,0.5510916226216436
279.0,0.5517240569493103
280.0,0.5523596628842
281.0,0.5529241685350331
282.0,0.5534153851866463
283.0,0.553926566877875
284.0,0.5546197072450169
285.0,0.555644910293451
286.0,0.5570663740674919
287.0,0.5587711937398356
288.0,0.5604996092351204
289.0,0.5620788502129224
290.0,0.5635709605185483
291.0,0.5650346224304467
292.0,0.566310309229553
293.0,0.5671363462565128
294.0,0.5673485041883359
295.0,0.567014055675695
296.0,0.5663301320678548
297.0,0.5652546438038152
298.0,0.5634712352548357
299.0,0.560813329535657
300.0,0.5576197636347975
301.0,0.554782405379883
302.0,0.553325550339829
303.0,0.5538763015535085
304.0,0.5562504824799831
305.0,0.5595142028591258
306.0,0.5624708525392954
307.0,0.5642050880655702
308.0,0.5645869091467269
309.0,0.5642597495122738
310.0,0.5640768906151021
311.0,0.5644226260789944
312.0,0.5651979241560303
313.0,0.566249256571939
314.0,0.5676643919594858
315.0,0.5698249763687984
316.0,0.5729890457465262
317.0,0.5769228276974199
318.0,0.5809067350323462
319.0,0.5840891557820909
320.0,0.5858828264741202
321.0,0.5862028652152921
322.0,0.585428397949249
323.0,0.5839695698742345
324.0,0.5816481266204374
325.0,0.5778795974266164
326.0,0.5728363916068547
327.0,0.567632575413324
328.0,0.5632487531371526
329.0,0.5598909788547695
330.0,0.5572935106849841
331.0,0.5550699105169786
332.0,0.5529208993956145
333.0,0.5507506148835376
334.0,0.5485818326150389
335.0,0.546452679625674
336.0,0.5443375162870355
337.0,0.5421374263897851
338.0,0.5397379431436392
339.0,0.5371719682582604
340.0,0.534700305555626
341.0,0.5327011383311641
342.0,0.5314629658883907
343.0,0.5309630582389656
344.0,0.5308854547274557
345.0,0.531008666309348
346.0,0.5314542665734131
347.0,0.5323312187719638
348.0,0.5334351802939599
349.0,0.5343726021053457
350.0,0.5348226909979379
351.0,0.5347178093067051
352.0,0.534282418743771
353.0,0.5339143828187661
354.0,0.5339954301295525
355.0,0.5348335286621025
356.0,0.5364744565793231
357.0,0.5385172482592098
358.0,0.5404081029276456
359.0,0.5419586611723987
360.0,0.5433435746235572
361.0,0.544669571091128
362.0,0.5456868365475093
363.0,0.5457964049066621
364.0,0.5446559052456311
365.0,0.5427188457911429
366.0,0.5409872527860466
367.0,0.5403283655567587
368.0,0.5410509272528802
369.0,0.5429010443169703
370.0,0.5452592753362717
371.0,0.5475430397643541
372.0,0.5493928177752516
373.0,0.5507222243047393
374.0,0.5517233494349388
375.0,0.5527098595383007
376.0,0.5539859235586378
377.0,0.5556914711513882
378.0,0.5577205624647488
379.0,0.5598015532872131
380.0,0.5616602640618794
381.0,0.5631940559801798
382.0,0.564513395959509
383.0,0.565839394973486
384.0,0.5673316209761362
385.0,0.569021393683395
386.0,0.5709015022134094
387.0,0.5729701114467622
388.0,0.5752244422010143
389.0,0.5776712357646463
390.0,0.5803346844115537
391.0,0.5832098857122796
392.0,0.586226065915362
393.0,0.5895214754115843
394.0,0.5935978822120813
395.0,0.5985084875055979
396.0,0.6033104003933034
397.0,0.6069588684743094
398.0,0.6092621501204645
399.0,0.6105547095164863
400.0,0.6110079821268148
401.0,0.6103604845315164
402.0,0.6081039620127204
403.0,0.6042396988074697
404.0,0.5995042219951048
405.0,0.5946506164278439
406.0,0.5899373675243559
407.0,0.5853906464335664
408.0,0.5810612405777055
409.0,0.5770559611589648
410.0,0.5735130113655341
411.0,0.5705133955146904
412.0,0.5680734543566456
413.0,0.5662118613087174
414.0,0.5650343341343389
415.0,0.5647819880167352
416.0,0.5655066831396071
417.0,0.5667486627651617
418.0,0.5679358766598815
419.0,0.5689718469899512
420.0,0.5700067466348244
421.0,0.5709264145564417
422.0,0.5714541502348589
423.0,0.571436958719441
424.0,0.5708873574742428
425.0,0.5698805108556124
426.0,0.5683738743755866
427.0,0.566147551597439
428.0,0.5630075875197087
429.0,0.5590329845022051
430.0,0.554777153785776
431.0,0.5510511151292
432.0,0.5483614917089182
433.0,0.5466602869542886
434.0,0.5456857904317751
435.0,0.5453270013646587
436.0,0.5457149596195432
437.0,0.5469934280836974
438.0,0.5488801752513176
439.0,0.5509500374642273
440.0,0.5533845500550353
441.0,0.5566096892920624
442.0,0.5603437529417841
443.0,0.563607978060862
444.0,0.5654369283439782
445.0,0.5654241778005542
446.0,0.5638035411909491
447.0,0.5613821126307956
448.0,0.5591546606557337
449.0,0.5578273363079183
450.0,0.5575292156956041
451.0,0.5575923782741256
452.0,0.5568472718647219
453.0,0.5541531925832391
454.0,0.5490382843138992
455.0,0.5423301888279273
456.0,0.5358750517594401
457.0,0.5315903985412817
458.0,0.5303583417946525
459.0,0.5315561731303511
460.0,0.5336477820609022
461.0,0.535388786874706
462.0,0.536524160139005
463.0,0.5372527744516266
464.0,0.5378011577531173
465.0,0.5384206258520667
466.0,0.5392669377249892
467.0,0.5403247996081738
468.0,0.5414312127000586
469.0,0.5423867690069983
470.0,0.5430643594961038
471.0,0.5434434451228998
472.0,0.543566047187878
473.0,0.543447710738153
474.0,0.5430335011593099
475.0,0.5422226175444027
476.0,0.5410616624584554
477.0,0.5398433982157684
478.0,0.5388979147770638
479.0,0.5383535932188155
480.0,0.5381260866237091
481.0,0.5380759438166423
482.0,0.5382473837747628
483.0,0.5388815493594861
484.0,0.5400067311284973
485.0,0.5412682114742469
486.0,0.5422440917813635
487.0,0.54273679232452
488.0,0.5427631859156948
489.0,0.5424297944751397
490.0,0.5417801259954248
491.0,0.5407682851706818
492.0,0.5393838707039084
493.0,0.5377784880113969
494.0,0.5363016319816826
495.0,0.5353696761384301
496.0,0.5352901608296472
497.0,0.5360236559987359
498.0,0.5371363402473404
499.0,0.5379086503207926
500.0,0.5375945258483756
501.0,0.53603744357855
502.0,0.5339391240019672
503.0,0.5324749631597683
504.0,0.5325569323582133
505.0,0.5342135597687705
506.0,0.536583034345871
507.0,0.5384490963005978
508.0,0.5390088509720651
509.0,0.5382005217610774
510.0,0.5365744048975642
511.0,0.5349468528729311
512.0,0.533904188018482
513.0,0.5336282104630795
514.0,0.5339304386430266
515.0,0.5344407402429059
516.0,0.5348589677905469
517.0,0.5350271814411401
518.0,0.5349569856474354
519.0,0.5347783400202466
520.0,0.5345925319571238
521.0,0.534340147775074
522.0,0.5339254740633088
523.0,0.5334586014047188
524.0,0.5332139331423844
525.0,0.5334118252765838
526.0,0.5340463782096125
527.0,0.5348826216570639
528.0,0.5357295084973659
529.0,0.536687750102123
530.0,0.5378986044532722
531.0,0.5392201219209523
532.0,0.540222549874573
533.0,0.5404284463420154
534.0,0.539683108733595
535.0,0.5383027474997616
536.0,0.536869429957892
537.0,0.5358719534322136
538.0,0.5355805702209085
539.0,0.53594782981533
540.0,0.5364448975352457
541.0,0.5364299858400816
542.0,0.5358910952927873
543.0,0.5354613986492773
544.0,0.5356140085391538
545.0,0.5361638993040405
546.0,0.5364114826456182
547.0,0.5359439068091059
548.0,0.5355071256114393
549.0,0.5360908858766923
550.0,0.5372310573054561
551.0,0.5376975984402618
552.0,0.537348922147864
553.0,0.536968151014107
554.0,0.5370217538280155
555.0,0.5374633534495878
556.0,0.5381064009012798
557.0,0.5388239993421142
558.0,0.5396427147634851
559.0,0.5406153123086559
560.0,0.5416599271839174
561.0,0.5425183065718637
562.0,0.5428569634092621
563.0,0.5424524805526539
564.0,0.541346880832096
565.0,0.5399289150644508
566.0,0.5387501580657043
567.0,0.5382106663379649
568.0,0.5383538954058934
569.0,0.5389463613336167
570.0,0.5397139247284932
571.0,0.5405465016895163
572.0,0.5415012431587506
573.0,0.5425760812038309
574.0,0.5436732549170176
575.0,0.5447520822644836
576.0,0.5458267798803714
577.0,0.5468564503228996
578.0,0.5478095720198626
579.0,0.5487839235438807
580.0,0.54987143802753
581.0,0.550975797613958
582.0,0.5518434907702613
583.0,0.5522273497840595
584.0,0.5520573961706056
585.0,0.5514781238376086
586.0,0.5506717808406272
587.0,0.5496743771975663
588.0,0.5484399114758325
589.0,0.5469984208717971
590.0,0.5456403886405193
591.0,0.5448664561776152
592.0,0.5450681540701363
593.0,0.5462332047186922
594.0,0.5478533925903759
595.0,0.5492204814992978
596.0,0.5498922101570954
597.0,0.5499103541293165
598.0,0.549558815999857
599.0,0.5490989513985727
600.0,0.5486894140604137
601.0,0.5483382373027654
602.0,0.5479570557777982
603.0,0.5474109625344439
604.0,0.5465451122089195
605.0,0.5453297261825032
606.0,0.5439592448458863
607.0,0.542564399276579
608.0,0.5409060717163015
609.0,0.538739257445678
610.0,0.536275367302177
611.0,0.534178223891592
612.0,0.5331988547944877
613.0,0.5336877529500574
614.0,0.5353669634460425
615.0,0.5374575642060241
616.0,0.5391477050274579
617.0,0.5399859764900734
618.0,0.5400570604630273
619.0,0.5398583579981062
620.0,0.5399381125281832
621.0,0.5406759480158584
622.0,0.5420675969394397
623.0,0.5436430154992697
624.0,0.544663517544846
625.0,0.5443734511957621
626.0,0.5425271581537368
627.0,0.5397650899921973
628.0,0.5372938754471301
629.0,0.5361625020830134
630.0,0.5366178355184523
631.0,0.5380567709474726
632.0,0.5395376904269034
633.0,0.5404869729438981
634.0,0.5408852922999411
635.0,0.5409540461244922
636.0,0.5410642688090199
637.0,0.541638035164835
638.0,0.5428833076139199
639.0,0.5446418141768271
640.0,0.5463028872901983
641.0,0.5470570140114759
642.0,0.5464411398824909
643.0,0.5447569847722679
644.0,0.5433901789171378
645.0,0.5439952198516385
646.0,0.5464446792796579
647.0,0.548732895469256
648.0,0.5497661167845929
649.0,0.5506080812751559
650.0,0.5526632723947966
651.0,0.5561008459204098
652.0,0.5597059761396128
653.0,0.562220641458097
654.0,0.5643233127547653
655.0,0.567776703945257
656.0,0.5726243241501096
657.0,0.5773310835431611
658.0,0.5810921024389328
659.0,0.5841952698978155
660.0,0.5869525654587606
661.0,0.5893006059897834
662.0,0.590904182371282
663.0,0.591676728464001
664.0,0.5921456439877926
665.0,0.5927492828233496
666.0,0.5931897837980492
667.0,0.5931736016926712
668.0,0.5931851294856315
669.0,0.5942982785503994
670.0,0.5974903441234114
671.0,0.602932293965348
672.0,0.6098571882003316
673.0,0.6171471434124431
674.0,0.6240660622502239
675.0,0.6303984521039427
676.0,0.6363733183370668
677.0,0.6424964842105193
678.0,0.6492131721624737
679.0,0.6567175162568774
680.0,0.6648385982861977
681.0,0.6730878434505909
682.0,0.6811088803696888
683.0,0.689197662290056
684.0,0.6975114233578066
685.0,0.7048599532669072
686.0,0.7093627285171037
687.0,0.7099730936135576
688.0,0.7069877659771564
689.0,0.7014391544503242
690.0,0.6937398810485869
691.0,0.6828707103084731
692.0,0.6684865058264782
693.0,0.652628232395216
694.0,0.6375538173665958
695.0,0.6235130332447489
696.0,0.6100159083199741
697.0,0.5974766204204767
698.0,0.5870099539689959
699.0,0.5795859232371828
700.0,0.5750747533343232
701.0,0.5721716010772727
702.0,0.5693859276449564
703.0,0.5659906884120465
704.0,0.5620301401253813
705.0,0.5580288807292855
706.0,0.5546601559042463
707.0,0.5523121929507966
708.0,0.5509446882099076
709.0,0.5501430247366553
710.0,0.5493627356698112
711.0,0.5482116014452567
712.0,0.5465505388295202
713.0,0.5446384507577144
714.0,0.543095101975525
715.0,0.5422804607317179
716.0,0.5417825319808314
717.0,0.5409622784378345
718.0,0.5397527236986496
719.0,0.5386077690414927
720.0,0.5379884779716024
721.0,0.5378083094915349
722.0,0.5373759402247372
723.0,0.5363507746705132
724.0,0.5352897804551664
725.0,0.5347476620834968
726.0,0.5345976470368419
727.0,0.5345877869992108
728.0,0.5347561471442244
729.0,0.5351282771119485
730.0,0.5355553374852916
731.0,0.5358676758009423
732.0,0.5360066836365596
733.0,0.536033577162482
734.0,0.5360812991474831
735.0,0.5362859586502853
736.0,0.5366920921996376
737.0,0.5372078992712295
738.0,0.5377464821516242
739.0,0.538419386704646
740.0,0.5393763485939483
741.0,0.5405257757045825
742.0,0.5414702054756286
743.0,0.541675950434463
744.0,0.540883558011047
745.0,0.539350960311916
746.0,0.5377115651357576
747.0,0.5365711017965313
748.0,0.5362133841165256
749.0,0.5365351834611326
750.0,0.5371906086399407
751.0,0.537869374909268
752.0,0.5383949257758668
753.0,0.5387397411074384
754.0,0.5389690134137827
755.0,0.5391521483241111
756.0,0.539353376210643
757.0,0.5396054355937299
758.0,0.5398825121823541
759.0,0.5401175044850406
760.0,0.5402450701736099
761.0,0.5402660152517079
762.0,0.5402828686803749
763.0,0.5404455453127226
764.0,0.5408570068825234
765.0,0.5414945782802971
766.0,0.5422102606611001
767.0,0.5429056608805702
768.0,0.5437062226135168
769.0,0.5447285787929528
770.0,0.54577874132307
771.0,0.546479978750855
772.0,0.5465777564611554
773.0,0.546112235955613
774.0,0.5453374566029793
775.0,0.5442182376239422
776.0,0.5422396634315654
777.0,0.5392481043352941
778.0,0.5360050438227376
779.0,0.5337880322040816
780.0,0.5335402980310561
781.0,0.5351630704467056
782.0,0.5375352757582621
783.0,0.5392328981211776
784.0,0.5394294412677211
785.0,0.5381901221460674
786.0,0.5363059443895017
787.0,0.5348217675073961
788.0,0.5344004807383573
789.0,0.5350724899950514
790.0,0.5362774282390926
791.0,0.5372127663263366
792.0,0.5373289886191118
793.0,0.5365803643340332
794.0,0.5353751787489816
795.0,0.5342261036656836
796.0,0.5334654253550388
797.0,0.533154405302771
798.0,0.5331387667841279
799.0,0.5332403054785744
800.0,0.5333544801711219
801.0,0.5334694586664576
802.0,0.533612141442179
803.0,0.5337678030349465
804.0,0.5338354208569421
805.0,0.5337010663928663
806.0,0.5335398222594804
807.0,0.5337634771208435
808.0,0.534365346795719
809.0,0.5347905671222944
810.0,0.5346793485470311
811.0,0.5342915560827819
812.0,0.5342208011419606
813.0,0.5347629237226141
814.0,0.5353131892498101
815.0,0.5350437496542849
816.0,0.5344053178096851
817.0,0.5346250115597264
818.0,0.5358144598733695
819.0,0.5370211812619964
820.0,0.5377078164705791
821.0,0.5380135462516686
822.0,0.5381250450932358
823.0,0.5380648659106742
824.0,0.5377428974700753
825.0,0.537120528718791
826.0,0.5363398681243645
827.0,0.5355523241930339
828.0,0.5347382376202848
829.0,0.5338603064961536
830.0,0.5330535002542264
831.0,0.5326890581737316
832.0,0.5331971025733548
833.0,0.5346227534715833
834.0,0.5364487201031978
835.0,0.5378146249484296
836.0,0.5380508994416467
837.0,0.5371461299084828
838.0,0.5357881211419648
839.0,0.5349795194878406
840.0,0.5353883211277539
841.0,0.5369670904760453
842.0,0.5390119573636588
843.0,0.5406245552050508
844.0,0.5412620705374114
845.0,0.5409417894781888
846.0,0.54008259209169
847.0,0.5390738152176624
848.0,0.5380808764376395
849.0,0.5371278455003075
850.0,0.5362481439835008
851.0,0.5356149805612589
852.0,0.5354153776447583
853.0,0.5356762783492026
854.0,0.5362446113568269
855.0,0.5369057479337811
856.0,0.5375826005331699
857.0,0.5383684441861544
858.0,0.5390359951977872
859.0,0.5389951016565904
860.0,0.5384751533511465
861.0,0.5385945294310709
862.0,0.5391697996562397
863.0,0.5385402950883034
864.0,0.5368314010671004
865.0,0.5363255863628912
866.0,0.5376946749460285
867.0,0.5390582942102509
868.0,0.5389045633391161
869.0,0.5374869762888284
870.0,0.5357545389092268
871.0,0.5345349378960935
872.0,0.5343417115590499
873.0,0.535133725601542
874.0,0.5363739767057001
875.0,0.5373949401000553
876.0,0.53780606606184
877.0,0.5376581302742043
878.0,0.5372686299921516
879.0,0.5370046028089804
880.0,0.5370756527999037
881.0,0.5374548244451707
882.0,0.5379717861627351
883.0,0.5384752012405847
884.0,0.5389518333710527
885.0,0.5394209053877439
886.0,0.5398064788130645
887.0,0.5399106067793309
888.0,0.5395324815245485
889.0,0.5387335327193031
890.0,0.5378641252919334
891.0,0.5372786930939994
892.0,0.5370912100055689
893.0,0.5371952147069611
894.0,0.5373796938855013
895.0,0.5374420691835675
896.0,0.5373061048507524
897.0,0.5370354225841156
898.0,0.5368075206654234
899.0,0.5368597530485117
900.0,0.5373157296357154
901.0,0.5380628212378323
902.0,0.5387842908319659
903.0,0.5391251860573649
904.0,0.5389441596078034
905.0,0.5384242612049474
906.0,0.5379959869286575
907.0,0.5380920896210759
908.0,0.538845710423574
909.0,0.5399979479002075
910.0,0.5410845571202765
911.0,0.541760575760153
912.0,0.5419687376716684
913.0,0.5419113408132055
914.0,0.5418879357181887
915.0,0.542073577673625
916.0,0.5424339346417097
917.0,0.5427870303704656
918.0,0.5429659149557313
919.0,0.5429418836569143
920.0,0.5427950687703151
921.0,0.5425887794937596
922.0,0.5422271575724555
923.0,0.5415162929642903
924.0,0.5403636290604201
925.0,0.5390088494706922
926.0,0.5381268417903086
927.0,0.5380952346968313
928.0,0.538163765520483
929.0,0.5375370660170771
930.0,0.5369489027305347
931.0,0.5373265532848899
932.0,0.5378108596423519
933.0,0.5372065985270875
934.0,0.5360361317350407
935.0,0.5354948980518472
936.0,0.5357615855809876
937.0,0.5362508716084678
938.0,0.5364443577396515
939.0,0.5360816830646608
940.0,0.5351968543726442
941.0,0.5341652650109365
942.0,0.5334925888840347
943.0,0.5334897412954238
944.0,0.534085972956994
945.0,0.5349339887669841
946.0,0.535710429290343
947.0,0.5364068479805474
948.0,0.5371395677999685
949.0,0.5374786275292858
950.0,0.5369516239142426
951.0,0.5364024377061577
952.0,0.5368913473437475
953.0,0.5372539148752942
954.0,0.5358397719856911
955.0,0.5340876763204334
956.0,0.5345368986161638
957.0,0.5366725156971685
958.0,0.5380309343293019
959.0,0.5375982990346577
960.0,0.5361080536614752
961.0,0.5346647171075842
962.0,0.5341549016296328
963.0,0.5349522770348094
964.0,0.5366958139082005
965.0,0.5385629833031034
966.0,0.5398213457827326
967.0,0.5402904237795715
968.0,0.5402750504408182
969.0,0.5402351428147001
970.0,0.5406195734140403
971.0,0.5415860609666514
972.0,0.5426929928300217
973.0,0.5432644358404344
974.0,0.5433031775550556
975.0,0.5434932362270499
976.0,0.5441897249127225
977.0,0.5450530384282075
978.0,0.5455492885448867
979.0,0.5455480496840404
980.0,0.5456360121358619
981.0,0.5463699164281106
982.0,0.5472243795377887
983.0,0.5473171121009214
984.0,0.5468036371159389
985.0,0.5465189271121217
986.0,0.5468371531771941
987.0,0.5475540464928825
988.0,0.5483240564312712
989.0,0.5488354751139308
990.0,0.5489207554345946
991.0,0.5487043709881098
992.0,0.5485544264785724
993.0,0.5488723366693321
994.0,0.5498393034609362
995.0,0.5512719797973452
996.0,0.5527660534368263
997.0,0.5540830914604508
998.0,0.5552665271226015
999.0,0.5562004350661075
1000.0,0.5565891419352539
1001.0,0.5565443410714516
1002.0,0.5565838190909601
1003.0,0.5570161311429978
1004.0,0.5576098784539725
1005.0,0.5577418455375047
1006.0,0.5571080445296765
1007.0,0.5564434559107967
1008.0,0.5566272263253239
1009.0,0.5571888644029185
1010.0,0.5570189825570782
1011.0,0.556045763058108
1012.0,0.5548882760258169
1013.0,0.5536472895445658
1014.0,0.5521735854418959
1015.0,0.5507363871657536
1016.0,0.5499117927979091
1017.0,0.5501527376506158
1018.0,0.5513181263338309
1019.0,0.5526458571720498
1020.0,0.5533275084559428
1021.0,0.553083499931116
1022.0,0.5521554779606508
1023.0,0.5509636708363693
1024.0,0.5497514113135944
1025.0,0.548464973290803
1026.0,0.5470964192212968
1027.0,0.5458499665159416
1028.0,0.5449409929575177
1029.0,0.5444279975701856
1030.0,0.5442114317125377
1031.0,0.5440445994494765
1032.0,0.5435358838427051
1033.0,0.5424716511242914
1034.0,0.5411419432034579
1035.0,0.5402937796059785
1036.0,0.540780145600991
1037.0,0.5428251832968094
1038.0,0.5456326603876315
1039.0,0.5479810422075131
1040.0,0.5491739572219879
1041.0,0.5493486020632821
1042.0,0.5491242344800352
1043.0,0.549066520440486
1044.0,0.5492633122535655
1045.0,0.5495394263934293
1046.0,0.549848176629085
1047.0,0.5503309068468248
1048.0,0.5511874283012194
1049.0,0.5523755640815761
1050.0,0.5535405895382252
1051.0,0.5543266821998799
1052.0,0.5546545736275659
1053.0,0.5547137131224329
1054.0,0.5547586311802624
1055.0,0.5548458206575171
1056.0,0.5548406228276846
1057.0,0.5547251277224712
1058.0,0.5547145508515026
1059.0,0.5551205758095538
1060.0,0.5560805150375712
1061.0,0.5573685545606741
1062.0,0.5585155304803076
1063.0,0.5591177658819395
1064.0,0.5591348524016249
1065.0,0.5589305682519407
1066.0,0.559094478234224
1067.0,0.56012552319191
1068.0,0.5619703779443108
1069.0,0.563934137319982
1070.0,0.5652501136148724
1071.0,0.5656834298693489
1072.0,0.5654098137194412
1073.0,0.5646074611899985
1074.0,0.5632742943381903
1075.0,0.5612615484297705
1076.0,0.5586685317438936
1077.0,0.5559598583388095
1078.0,0.5535342182342149
1079.0,0.5514467843240606
1080.0,0.5496204944555599
1081.0,0.5480061580627158
1082.0,0.5464968280760989
1083.0,0.5449817515398234
1084.0,0.5434975007773565
1085.0,0.5422171617459179
1086.0,0.5412950041203919
1087.0,0.5407696743002067
1088.0,0.5405851517226579
1089.0,0.5406939864323633
1090.0,0.5411701188097253
1091.0,0.5419845508540614
1092.0,0.5427502038725457
1093.0,0.5429778386213278
1094.0,0.5424734675888065
1095.0,0.5414134602463488
1096.0,0.5401346745526798
1097.0,0.5388920400246482
1098.0,0.5377158159628367
1099.0,0.5366034148011413
1100.0,0.5357049874966872
1101.0,0.5351610238880837
1102.0,0.5349469518212238
1103.0,0.5348978585051605
1104.0,0.5348283469772626
1105.0,0.5346401163054852
1106.0,0.5343643266088451
1107.0,0.5340933035056417
1108.0,0.53390457214886
1109.0,0.5338628979949886
1110.0,0.5339761156570426
1111.0,0.5341331612601071
1112.0,0.5341656340038079
1113.0,0.5339786548616483
1114.0,0.5335914705911038
1115.0,0.5330653157154368
1116.0,0.5324410399453747
1117.0,0.5317101143385226
1118.0,0.5309604737622915
1119.0,0.5305128241079625
1120.0,0.5307175571203258
1121.0,0.5316801593045687
1122.0,0.5331213064315273
1123.0,0.5345062436617879
1124.0,0.5353818652027508
1125.0,0.5356552146911023
1126.0,0.5355973454096004
1127.0,0.5355968470570298
1128.0,0.5359139559681226
1129.0,0.5365256011706105
1130.0,0.5371704479771484
1131.0,0.5375562784153958
1132.0,0.5375546637743771
1133.0,0.5372440288627995
1134.0,0.536716594287137
1135.0,0.5359708089952012
1136.0,0.5350137435691353
1137.0,0.5339550433447331
1138.0,0.5330407067175919
1139.0,0.5325161317952554
1140.0,0.5324248692875273
1141.0,0.5326481193741927
1142.0,0.5331344909431094
1143.0,0.533908892634698
1144.0,0.5349357566205659
1145.0,0.5359242154468402
1146.0,0.5362698357837002
1147.0,0.535553201098116
1148.0,0.5340013502748551
1149.0,0.5325191463383137
1150.0,0.5322241962918507
1151.0,0.53359978713961
1152.0,0.5360904674664143
1153.0,0.5385745403067626
1154.0,0.540212327770635
1155.0,0.5408216227334186
1156.0,0.5407803513608529
1157.0,0.540559647496658
1158.0,0.5403085086939514
1159.0,0.5400164634285533
1160.0,0.5396851550699049
1161.0,0.5392861730541046
1162.0,0.538800448292494
1163.0,0.5383305458519299
1164.0,0.5380382315498153
1165.0,0.5379418877418228
1166.0,0.5378898239759553
1167.0,0.5377117237718502
1168.0,0.5374160973282252
1169.0,0.5372959354350675
1170.0,0.5375395296017041
1171.0,0.5377509794647533
1172.0,0.537482055723775
1173.0,0.5370319939552377
1174.0,0.5369716653092929
1175.0,0.5372765463640367
1176.0,0.5375027985444397
1177.0,0.5373778977981163
1178.0,0.5369502689159706
1179.0,0.5364767712590939
1180.0,0.5363111928810728
1181.0,0.5367092083910694
1182.0,0.5375915764357061
1183.0,0.5385575167354241
1184.0,0.5391764931417552
1185.0,0.5392963073326887
1186.0,0.5390929614977416
1187.0,0.538946528751363
1188.0,0.5393218860590006
1189.0,0.5404202146852518
1190.0,0.5417747727951527
1191.0,0.5426408877570607
1192.0,0.5429520794852581
1193.0,0.5432949207040412
1194.0,0.5439525828298061
1195.0,0.5446536873748671
1196.0,0.5450551296662232
1197.0,0.5451284660645808
1198.0,0.5452579953979952
1199.0,0.5456960139864078
1200.0,0.5459757302577051
1201.0,0.5456046710371999
1202.0,0.5449687482581086
1203.0,0.5447294568094929
1204.0,0.544892658367673
1205.0,0.5450742043247119
1206.0,0.5451060426635219
1207.0,0.545087380122845
1208.0,0.545210199649278
1209.0,0.5455597436909558
1210.0,0.5460179988495317
1211.0,0.5464026182875505
1212.0,0.5466423081049708
1213.0,0.546833171925459
1214.0,0.5471537123109432
1215.0,0.547674871344897
1216.0,0.5483208564201849
1217.0,0.549058013853842
1218.0,0.5499464806992292
1219.0,0.5510081392940173
1220.0,0.5521357266180325
1221.0,0.5530951879323254
1222.0,0.5536833398116154
1223.0,0.5539077190490929
1224.0,0.5538922327461346
1225.0,0.5536293891274542
1226.0,0.5530742497811432
1227.0,0.5523662206112003
1228.0,0.5518030188409359
1229.0,0.5516682348321351
1230.0,0.5520183959056548
1231.0,0.5526394149561835
1232.0,0.5533847289873283
1233.0,0.554424409509313
1234.0,0.5558089568314799
1235.0,0.557129525095169
1236.0,0.5577764641847394
1237.0,0.5573834184487935
1238.0,0.5561421885215986
1239.0,0.5546960438742103
1240.0,0.5536599112786313
1241.0,0.5531998839990387
1242.0,0.5530639051430593
1243.0,0.5528199708711161
1244.0,0.5520686607277773
1245.0,0.5507106825961402
1246.0,0.5490520993476137
1247.0,0.5475888168970012
1248.0,0.5466441156230712
1249.0,0.546192867159806
1250.0,0.5459982251276577
1251.0,0.5458088933314941
1252.0,0.5455100763849944
1253.0,0.5451338730143687
1254.0,0.5447398977337122
1255.0,0.5443467705463615
1256.0,0.5439234471970008
1257.0,0.5435581162412146
1258.0,0.543538296393041
1259.0,0.5438882517914245
1260.0,0.5441122511749176
1261.0,0.5438419248488717
1262.0,0.543337535884424
1263.0,0.5430194082611352
1264.0,0.5429443456323375
1265.0,0.5428609668214139
1266.0,0.5424996618305709
1267.0,0.5418946478812199
1268.0,0.541373671615832
1269.0,0.5410999704970765
1270.0,0.5409073214421609
1271.0,0.5406375249761168
1272.0,0.5403380667327835
1273.0,0.5401674393664764
1274.0,0.5402422191758137
1275.0,0.5405228641446866
1276.0,0.5408880851040411
1277.0,0.5413290674253326
1278.0,0.5419140905866545
1279.0,0.542619444035343
1280.0,0.5432649990242094
1281.0,0.543575274281028
1282.0,0.5434154120096428
1283.0,0.542950634425082
1284.0,0.5424871758993832
1285.0,0.5422029434550241
1286.0,0.5421015907622743
1287.0,0.5421004706560238
1288.0,0.5420853204149132
1289.0,0.5419852556187608
1290.0,0.5418468789281732
1291.0,0.5418010300602155
1292.0,0.5418812121741661
1293.0,0.541983483452077
1294.0,0.5421281376281305
1295.0,0.5424813434234834
1296.0,0.5429689216899555
1297.0,0.5432834264780748
1298.0,0.543381990586054
1299.0,0.5435539253322326
1300.0,0.5439824002606855
1301.0,0.5445625345261014
1302.0,0.5450826834499535
1303.0,0.5453957371204652
1304.0,0.5454852935927744
1305.0,0.5454500495998124
1306.0,0.5454059362324855
1307.0,0.5454382360070281
1308.0,0.5456051954608727
1309.0,0.5458211972674933
1310.0,0.5458094495119452
1311.0,0.5453345123975433
1312.0,0.5444410743122411
1313.0,0.543580610635193
1314.0,0.5434185662197818
1315.0,0.5442486013119466
1316.0,0.545673338171161
1317.0,0.5468971542440495
1318.0,0.5473118702812744
1319.0,0.5468957511806972
1320.0,0.5461755075977324
1321.0,0.545743465642389
1322.0,0.5458061186882679
1323.0,0.5461990210230196
1324.0,0.5466392498956387
1325.0,0.5470426780707853
1326.0,0.5475289951515125
1327.0,0.5480708464253631
1328.0,0.5483712498198853
1329.0,0.5480158824343304
1330.0,0.546867650989589
1331.0,0.5453696147416472
1332.0,0.5442580551790073
1333.0,0.5439913783768878
1334.0,0.5444952868836233
1335.0,0.5453459660647564
1336.0,0.5460923034262867
1337.0,0.5465483417262115
1338.0,0.546781915468112
1339.0,0.5469086620065298
1340.0,0.5470549478676195
1341.0,0.5473216344021945
1342.0,0.5476090059640508
1343.0,0.5476025441844921
1344.0,0.5470265191039865
1345.0,0.5459276471657809
1346.0,0.5448848299084617
1347.0,0.5447198958761963
1348.0,0.545792321086821
1349.0,0.5476247196252864
1350.0,0.5491398283984533
1351.0,0.5494112766122425
1352.0,0.5483556565295118
1353.0,0.5468070707725472
1354.0,0.54591537563686
1355.0,0.5463298464810836
1356.0,0.5478162771667761
1357.0,0.5494844672366386
1358.0,0.5504671941130012
1359.0,0.5504813162337648
1360.0,0.5498778159025446
1361.0,0.5492741641794426
1362.0,0.5490227848558322
1363.0,0.5491017811115929
1364.0,0.5493527867065118
1365.0,0.5497302490869372
1366.0,0.5504055365161107
1367.0,0.5512583559556792
1368.0,0.5516314765975329
1369.0,0.5513112921364647
1370.0,0.5510061099757867
1371.0,0.5509006858583428
1372.0,0.5500517585621443
1373.0,0.5484068945021169
1374.0,0.5474545028198433
1375.0,0.5478351139066162
1376.0,0.5484056263414409
1377.0,0.5482070565147124
1378.0,0.5475405879350326
1379.0,0.5470469640818485
1380.0,0.5470014756414174
1381.0,0.5473358867305741
1382.0,0.5478671514035711
1383.0,0.548631101654041
1384.0,0.5497927384356769
1385.0,0.5512842843248466
1386.0,0.5525907122761922
1387.0,0.55282378319036
1388.0,0.5515114483114235
1389.0,0.5492443581572614
1390.0,0.5473680975392101
1391.0,0.5470868141862848
1392.0,0.5485692351500259
1393.0,0.5508043144215152
1394.0,0.5524209885245136
1395.0,0.552739053049598
1396.0,0.5520166842405313
1397.0,0.5510168032620535
1398.0,0.550333532320557
1399.0,0.5499612288332315
1400.0,0.5497187176678319
1401.0,0.5496521472383012
1402.0,0.5498944345100489
1403.0,0.5504594666355597
1404.0,0.5510990351320936
1405.0,0.5514401770666894
1406.0,0.5513398687343196
1407.0,0.5509778963916446
1408.0,0.5506030543505253
1409.0,0.5503299965052898
1410.0,0.5501158230684954
1411.0,0.5499447392163302
1412.0,0.5500773443190322
1413.0,0.5507915104864229
1414.0,0.5519558475626531
1415.0,0.5530479820888464
1416.0,0.5535042476003244
1417.0,0.5531460040156887
1418.0,0.5523303169383232
1419.0,0.5516296358978219
1420.0,0.5513597388130289
1421.0,0.5514750339263038
1422.0,0.5517440747218084
1423.0,0.5519955813751621
1424.0,0.5522539107438175
1425.0,0.552432690693776
1426.0,0.5522588945099716
1427.0,0.5519051486418418
1428.0,0.5519791256410265
1429.0,0.5523354879934874
1430.0,0.5520725950458836
1431.0,0.5513297390709461
1432.0,0.5513452455652993
1433.0,0.5522868670512768
1434.0,0.5529741748048579
1435.0,0.5528072991060302
1436.0,0.5522707362451528
1437.0,0.5517978708419342
1438.0,0.5513595713482183
1439.0,0.5508140715715882
1440.0,0.5502089730349109
1441.0,0.5499080557759319
1442.0,0.5502536126854445
1443.0,0.5511546407105388
1444.0,0.5521314887286295
1445.0,0.552678010833944
1446.0,0.552619783770802
1447.0,0.5522178210941244
1448.0,0.5519049888871369
1449.0,0.5519151136572167
1450.0,0.5522173522450821
1451.0,0.5526521254838727
1452.0,0.5531442613428883
1453.0,0.553778090705687
1454.0,0.554506038248453
1455.0,0.5550244051717573
1456.0,0.5550087735254636
1457.0,0.554375547824349
1458.0,0.5533787744947949
1459.0,0.5524351812904621
1460.0,0.5517831925561241
1461.0,0.5514431891333789
1462.0,0.5515632550358585
1463.0,0.5523537619209854
1464.0,0.5537243716020924
1465.0,0.5551528679038671
1466.0,0.5558397042253956
1467.0,0.5553220852085371
1468.0,0.5539640447958893
1469.0,0.5524960410051245
1470.0,0.551175848501335
1471.0,0.5500585336141063
1472.0,0.5495915367398028
1473.0,0.5498508931751199
1474.0,0.549967546118261
1475.0,0.5497722707230577
1476.0,0.5507557591637661
1477.0,0.5532579166236116
1478.0,0.5549449535323022
1479.0,0.5543373000325934
1480.0,0.5530436103422018
1481.0,0.5529876685129888
1482.0,0.554082329869022
1483.0,0.5551899372351069
1484.0,0.5554351929723785
1485.0,0.554588816497312
1486.0,0.553119361370107
1487.0,0.551850558922955
1488.0,0.5513726205204632
1489.0,0.5516859981082368
1490.0,0.5523106491237608
1491.0,0.552793108216953
1492.0,0.5530108887884863
1493.0,0.5530922823937744
1494.0,0.5532309554568607
1495.0,0.55348829139534
1496.0,0.5537865365320993
1497.0,0.5540454264826009
1498.0,0.5542641485060387
1499.0,0.5545256646082372
1500.0,0.5548838811412128
1501.0,0.5552704274663606
1502.0,0.5556022418174941
1503.0,0.5558909457536538
1504.0,0.556123704365084
1505.0,0.5561740455075705
1506.0,0.5559003467686163
1507.0,0.555295358560813
1508.0,0.5546459879097991
1509.0,0.5544032664303276
1510.0,0.5547673959809658
1511.0,0.5554768855474889
1512.0,0.5559779691394641
1513.0,0.5558348112761113
1514.0,0.555072522230801
1515.0,0.5541289660176196
1516.0,0.5534325650581993
1517.0,0.5531308196696417
1518.0,0.55316804745883
1519.0,0.5534013877726699
1520.0,0.5537164946684315
1521.0,0.5540522350141396
1522.0,0.5543370727688571
1523.0,0.5545794349066238
1524.0,0.5549523851548035
1525.0,0.5555164807104898
1526.0,0.5559730551973681
1527.0,0.555951743141665
1528.0,0.5553937267714479
1529.0,0.5545937907135677
1530.0,0.5539703175332678
1531.0,0.5537567468809491
1532.0,0.5538459476180881
1533.0,0.5539702257482131
1534.0,0.5539786737971952
1535.0,0.5539490154224495
1536.0,0.5540854307450972
1537.0,0.5543993444208142
1538.0,0.5546588719595766
1539.0,0.554761874629066
1540.0,0.5548605278349323
1541.0,0.5550866015348882
1542.0,0.5554020632435437
1543.0,0.5556865926003796
1544.0,0.5558402545106966
1545.0,0.5558333320247826
1546.0,0.5557604098029545
1547.0,0.5558474397695233
1548.0,0.5561697727974525
1549.0,0.5563808970319348
1550.0,0.556133332238821
1551.0,0.5556327659248079
1552.0,0.5553285983557742
1553.0,0.5553194975372883
1554.0,0.5553665560658858
1555.0,0.5552131982276086
1556.0,0.554792905298379
1557.0,0.554300068828305
1558.0,0.554196025325206
1559.0,0.5549590881257825
1560.0,0.5565356129054848
1561.0,0.5582315141737924
1562.0,0.559290681402784
1563.0,0.559465602955361
1564.0,0.5590328363578598
1565.0,0.5585010681452737
1566.0,0.5582907107750611
1567.0,0.5584482935001872
1568.0,0.5586255309516165
1569.0,0.558375359872297
1570.0,0.5575248741612807
1571.0,0.5564007877618653
1572.0,0.5557399082576471
1573.0,0.5561226606711812
1574.0,0.5574257772612868
1575.0,0.5589350581037756
1576.0,0.5599540954920191
1577.0,0.5602145433242843
1578.0,0.5598912120929109
1579.0,0.5594733857916968
1580.0,0.5594527578837016
1581.0,0.5598039949007989
1582.0,0.5598719280211752
1583.0,0.5593859608609797
1584.0,0.5590707252800283
1585.0,0.5591282504370575
1586.0,0.5584477250202371
1587.0,0.5568760169116275
1588.0,0.5561359559819662
1589.0,0.5569430427471918
1590.0,0.5577159303335196
1591.0,0.557133762163137
1592.0,0.5557153551683969
1593.0,0.5546235575656328
1594.0,0.5544731055452148
1595.0,0.555153042775702
1596.0,0.5560573345955356
1597.0,0.5566258276426058
1598.0,0.5565121462786332
1599.0,0.55582563079029
