0.0,0.0
1.0,0.0
2.0,0.0
3.0,0.0
4.0,0.0
5.0,0.0
6.0,0.0
7.0,0.0
8.0,0.0
9.0,0.0
10.0,0.0
11.0,0.0
12.0,0.0
13.0,0.0
14.0,0.0
15.0,0.0
16.0,0.0
17.0,0.0
18.0,0.0
19.0,0.0
20.0,0.0
21.0,0.0
22.0,0.0
23.0,0.0
24.0,0.0
25.0,0.0
26.0,0.0
27.0,0.0
28.0,0.0
29.0,0.0
30.0,0.0
31.0,0.0
32.0,0.0
33.0,0.0
34.0,0.0
35.0,0.0
36.0,0.0
37.0,0.0
38.0,0.0
39.0,0.0
40.0,0.0
41.0,0.0
42.0,0.0
43.0,0.0
44.0,0.0
45.0,0.0
46.0,0.0
47.0,0.0
48.0,0.0
49.0,0.0
50.0,0.0
51.0,0.0
52.0,0.0
53.0,0.0
54.0,0.0
55.0,0.0
56.0,0.0
57.0,0.0
58.0,0.0
59.0,0.0
60.0,0.0
61.0,0.0
62.0,0.0
63.0,0.0
64.0,0.0
65.0,0.0
66.0,0.0
67.0,0.0
68.0,0.0
69.0,0.0
70.0,0.0
71.0,0.0
72.0,0.0
73.0,0.0
74.0,0.0
75.0,0.0
76.0,0.0
77.0,0.0
78.0,0.0
79.0,0.0
80.0,0.0
81.0,0.0
82.0,0.0
83.0,0.0
84.0,0.0
85.0,0.0
86.0,0.23025377961446636
87.0,0.2406253160482419
88.0,0.2787444388605459
89.0,0.3523484174550576
90.0,0.4344533163196245
91.0,0.5056044425913643
92.0,0.5435976186499318
93.0,0.5281681514201501
94.0,0.4569563907239834
95.0,0.34884915543516315
96.0,0.23104835929361667
97.0,0.12841154821079914
98.0,0.07062499701452751
99.0,0.07909264655378367
100.0,0.14107652502430357
101.0,0.21817885389991032
102.0,0.28212398791089677
103.0,0.3225287285267169
104.0,0.3239109371253947
105.0,0.27735792602570497
106.0,0.20436881097599058
107.0,0.14721598215994336
108.0,0.14087463382340015
109.0,0.19928110213531397
110.0,0.31953866588076035
111.0,0.47787845270076734
112.0,0.6349942684009479
113.0,0.7461766021105685
114.0,0.776227128967338
115.0,0.7241597578041092
116.0,0.6244513179011786
117.0,0.5187007634621394
118.0,0.42614464841577454
119.0,0.3477431341098596
120.0,0.2800382970811067
121.0,0.22184390566895892
122.0,0.1783295671949091
123.0,0.15760374936181676
124.0,0.16649544169433173
125.0,0.2103953042127107
126.0,0.2875795856654115
127.0,0.38109305764460694
128.0,0.4654484522627909
129.0,0.5219471196804404
130.0,0.5476274232076134
131.0,0.5510688580726868
132.0,0.5444242270169102
133.0,0.5357027880748464
134.0,0.5298102149741979
135.0,0.5348545498923053
136.0,0.5541172954229803
137.0,0.5778730985013456
138.0,0.5908099740909267
139.0,0.5842102953572113
140.0,0.5567594908984368
141.0,0.5100690794765045
142.0,0.45075572960730376
143.0,0.3903699793765598
144.0,0.3445015844759704
145.0,0.32674375727766325
146.0,0.33625000555907913
147.0,0.35736557449187123
148.0,0.37669856525495116
149.0,0.3883639282796548
150.0,0.3699678520268934
151.0,0.29269669322437264
152.0,0.1690620461682848
153.0,0.05462138106700898
154.0,0.0
155.0,0.025432611795781657
156.0,0.13878961759111924
157.0,0.3286755490511661
158.0,0.5475757420691733
159.0,0.731496448563937
160.0,0.8341470137239428
161.0,0.8477993134178514
162.0,0.7953618733391129
163.0,0.7143551143216067
164.0,0.6363201461757216
165.0,0.5813113748014044
166.0,0.5624491122271894
167.0,0.5765029092282298
168.0,0.6033419351392522
169.0,0.6206457424617166
170.0,0.6180436020765192
171.0,0.589455450992109
172.0,0.5276511472165253
173.0,0.44077999778224974
174.0,0.3557018017087651
175.0,0.30125526687531323
176.0,0.29034545965324854
177.0,0.3159969192829914
178.0,0.3592447453753339
179.0,0.4024311063509552
180.0,0.43559762488664994
181.0,0.4476799526403902
182.0,0.43115644304925915
183.0,0.3955558700335326
184.0,0.36067633292116436
185.0,0.33729850988673304
186.0,0.3248152926357723
187.0,0.3234196968565621
188.0,0.33373790910765466
189.0,0.35108648196044406
190.0,0.37053059302784513
191.0,0.3937715701646319
192.0,0.4239630397857829
193.0,0.45830965449515604
194.0,0.4912606550391368
195.0,0.5201442834237451
196.0,0.5441643438012728
197.0,0.5623063682217644
198.0,0.5752252916913438
199.0,0.5853039112796317
200.0,0.592365550114597
201.0,0.5925252383263446
202.0,0.5833385840419671
203.0,0.566890798940378
204.0,0.5468190429799317
205.0,0.5280981692418437
206.0,0.5225784494540668
207.0,0.5421941376847127
208.0,0.5840126104133128
209.0,0.6310244159259963
210.0,0.668124970517008
211.0,0.6842738099532437
212.0,0.6610761559961742
213.0,0.589038466486485
214.0,0.48935270749410403
215.0,0.39966992583326755
216.0,0.34327795359288665
217.0,0.32744152842631846
218.0,0.3585828551547934
219.0,0.42945332859853214
220.0,0.5105199042957315
221.0,0.5718342902067736
222.0,0.6055065033125167
223.0,0.6188149801436797
224.0,0.6177789182020099
225.0,0.606316821739038
226.0,0.5861614322169983
227.0,0.5521383439421699
228.0,0.4962007655679106
229.0,0.4235628853729517
230.0,0.3544941088540703
231.0,0.30536247153820933
232.0,0.27841058876148794
233.0,0.2719751081456677
234.0,0.28484104756491885
235.0,0.3094404046965117
236.0,0.3398358882709734
237.0,0.388005270436602
238.0,0.47099204526944854
239.0,0.5830809376920825
240.0,0.6988286001099122
241.0,0.7982867147971359
242.0,0.8686671982785602
243.0,0.8923079520890694
244.0,0.8632262993940177
245.0,0.8023330063171628
246.0,0.7376520836436222
247.0,0.6780591313051934
248.0,0.6219521044110241
249.0,0.574387390089135
250.0,0.5401128104526043
251.0,0.5161915411705293
252.0,0.49775562105323556
253.0,0.48373936862374056
254.0,0.47307180327824316
255.0,0.46262967450527986
256.0,0.45150610260978946
257.0,0.44297069912141235
258.0,0.44215546031923897
259.0,0.4520239671178465
260.0,0.4702196633077829
261.0,0.492375465323707
262.0,0.5204131327851642
263.0,0.5600974040349319
264.0,0.6100115514907578
265.0,0.661453771624839
266.0,0.7081341776211443
267.0,0.7413423386865071
268.0,0.7391086449953002
269.0,0.6875525012529533
270.0,0.6052303638908161
271.0,0.5269962777840076
272.0,0.47229557626906765
273.0,0.4484653140098852
274.0,0.4660039872907434
275.0,0.5222113870654335
276.0,0.5909252051691649
277.0,0.6393140537473434
278.0,0.6494603780103635
279.0,0.6226669386059167
280.0,0.5719976263127731
281.0,0.5141066910390356
282.0,0.4616226523227761
283.0,0.4279253881462263
284.0,0.42453363885494355
285.0,0.4469682985297744
286.0,0.47685572742571597
287.0,0.500860861463281
288.0,0.518651730110536
289.0,0.5318970283809278
290.0,0.5398573296897216
291.0,0.5441175862402903
292.0,0.5452760954764334
293.0,0.535990002728586
294.0,0.5084944512390928
295.0,0.46697622508569814
296.0,0.42427422352270416
297.0,0.38967072188792445
298.0,0.3727861870215244
299.0,0.3907753479882505
300.0,0.4488861844273012
301.0,0.525876553314039
302.0,0.590769735070841
303.0,0.6266554285516026
304.0,0.6307125964706514
305.0,0.6058573785446622
306.0,0.5634646957757675
307.0,0.5201658543726682
308.0,0.4888877459536361
309.0,0.4727940799718896
310.0,0.46783529401280993
311.0,0.4689566849985922
312.0,0.47367114894618156
313.0,0.4838860091453503
314.0,0.5045854876918413
315.0,0.5380216844367267
316.0,0.5774898377346998
317.0,0.6092285809357585
318.0,0.6205391804530516
319.0,0.6070657928675487
320.0,0.573422727653597
321.0,0.5307642475478604
322.0,0.49183328110585756
323.0,0.46246298432059135
324.0,0.4375294481544644
325.0,0.40891848670157055
326.0,0.3766046594277161
327.0,0.3500699592209262
328.0,0.34213609877523743
329.0,0.36340102713146843
330.0,0.41769810961241594
331.0,0.4956611778153097
332.0,0.576595388472553
333.0,0.6356650310478303
334.0,0.655859049445547
335.0,0.639418206755472
336.0,0.6052989620956625
337.0,0.5734088821744792
338.0,0.5526883105678917
339.0,0.5481506083662377
340.0,0.5621192137928599
341.0,0.5847305847173401
342.0,0.5998719544774783
343.0,0.6024031938816652
344.0,0.60044956036867
345.0,0.601463269984322
346.0,0.6062551760948485
347.0,0.6134025149298707
348.0,0.6195065427876267
349.0,0.6179159594079237
350.0,0.6033309311739696
351.0,0.5765677044717819
352.0,0.5423265281384
353.0,0.5035505547340918
354.0,0.4595763220934817
355.0,0.40780603696564327
356.0,0.3497145173170323
357.0,0.293929845789428
358.0,0.25082060832884423
359.0,0.22610683017525712
360.0,0.22150402269685748
361.0,0.23657463312920157
362.0,0.26552448603534073
363.0,0.3001809818132873
364.0,0.3414346539352542
365.0,0.3976252574390025
366.0,0.46448247328749426
367.0,0.522725188981557
368.0,0.5592864915998969
369.0,0.5756402618901433
370.0,0.5752643127813516
371.0,0.5600881582670459
372.0,0.537985360399235
373.0,0.5137238960021799
374.0,0.4735330715452095
375.0,0.4014530583689161
376.0,0.30674391774719323
377.0,0.2169410197176765
378.0,0.15166437536584831
379.0,0.12155248264283514
380.0,0.13879302005860356
381.0,0.20063180750939097
382.0,0.27920441900842663
383.0,0.344743404958057
384.0,0.38998655477546346
385.0,0.42148575929969845
386.0,0.4427650304199616
387.0,0.45702013192219754
388.0,0.46846298235827144
389.0,0.47411531566546417
390.0,0.46422863745858517
391.0,0.43679698818061563
392.0,0.4021038796599738
393.0,0.3694711088469621
394.0,0.3396745329931059
395.0,0.3111738170461411
396.0,0.28427621206552733
397.0,0.25983947548671854
398.0,0.24001301727293056
399.0,0.23014455565760578
400.0,0.23468438581201745
401.0,0.2513234084297409
402.0,0.2728967050758753
403.0,0.2941174038272939
404.0,0.31628920742385935
405.0,0.34688947396231357
406.0,0.3915050646748467
407.0,0.44636936345059086
408.0,0.4997875007001509
409.0,0.5396226317779604
410.0,0.5594994708686919
411.0,0.560939054481174
412.0,0.5521651802092523
413.0,0.542759493826067
414.0,0.5399271705772491
415.0,0.5454826326523247
416.0,0.5532713097117673
417.0,0.5532162711525468
418.0,0.5403103819288053
419.0,0.5183038317682955
420.0,0.49319270796217896
421.0,0.46837311391338066
422.0,0.44684199003208114
423.0,0.4312114058665191
424.0,0.4215324267513575
425.0,0.41651981033849983
426.0,0.41705509070057856
427.0,0.4255055101433674
428.0,0.44203598351712214
429.0,0.4658010921075634
430.0,0.49871687391991837
431.0,0.5408868671628349
432.0,0.5848665242402773
433.0,0.6215315209743931
434.0,0.6486001901609688
435.0,0.6682504972161817
436.0,0.6807605866114911
437.0,0.6857250000892784
438.0,0.6842941631730792
439.0,0.6770265419342222
440.0,0.662559963635419
441.0,0.6408475015640696
442.0,0.6150789516460813
443.0,0.5893082730273241
444.0,0.5660354710517179
445.0,0.5466057216855287
446.0,0.5320971496450294
447.0,0.5242690928607256
448.0,0.5233120047658498
449.0,0.522284184702903
450.0,0.5118149180599798
451.0,0.4921298605141269
452.0,0.4732206180836317
453.0,0.46320756251940476
454.0,0.46742769754310953
455.0,0.4969225193652348
456.0,0.5571785070128039
457.0,0.632895160566107
458.0,0.6987646344726074
459.0,0.7411035897230519
460.0,0.7601399616174279
461.0,0.7594049324910889
462.0,0.7462640673121016
463.0,0.7321536097635035
464.0,0.7229232251368589
465.0,0.7130649337916316
466.0,0.693429165892787
467.0,0.6612527720275229
468.0,0.6210040405432707
469.0,0.5808745090444769
470.0,0.5505655768309253
471.0,0.536638182592688
472.0,0.5375410087407719
473.0,0.5438323372785479
474.0,0.5426055815660383
475.0,0.525597244334992
476.0,0.4949158047750283
477.0,0.46018504144475947
478.0,0.42893907794934094
479.0,0.40166249203181664
480.0,0.3750084148689392
481.0,0.34728273797576004
482.0,0.32231343040366656
483.0,0.31014387192990767
484.0,0.32383788458701634
485.0,0.3687613821332698
486.0,0.43555888548326543
487.0,0.5053883270996115
488.0,0.5619529069910479
489.0,0.5958468653013096
490.0,0.6032285589461441
491.0,0.5888336160587677
492.0,0.5637572288294275
493.0,0.5361935620262306
494.0,0.5055386626433576
495.0,0.46968090450519295
496.0,0.4322070545347026
497.0,0.40000270569709784
498.0,0.3791894962001363
499.0,0.37413557642411827
500.0,0.38577930723565157
501.0,0.4091477742767173
502.0,0.4357264129363618
503.0,0.4589791654267965
504.0,0.4767360814465954
505.0,0.48792055087328146
506.0,0.4919959547863213
507.0,0.4907924479762933
508.0,0.49026578423815426
509.0,0.5010421185649043
510.0,0.5297282316269296
511.0,0.5702833124684409
512.0,0.6095987295989337
513.0,0.6398394557308432
514.0,0.6562186201266025
515.0,0.6499163910228919
516.0,0.6193278923606763
517.0,0.5785180741273005
518.0,0.5445417761878842
519.0,0.5226878491636233
520.0,0.5105034940749511
521.0,0.5060246843389378
522.0,0.5045417959003374
523.0,0.4988319639076608
524.0,0.4877768966080077
525.0,0.478671632396773
526.0,0.4783482292318523
527.0,0.4865066410127188
528.0,0.4982525006017604
529.0,0.5079759173160929
530.0,0.5108389796541742
531.0,0.5047726963115949
532.0,0.4908158003890687
533.0,0.47437295278281677
534.0,0.4666565706394391
535.0,0.4761495039220017
536.0,0.4985166850606455
537.0,0.5203190667786389
538.0,0.5314604308162653
539.0,0.5291620016383644
540.0,0.514078468202035
541.0,0.49118251511779343
542.0,0.46970505174936117
543.0,0.4597978666022424
544.0,0.4683008231578244
545.0,0.4932977656861366
546.0,0.524486787689838
547.0,0.5499666313001894
548.0,0.5634242327819098
549.0,0.5630410328385703
550.0,0.54920185396398
551.0,0.5279869832043879
552.0,0.5088604905883645
553.0,0.4955702374685611
554.0,0.4840601983142139
555.0,0.4716808124967765
556.0,0.46229760337575654
557.0,0.46194674503416
558.0,0.47624336589606386
559.0,0.5126543716549988
560.0,0.5720835281994499
561.0,0.637298192965489
562.0,0.681362402231925
563.0,0.68679488299835
564.0,0.6539572109827675
565.0,0.593914485267921
566.0,0.5267848127209068
567.0,0.4791376504581154
568.0,0.46653129179511754
569.0,0.48184524074577073
570.0,0.5055297865519942
571.0,0.5243565823583957
572.0,0.5303850078200958
573.0,0.5159350688879752
574.0,0.4826148420758446
575.0,0.44399330655833114
576.0,0.414663486297776
577.0,0.40103161730075176
578.0,0.40822786400219413
579.0,0.44218944391898035
580.0,0.4971065931472649
581.0,0.5550238324861454
582.0,0.6008480288819412
583.0,0.6304023539702933
584.0,0.6424452539664068
585.0,0.6365016111704217
586.0,0.6186269573835834
587.0,0.5993870223837109
588.0,0.5868936830287846
589.0,0.5822148158517221
590.0,0.5805832259350009
591.0,0.574003358154024
592.0,0.5545637406525203
593.0,0.5162149717584792
594.0,0.45441290673693824
595.0,0.3740316142908099
596.0,0.29326604749261814
597.0,0.23838828180086402
598.0,0.23222289882763014
599.0,0.2776383805451482
600.0,0.3545185886825185
601.0,0.4351514052298242
602.0,0.5018497394778477
603.0,0.5405345490066324
604.0,0.5379420127397139
605.0,0.49981897770250927
606.0,0.4533921722654983
607.0,0.4288967240491849
608.0,0.44057123016596633
609.0,0.4846461630654869
610.0,0.5445432626945315
611.0,0.5974475654701678
612.0,0.6251226449107209
613.0,0.6187655143328789
614.0,0.5823296938329281
615.0,0.5307820133673485
616.0,0.4802044412494515
617.0,0.43785200988898704
618.0,0.401456291683307
619.0,0.36724404211472983
620.0,0.33351697306465594
621.0,0.3003916715281344
622.0,0.2720638926868876
623.0,0.25686522429342923
624.0,0.2590560281924225
625.0,0.27306046957012375
626.0,0.2903707284144613
627.0,0.3082894690507571
628.0,0.3272904776794088
629.0,0.34678100834122677
630.0,0.367698307158024
631.0,0.3935609507719753
632.0,0.427572200592305
633.0,0.46942925152528703
634.0,0.5143643728815493
635.0,0.5527614351389943
636.0,0.5675800807238286
637.0,0.5435081782090253
638.0,0.48265309603626483
639.0,0.405349635006669
640.0,0.3349157067845893
641.0,0.289525277123526
642.0,0.2878916323402778
643.0,0.3368239952361481
644.0,0.4162661593969966
645.0,0.4921144233706096
646.0,0.5422908371151739
647.0,0.5623641024573708
648.0,0.5536045016818921
649.0,0.5227695666786503
650.0,0.48247753518171155
651.0,0.44242112443813203
652.0,0.40272051462938196
653.0,0.3612470925598684
654.0,0.32264721356001197
655.0,0.296564832970027
656.0,0.29093177336196363
657.0,0.3037707638376904
658.0,0.32296195060145805
659.0,0.33686707429465
660.0,0.3417011831940425
661.0,0.33485572489362037
662.0,0.3129910358160643
663.0,0.2804022445085586
664.0,0.2499666886999709
665.0,0.23599097033707905
666.0,0.24660247080151987
667.0,0.28211543857413074
668.0,0.3354156451913657
669.0,0.3951513756901445
670.0,0.4465357496820208
671.0,0.4697128327797305
672.0,0.45420509559652034
673.0,0.412459107669771
674.0,0.3672031884849303
675.0,0.32857060888243195
676.0,0.3018206290122748
677.0,0.3035498283675348
678.0,0.3413791530625927
679.0,0.3963734646602362
680.0,0.4459940742228947
681.0,0.4889913317075699
682.0,0.5316799087503598
683.0,0.5706800084398497
684.0,0.6009490852204683
685.0,0.6229376859165998
686.0,0.6359736103694972
687.0,0.6358690637365544
688.0,0.623617892018004
689.0,0.6067850224089549
690.0,0.5894742050025316
691.0,0.569778362288229
692.0,0.5487828077657653
693.0,0.5321343851103728
694.0,0.5225982434200988
695.0,0.5198788660455723
696.0,0.5273235124302008
697.0,0.5477459446103189
698.0,0.5746002009372405
699.0,0.5908004360363411
700.0,0.5749722128432866
701.0,0.517130051302009
702.0,0.42815565885014023
703.0,0.3318193653530097
704.0,0.24788092268338657
705.0,0.19208179416301396
706.0,0.18005321134364333
707.0,0.21059397940788704
708.0,0.25934482105547674
709.0,0.2970595672021662
710.0,0.3102680334419344
711.0,0.30104517625994065
712.0,0.2786112472429768
713.0,0.2561322512247434
714.0,0.2463782375940753
715.0,0.26313368138469173
716.0,0.3153889014635972
717.0,0.39418730122269896
718.0,0.4758348764145035
719.0,0.5398639619975147
720.0,0.5797522115960687
721.0,0.5968851813284454
722.0,0.5963895861785785
723.0,0.5866250385520421
724.0,0.5738848017126151
725.0,0.5576551983324359
726.0,0.5347849309340632
727.0,0.5076118338800275
728.0,0.480846177651156
729.0,0.4540669452056513
730.0,0.42517312045678973
731.0,0.3967660919019185
732.0,0.3739239956821869
733.0,0.3596418245571349
734.0,0.35685080345654413
735.0,0.3699719004925135
736.0,0.39804751073066463
737.0,0.4321238495040998
738.0,0.4629825762503962
739.0,0.4879278017384968
740.0,0.5080264230654861
741.0,0.5242721244556265
742.0,0.538122786586813
743.0,0.5497996032616055
744.0,0.5539207988696567
745.0,0.5434431309590176
746.0,0.5204527345536363
747.0,0.49668764482226135
748.0,0.48317571006779547
749.0,0.48468981996988714
750.0,0.5030847121577421
751.0,0.5352850835683226
752.0,0.5702532421245019
753.0,0.5919385646553491
754.0,0.5851827674191129
755.0,0.5468239685664106
756.0,0.4900740972407718
757.0,0.4337864166543364
758.0,0.38761242738241686
759.0,0.3533098271309002
760.0,0.33275594858458124
761.0,0.32530216789823496
762.0,0.3261028886607108
763.0,0.3317995806183367
764.0,0.3441714987926529
765.0,0.36421706483179006
766.0,0.3886200393125537
767.0,0.41602880432752476
768.0,0.4499891721513052
769.0,0.49379193445504477
770.0,0.5457433302934865
771.0,0.5985462144579704
772.0,0.6431139578405205
773.0,0.6740649097666469
774.0,0.6915640766218519
775.0,0.697847318079481
776.0,0.6935242906781445
777.0,0.6762381188435441
778.0,0.6416189884656359
779.0,0.585529865756064
780.0,0.511537515754179
781.0,0.43548849898549563
782.0,0.3760673507443528
783.0,0.3418462796766921
784.0,0.3293401002794035
785.0,0.3308067276784502
786.0,0.3444391413902639
787.0,0.3791756176476442
788.0,0.444737743648008
789.0,0.5398249053238451
790.0,0.6483197503116418
791.0,0.744296390911694
792.0,0.7947676968774954
793.0,0.7737727839855104
794.0,0.6896087813152465
795.0,0.5841803220334665
796.0,0.49936124938096205
797.0,0.4520547137259584
798.0,0.4465269648477651
799.0,0.4803592197358204
800.0,0.534784703709694
801.0,0.5839142095777768
802.0,0.6145487238344668
803.0,0.6301758210133458
804.0,0.6368343240232964
805.0,0.6348898595637722
806.0,0.6200955303980922
807.0,0.5868731171480157
808.0,0.5321921304077225
809.0,0.46134461491755485
810.0,0.3889712391910559
811.0,0.32923562693751585
812.0,0.28577888129888385
813.0,0.2550594260899503
814.0,0.23554272867952303
815.0,0.2304588691616148
816.0,0.24618181056768101
817.0,0.2877820268423954
818.0,0.3543618083171578
819.0,0.43521147340790006
820.0,0.5120046102208495
821.0,0.562867208998746
822.0,0.5730688353181375
823.0,0.5487366397778076
824.0,0.513005967345739
825.0,0.48544114903896296
826.0,0.46982918965074416
827.0,0.4628164299435077
828.0,0.46064919755772915
829.0,0.45896887861812496
830.0,0.45494590156254666
831.0,0.44902533563595526
832.0,0.4439052544509171
833.0,0.4416806174956874
834.0,0.4427237646870839
835.0,0.4465978135839781
836.0,0.4509357389200903
837.0,0.4507897943665592
838.0,0.4433638175954711
839.0,0.4319712807791106
840.0,0.42373659593833146
841.0,0.4242802429103894
842.0,0.43431802557855254
843.0,0.4496829242182755
844.0,0.4633506615462477
845.0,0.46966440993079506
846.0,0.46825340813359007
847.0,0.46411087214241786
848.0,0.4633864887836706
849.0,0.46937220129105517
850.0,0.483616675099246
851.0,0.5059707769347527
852.0,0.5322346849482218
853.0,0.5543340099631635
854.0,0.5618896915602325
855.0,0.5491267939303006
856.0,0.522028346172235
857.0,0.493732553694759
858.0,0.4723116588002465
859.0,0.4569505598497893
860.0,0.4439369071717322
861.0,0.4303529605943796
862.0,0.4148797748494521
863.0,0.4027349250651535
864.0,0.40754786673790583
865.0,0.43829963004339934
866.0,0.4876539893080025
867.0,0.5368527432558486
868.0,0.5691961406157324
869.0,0.576781446197692
870.0,0.5610044633675156
871.0,0.5312830293810268
872.0,0.4986840076430966
873.0,0.4699089131260732
874.0,0.444631011116298
875.0,0.4186872943650183
876.0,0.38950020847222755
877.0,0.3588455253384738
878.0,0.3317310818326045
879.0,0.3114532961037665
880.0,0.29711861838347164
881.0,0.2858199267125361
882.0,0.2768088452935774
883.0,0.27492138025726076
884.0,0.2866719459548668
885.0,0.3126332835542395
886.0,0.3452195248766681
887.0,0.373150186722756
888.0,0.38481972767066036
889.0,0.36960034896641764
890.0,0.3274385763332665
891.0,0.27386072300164427
892.0,0.22847737222233666
893.0,0.20003210917846997
894.0,0.1884085690494507
895.0,0.1937498581969898
896.0,0.21465509496672702
897.0,0.2464537435124377
898.0,0.28483301959666557
899.0,0.32834980150182513
900.0,0.374284986990131
901.0,0.41682629451069336
902.0,0.4522955973984435
903.0,0.4817516304818843
904.0,0.5073767075838082
905.0,0.5293960255147234
906.0,0.5469784071862313
907.0,0.5584888740025604
908.0,0.5602932272079458
909.0,0.5498351261026937
910.0,0.5308826854932024
911.0,0.5104111211448712
912.0,0.48995213962228723
913.0,0.46747871859650514
914.0,0.44605873129590345
915.0,0.4343691535395147
916.0,0.44119609372436935
917.0,0.47118493246602744
918.0,0.5240080121366489
919.0,0.5917701969959214
920.0,0.6596683028867276
921.0,0.7000913247060065
922.0,0.6763401539126325
923.0,0.5772147335990888
924.0,0.4344341998588882
925.0,0.2955687391217366
926.0,0.19103433375214424
927.0,0.1437728496761595
928.0,0.17305678388755408
929.0,0.26493913527599483
930.0,0.3735113254074865
931.0,0.46148907601162936
932.0,0.5238015647126565
933.0,0.5668031701678544
934.0,0.5913032644932509
935.0,0.5948779989918439
936.0,0.5758732600985689
937.0,0.5373854095963119
938.0,0.48887262349394434
939.0,0.44397041062851006
940.0,0.41637666091011166
941.0,0.4171675262837405
942.0,0.44665426878336334
943.0,0.49057719153697865
944.0,0.5318831537686666
945.0,0.5656264180020283
946.0,0.5967287633863457
947.0,0.6285329678337175
948.0,0.6573608774978488
949.0,0.6732330310534156
950.0,0.6652729565279549
951.0,0.6286339285621886
952.0,0.5710242929266987
953.0,0.5102860426247587
954.0,0.4639767428184084
955.0,0.4395050007391217
956.0,0.4339526206537691
957.0,0.4397237653485282
958.0,0.45006825907740455
959.0,0.46215546607554747
960.0,0.47319289338305237
961.0,0.4797256555234727
962.0,0.48120368710541017
963.0,0.4817099452135999
964.0,0.48902683872639896
965.0,0.5098522225809451
966.0,0.5453181535415393
967.0,0.5897195570007409
968.0,0.6339635497644074
969.0,0.6654865174830211
970.0,0.6672980517476487
971.0,0.6312901082139817
972.0,0.5686685960355238
973.0,0.4997149429771687
974.0,0.4364639913505347
975.0,0.38625193468124586
976.0,0.35986620326535157
977.0,0.3614896093221972
978.0,0.3814596787453064
979.0,0.3998335096486411
980.0,0.39865198694859694
981.0,0.3766424063031836
982.0,0.3510374876939385
983.0,0.34256332475741047
984.0,0.36019645260984545
985.0,0.4015220536766326
986.0,0.4568756608765434
987.0,0.5116283093567922
988.0,0.5521422427120687
989.0,0.5693441354934003
990.0,0.5630556309678402
991.0,0.5435673294084679
992.0,0.5256157352136295
993.0,0.5199927267400406
994.0,0.52769772012392
995.0,0.5416415140970067
996.0,0.54927384295998
997.0,0.5364226008859303
998.0,0.4954779026947159
999.0,0.4296517102240287
1000.0,0.3534128659465971
1001.0,0.2863682431827434
1002.0,0.24875500823240537
1003.0,0.25634523409605814
1004.0,0.30726927464625653
1005.0,0.380554585868736
1006.0,0.45204778984977323
1007.0,0.5087849509646961
1008.0,0.5371109205363062
1009.0,0.5189364685874298
1010.0,0.45442370733540294
1011.0,0.3695396950035395
1012.0,0.3001589008509519
1013.0,0.2702115720085142
1014.0,0.28249663389121416
1015.0,0.3226485315339311
1016.0,0.3741274131850973
1017.0,0.4260836535648172
1018.0,0.4660912430202614
1019.0,0.48505950806551834
1020.0,0.4870421191630906
1021.0,0.4925666758431021
1022.0,0.5334168307015994
1023.0,0.6254104679771769
1024.0,0.7470200857892574
1025.0,0.8551638361620317
1026.0,0.9190497333763717
1027.0,0.9269796884143473
1028.0,0.8754444757313843
1029.0,0.7737345633971638
1030.0,0.6434792744537986
1031.0,0.508534231847292
1032.0,0.3844485441441438
1033.0,0.2802344494801702
1034.0,0.20392900292945298
1035.0,0.16388314479505478
1036.0,0.1666209283680966
1037.0,0.20805889592918614
1038.0,0.2722208285010491
1039.0,0.3385224289041406
1040.0,0.3910595403037247
1041.0,0.42095178836496594
1042.0,0.4268141411648339
1043.0,0.4131144805280553
1044.0,0.3870299993454859
1045.0,0.3566162425046334
1046.0,0.3295076714885036
1047.0,0.3135557488426427
1048.0,0.31490003696769336
1049.0,0.3361556857275255
1050.0,0.3741673720849027
1051.0,0.4204069609443818
1052.0,0.4637735508277858
1053.0,0.4945755386897154
1054.0,0.5152390770258285
1055.0,0.5434249108881531
1056.0,0.5921923856560077
1057.0,0.6527531307283351
1058.0,0.7052244783222231
1059.0,0.7367711616075344
1060.0,0.7414218683817468
1061.0,0.7165514544415131
1062.0,0.666232762396118
1063.0,0.602269007439168
1064.0,0.5463316471537585
1065.0,0.521259123817511
1066.0,0.5351365676205705
1067.0,0.5743335437220524
1068.0,0.6099328157988495
1069.0,0.614280751253027
1070.0,0.5731927561908582
1071.0,0.49272947613583584
1072.0,0.39376873389243405
1073.0,0.3055025711271331
1074.0,0.2628121002956715
1075.0,0.28435749660544346
1076.0,0.3546941608113572
1077.0,0.43438539023447853
1078.0,0.4879321644081087
1079.0,0.500639547150562
1080.0,0.47687984136686057
1081.0,0.4324026558061301
1082.0,0.3814183590703875
1083.0,0.3353109451934493
1084.0,0.3053531057528869
1085.0,0.3026806150514873
1086.0,0.33572625031341674
1087.0,0.397715749995464
1088.0,0.4654324849334761
1089.0,0.5148780421448956
1090.0,0.5359690041912093
1091.0,0.5302344011580691
1092.0,0.504820280321667
1093.0,0.4724637311119648
1094.0,0.44705932068656806
1095.0,0.4392049522069591
1096.0,0.45254347749395374
1097.0,0.4842156518745738
1098.0,0.5251902524597344
1099.0,0.5595849631119673
1100.0,0.5727657689589093
1101.0,0.5603765842018588
1102.0,0.5313471889305754
1103.0,0.5022718816663059
1104.0,0.4862847447040748
1105.0,0.4850770797260441
1106.0,0.49002850824693767
1107.0,0.49111845262366693
1108.0,0.4886554747258368
1109.0,0.4968100737053449
1110.0,0.5223373804139181
1111.0,0.5489295212492078
1112.0,0.5636042986858522
1113.0,0.5791848224055985
1114.0,0.6110638028964344
1115.0,0.6561924090598003
1116.0,0.7110906464072285
1117.0,0.782395414909883
1118.0,0.8663113721736768
1119.0,0.9362506059706982
1120.0,0.9469237769326286
1121.0,0.8629275666231477
1122.0,0.6962815413284646
1123.0,0.5027511588381216
1124.0,0.33745354190626436
1125.0,0.22614242752205
1126.0,0.17688819975019143
1127.0,0.18196643796770162
1128.0,0.21436990492265523
1129.0,0.24403514473342158
1130.0,0.2575801586471889
1131.0,0.25980084705767564
1132.0,0.2589112564243925
1133.0,0.25636464461710456
1134.0,0.24460785014275827
1135.0,0.21937231900720544
1136.0,0.19123768406488523
1137.0,0.17763523701915473
1138.0,0.1898380426493126
1139.0,0.2385084604500512
1140.0,0.3360069702190548
1141.0,0.4686025790570727
1142.0,0.5905622215816642
1143.0,0.6615941042820934
1144.0,0.6760052314837856
1145.0,0.6489872086443521
1146.0,0.5967909593555866
1147.0,0.5360214662903083
1148.0,0.48086434951660884
1149.0,0.44141314036124557
1150.0,0.4222618024165312
1151.0,0.42264945220283245
1152.0,0.4342068575398573
1153.0,0.4368388563513316
1154.0,0.4115218642138071
1155.0,0.3577587485429651
1156.0,0.2936054061886403
1157.0,0.2399283315979142
1158.0,0.21107143551031776
1159.0,0.21482716047104866
1160.0,0.24884361252722287
1161.0,0.3016395461387008
1162.0,0.3605095856665085
1163.0,0.41954019834933665
1164.0,0.47614508033878
1165.0,0.5250151167999891
1166.0,0.5633147596674962
1167.0,0.5942488496227603
1168.0,0.6205841812634354
1169.0,0.6394057959757575
1170.0,0.6465077610771353
1171.0,0.6400651297881028
1172.0,0.6166207538452719
1173.0,0.5722375435619054
1174.0,0.5123037029169393
1175.0,0.45182015536460896
1176.0,0.404437193724856
1177.0,0.375219982388289
1178.0,0.36378128463787107
1179.0,0.3677545802214492
1180.0,0.3844469076998891
1181.0,0.4112045124688343
1182.0,0.44415802613547845
1183.0,0.47777442592083763
1184.0,0.5053976007309042
1185.0,0.520746719280972
1186.0,0.5190544776923969
1187.0,0.5016468090692653
1188.0,0.47761101860321087
1189.0,0.4560042551158271
1190.0,0.43776014299094723
1191.0,0.42019433678841245
1192.0,0.40436647644496565
1193.0,0.3915326041004273
1194.0,0.3789801627363352
1195.0,0.3617338432122419
1196.0,0.33630472104928494
1197.0,0.3038834022937737
1198.0,0.26970679057229996
1199.0,0.23791092350887266
1200.0,0.2090106402049835
1201.0,0.18360239683532603
1202.0,0.16755129821528475
1203.0,0.1764349620324669
1204.0,0.22795370290759054
1205.0,0.3278727734298743
1206.0,0.4617869609388142
1207.0,0.5996835646367122
1208.0,0.7027451664052865
1209.0,0.7264460091857751
1210.0,0.6544157435149696
1211.0,0.5268253997763123
1212.0,0.4087667781716952
1213.0,0.33385339250020385
1214.0,0.2951757913168037
1215.0,0.2740359604579037
1216.0,0.2575429903241572
1217.0,0.24606453312846327
1218.0,0.2437297153950283
1219.0,0.24664530986648803
1220.0,0.25433903246227185
1221.0,0.2771597728695429
1222.0,0.3152150953468983
1223.0,0.3497084341110729
1224.0,0.37325529682022185
1225.0,0.4042844814799306
1226.0,0.4582658086619906
1227.0,0.5274263064324418
1228.0,0.5918589967236545
1229.0,0.6364880272045914
1230.0,0.6595300351646008
1231.0,0.6716476046568797
1232.0,0.6856643409861607
1233.0,0.7074357134356348
1234.0,0.7357973295589323
1235.0,0.7610116700091033
1236.0,0.7641315881569105
1237.0,0.7301991905606227
1238.0,0.6618448174453322
1239.0,0.5788005064590649
1240.0,0.5047391044849223
1241.0,0.4555901271612346
1242.0,0.4353610159249146
1243.0,0.4364294410903279
1244.0,0.4465865833233836
1245.0,0.4509824220555187
1246.0,0.4357623704995875
1247.0,0.4025494280350438
1248.0,0.3723213134075791
1249.0,0.371133179149402
1250.0,0.412288794855156
1251.0,0.49133094349719864
1252.0,0.5910671314680019
1253.0,0.6884929773477375
1254.0,0.7636823984782276
1255.0,0.7993592437276659
1256.0,0.7870463092311752
1257.0,0.7403530426746533
1258.0,0.6832677295917835
1259.0,0.619590648487083
1260.0,0.5350238883861549
1261.0,0.43047867145386365
1262.0,0.3291144960007485
1263.0,0.25607744176199054
1264.0,0.2260173420696936
1265.0,0.24414739791635331
1266.0,0.3009604532739097
1267.0,0.3717906151809539
1268.0,0.43163603792610095
1269.0,0.47066518297068316
1270.0,0.4935537907247197
1271.0,0.5074429139615664
1272.0,0.5143986631958438
1273.0,0.5097118337034072
1274.0,0.4917186200489013
1275.0,0.4691869065457853
1276.0,0.4550512070414874
1277.0,0.45765003083092987
1278.0,0.4799899522160451
1279.0,0.5200254330535867
1280.0,0.567579549554423
1281.0,0.6046754442801124
1282.0,0.6043670813648955
1283.0,0.5470344169887856
1284.0,0.4478736002621265
1285.0,0.3499949784323687
1286.0,0.2864600570796699
1287.0,0.2620501391116614
1288.0,0.2696225581206125
1289.0,0.2997062701006772
1290.0,0.34013131710374106
1291.0,0.3834562217211517
1292.0,0.433431375829312
1293.0,0.49452151066352157
1294.0,0.5572011447940087
1295.0,0.6031792718228141
1296.0,0.6200386163348662
1297.0,0.6088551144094728
1298.0,0.5813345049086951
1299.0,0.5487443936280129
1300.0,0.5125859176945812
1301.0,0.4734069352644036
1302.0,0.4396575799517824
1303.0,0.419944848290289
1304.0,0.41628165959584174
1305.0,0.430125623107266
1306.0,0.46446169132324466
1307.0,0.5121396890784227
1308.0,0.5554627452947051
1309.0,0.5813871934872191
1310.0,0.5904403374342375
1311.0,0.5908201731776064
1312.0,0.5884634624716518
1313.0,0.5804372554930545
1314.0,0.5582944312337359
1315.0,0.5192059712514692
1316.0,0.4694602938319954
1317.0,0.4185162863972478
1318.0,0.3742617933822717
1319.0,0.34170085825988317
1320.0,0.3208001016499339
1321.0,0.3068775692519452
1322.0,0.2911650130276052
1323.0,0.26314348509876506
1324.0,0.21853747214032293
1325.0,0.16373166743754447
1326.0,0.11199906241995389
1327.0,0.07548071259235845
1328.0,0.06416823092830126
1329.0,0.08512398219523803
1330.0,0.132904047208937
1331.0,0.1918506490347296
1332.0,0.25997601797815173
1333.0,0.35408850210565007
1334.0,0.4753046113052489
1335.0,0.5955094110130867
1336.0,0.6857583878372011
1337.0,0.7377691542472374
1338.0,0.7573454303679092
1339.0,0.7553849449663798
1340.0,0.7444776885317215
1341.0,0.7313903988990701
1342.0,0.7119461700264182
1343.0,0.6791383007854175
1344.0,0.6374679519116936
1345.0,0.5989850029873753
1346.0,0.5679197525017875
1347.0,0.541300514441136
1348.0,0.519199124137735
1349.0,0.5085613095202045
1350.0,0.5206045343550861
1351.0,0.5609354511010526
1352.0,0.6224415303907546
1353.0,0.6847291399779883
1354.0,0.7218266120899759
1355.0,0.7065274049438214
1356.0,0.6195543735738276
1357.0,0.4752176909399628
1358.0,0.324124928760966
1359.0,0.2295323426391621
1360.0,0.23088814735400331
1361.0,0.3191476115099111
1362.0,0.44557609782500773
1363.0,0.556951756742787
1364.0,0.626750827411253
1365.0,0.6508563325089519
1366.0,0.6392654967687166
1367.0,0.6111227057167223
1368.0,0.5849314364420377
1369.0,0.5736562664080218
1370.0,0.5796711329504487
1371.0,0.5958083572104809
1372.0,0.6018563543857987
1373.0,0.5624496118697349
1374.0,0.45728380086042547
1375.0,0.30872854550211704
1376.0,0.16565436206632217
1377.0,0.06536283327607051
1378.0,0.0254277917330355
1379.0,0.0532931980715135
1380.0,0.1337572153431832
1381.0,0.2293758849993986
1382.0,0.31055170148799194
1383.0,0.3775754817976534
1384.0,0.4413262479083189
1385.0,0.49864657464894957
1386.0,0.5314459926605352
1387.0,0.5199504958366111
1388.0,0.4641674875225778
1389.0,0.3889187130657413
1390.0,0.32535788618181993
1391.0,0.2935098901425041
1392.0,0.3043245930916644
1393.0,0.356934512043109
1394.0,0.4314535970397726
1395.0,0.5006765139449869
1396.0,0.550445867291308
1397.0,0.5839871481287258
1398.0,0.608019652643728
1399.0,0.6248804388450011
1400.0,0.6328965867898504
1401.0,0.6297871410474936
1402.0,0.6168897513581826
1403.0,0.5988277775730194
1404.0,0.5801871252341405
1405.0,0.5635196791527208
1406.0,0.5490679026045585
1407.0,0.5353003980413988
1408.0,0.5196987022692803
1409.0,0.49327663809580674
1410.0,0.44185165280106337
1411.0,0.36433016277651353
1412.0,0.2825711876099007
1413.0,0.23524524814667302
1414.0,0.2555363070100127
1415.0,0.3446370831270045
1416.0,0.4692093365707004
1417.0,0.5869226198882735
1418.0,0.6716833704683014
1419.0,0.7133115563234158
1420.0,0.7148276186984821
1421.0,0.6905550413523056
1422.0,0.6509721751846685
1423.0,0.5857914376838032
1424.0,0.4800802645006598
1425.0,0.3470353551921954
1426.0,0.22744669735305773
1427.0,0.16275866510845716
1428.0,0.1693263632119995
1429.0,0.23213904406158303
1430.0,0.3182359753915097
1431.0,0.40115979366213594
1432.0,0.46881162208166877
1433.0,0.51820933435577
1434.0,0.5532327079041701
1435.0,0.5790867001922868
1436.0,0.5955216342986185
1437.0,0.5958896852285975
1438.0,0.5799324531753038
1439.0,0.5595903163859224
1440.0,0.5448182922960004
1441.0,0.5340555872684479
1442.0,0.5229480348182244
1443.0,0.512915135831136
1444.0,0.510605823510373
1445.0,0.525493474639116
1446.0,0.5693449608881082
1447.0,0.6463730852974547
1448.0,0.7408770308897108
1449.0,0.8189190580379808
1450.0,0.8404756407552585
1451.0,0.7888587380515546
1452.0,0.6919597447038601
1453.0,0.5974051510504113
1454.0,0.5263615407764008
1455.0,0.47194506859594265
1456.0,0.429464301467202
1457.0,0.4025411582848151
1458.0,0.39598606276208526
1459.0,0.41395418979575543
1460.0,0.45897611651653053
1461.0,0.5230426283832214
1462.0,0.5851744490125236
1463.0,0.6209237795841372
1464.0,0.6157608524209992
1465.0,0.5757884280899158
1466.0,0.5229783086077455
1467.0,0.47543130721480364
1468.0,0.4345823421188577
1469.0,0.3971991220772541
1470.0,0.36591550477638674
1471.0,0.3456588119902076
1472.0,0.33942604205290205
1473.0,0.34664081412008185
1474.0,0.3633270562821466
1475.0,0.3838866107971521
1476.0,0.4043202349581916
1477.0,0.4243403886057555
1478.0,0.44552254475819214
1479.0,0.46673239433623237
1480.0,0.48885477257971505
1481.0,0.5226145679369654
1482.0,0.5773502017688206
1483.0,0.6460840832714638
1484.0,0.7049054709208014
1485.0,0.7251290518370828
1486.0,0.6894343229483657
1487.0,0.6004809922578759
1488.0,0.48457988710197364
1489.0,0.38048066896760036
1490.0,0.32385153797218624
1491.0,0.3320858102254366
1492.0,0.39198884136811624
1493.0,0.4681358858502339
1494.0,0.5243300061483938
1495.0,0.5446731914653915
1496.0,0.5348336046622086
1497.0,0.5117415455925765
1498.0,0.4930343630927505
1499.0,0.48768749853925075
1500.0,0.49781382675279173
1501.0,0.5201381702138252
1502.0,0.5457646284303888
1503.0,0.5619956950040157
1504.0,0.5533368977317159
1505.0,0.5131212015433879
1506.0,0.4543913283838092
1507.0,0.40316554678501704
1508.0,0.38126825826743765
1509.0,0.3936255389244008
1510.0,0.42887863577663493
1511.0,0.47080649310401745
1512.0,0.5122627325384566
1513.0,0.5536428323892779
1514.0,0.5941111879459959
1515.0,0.6309084363908459
1516.0,0.6608315824743372
1517.0,0.6784912779567577
1518.0,0.6772674606820215
1519.0,0.658318937829295
1520.0,0.6320791545394213
1521.0,0.6042214497059109
1522.0,0.5695102209142267
1523.0,0.5262851121761647
1524.0,0.48417624263128667
1525.0,0.45516452897714527
1526.0,0.44494463154396424
1527.0,0.4523019000993767
1528.0,0.47080485829860724
1529.0,0.49148172853700395
1530.0,0.5060784943276874
1531.0,0.5076286591895556
1532.0,0.4940384015693014
1533.0,0.46990328143776655
1534.0,0.45438618557298355
1535.0,0.48605148434026946
1536.0,0.5853997393002544
1537.0,0.7195220469909465
1538.0,0.8235515662351285
1539.0,0.8495455591943489
1540.0,0.7909782344220825
1541.0,0.6752103058752537
1542.0,0.5461080210542857
1543.0,0.43862357824540077
1544.0,0.3694947767565973
1545.0,0.339453680213998
1546.0,0.3334909764802923
1547.0,0.3320740923315236
1548.0,0.3267035991506794
1549.0,0.3243687404514006
1550.0,0.330993432868699
1551.0,0.34348628897872513
1552.0,0.36529090882248055
1553.0,0.40680678918345164
1554.0,0.46603352273384663
1555.0,0.5229051109030884
1556.0,0.5514218683120515
1557.0,0.5343903929083612
1558.0,0.46867671403015554
1559.0,0.36959932272312235
1560.0,0.2684811285847594
1561.0,0.19793583942521076
1562.0,0.17756443118344212
1563.0,0.20316839425824812
1564.0,0.25096232074877123
1565.0,0.29028371800498515
1566.0,0.29875659266350496
1567.0,0.2744163578651243
1568.0,0.23427674020654668
1569.0,0.20902479622417164
1570.0,0.22868219001943546
1571.0,0.30323447180559526
1572.0,0.41570831502331373
1573.0,0.5287594477697116
1574.0,0.6045133588732805
1575.0,0.6181687969851559
1576.0,0.5679024923788761
1577.0,0.48079206427261273
1578.0,0.3996572475237023
1579.0,0.3644265141192725
1580.0,0.3908171028567221
1581.0,0.4627354114733199
1582.0,0.54291159538388
1583.0,0.5918223473786614
1584.0,0.5900749440798586
1585.0,0.5448160651244919
1586.0,0.4839379450619691
1587.0,0.4406613619103905
1588.0,0.4363172763136995
1589.0,0.4748193678240814
1590.0,0.5395593862693442
1591.0,0.6007766781306685
1592.0,0.629216301466142
1593.0,0.6078065619581883
1594.0,0.5430742350974122
1595.0,0.4611580148510468
1596.0,0.3870282845408877
1597.0,0.32341565236505326
1598.0,0.2691349837532617
1599.0,0.0
