0.0,0.0
1.0,0.0
2.0,0.0
3.0,0.0
4.0,0.0
5.0,0.0
6.0,0.0
7.0,0.0
8.0,0.0
9.0,0.0
10.0,0.0
11.0,0.0
12.0,0.0
13.0,0.0
14.0,0.0
15.0,0.0
16.0,0.0
17.0,0.0
18.0,0.0
19.0,0.0
20.0,0.0
21.0,0.0
22.0,0.0
23.0,0.0
24.0,0.0
25.0,0.0
26.0,0.0
27.0,0.0
28.0,0.0
29.0,0.0
30.0,0.0
31.0,0.0
32.0,0.0
33.0,0.0
34.0,0.0
35.0,0.0
36.0,0.0
37.0,0.0
38.0,0.0
39.0,0.0
40.0,0.0
41.0,0.0
42.0,0.0
43.0,0.0
44.0,0.0
45.0,0.0
46.0,0.0
47.0,0.0
48.0,0.0
49.0,0.0
50.0,0.0
51.0,0.0
52.0,0.0
53.0,0.0
54.0,0.0
55.0,0.0
56.0,0.0
57.0,0.0
58.0,0.0
59.0,0.0
60.0,0.0
61.0,0.0
62.0,0.0
63.0,0.0
64.0,0.0
65.0,0.0
66.0,0.0
67.0,0.0
68.0,0.0
69.0,0.0
70.0,0.0
71.0,0.0
72.0,0.0
73.0,0.0
74.0,0.0
75.0,0.0
76.0,0.0
77.0,0.0
78.0,0.0
79.0,0.0
80.0,0.0
81.0,0.0
82.0,0.0
83.0,0.0
84.0,0.0
85.0,0.0
86.0,0.07235427173916989
87.0,0.08003033544631126
88.0,0.08587560658819952
89.0,0.09121318588362483
90.0,0.09091474508398725
91.0,0.08299907440029028
92.0,0.06999143851412312
93.0,0.05691765887522021
94.0,0.04657927565681194
95.0,0.040143300870173704
96.0,0.04100430323730675
97.0,0.051034763902363556
98.0,0.06573873814652592
99.0,0.07762370669736908
100.0,0.08246669818389105
101.0,0.0800767324812736
102.0,0.0718044167811188
103.0,0.06026393788679815
104.0,0.04882383831079162
105.0,0.04177591200684995
106.0,0.04326083381252327
107.0,0.053476520434672964
108.0,0.06796316971926658
109.0,0.08160377079850582
110.0,0.0921593689301483
111.0,0.0990374984545467
112.0,0.10208780565370834
113.0,0.10217900564609614
114.0,0.10068826603650463
115.0,0.09832321275079382
116.0,0.0947947428725931
117.0,0.08962192572119115
118.0,0.08298738892878016
119.0,0.07606063724962259
120.0,0.07018541873720535
121.0,0.06564633669671156
122.0,0.061985756448938514
123.0,0.05926896656412306
124.0,0.05782649098755871
125.0,0.057384690435475894
126.0,0.058628950388731574
127.0,0.06443629372041293
128.0,0.07583099359780265
129.0,0.08878778913473379
130.0,0.09734615870411778
131.0,0.0980407991526189
132.0,0.08937302015047521
133.0,0.07074041396302685
134.0,0.045497772620966576
135.0,0.02100138027336773
136.0,0.004674763767245099
137.0,0.0
138.0,0.005891818215388617
139.0,0.01844504662761326
140.0,0.03304542362782478
141.0,0.046880342090020816
142.0,0.0596169240597913
143.0,0.07225405249573248
144.0,0.08487770425060095
145.0,0.09608917999367166
146.0,0.10447445184120344
147.0,0.10934892031613185
148.0,0.11046156871913401
149.0,0.1084289001227947
150.0,0.10505734340438216
151.0,0.10226834238180756
152.0,0.10081055002194628
153.0,0.10039075162096439
154.0,0.10068181755063252
155.0,0.10160501279895197
156.0,0.10325897807945016
157.0,0.10568036330868688
158.0,0.10869207931381689
159.0,0.11224319685992502
160.0,0.11663264318791268
161.0,0.12220140966318063
162.0,0.129134739711864
163.0,0.1379431277004292
164.0,0.14923555759964122
165.0,0.16235047506717026
166.0,0.17516381228837102
167.0,0.18534993792780335
168.0,0.19183134901149196
169.0,0.19526755451913527
170.0,0.1974465577024762
171.0,0.1999512069066557
172.0,0.20401291797022014
173.0,0.21174667653840779
174.0,0.22446998453376138
175.0,0.2401662307700267
176.0,0.2548429972153624
177.0,0.2659810878382607
178.0,0.2718598556416055
179.0,0.269171418701394
180.0,0.25732993684012645
181.0,0.24219310244740208
182.0,0.23203878402082434
183.0,0.23143085961677104
184.0,0.23974239986343596
185.0,0.2533488183946644
186.0,0.2678479945186375
187.0,0.28018786068531915
188.0,0.28757490416198855
189.0,0.28727564723850085
190.0,0.27994109386984517
191.0,0.26976618866041746
192.0,0.26022688912059533
193.0,0.2515748109798799
194.0,0.24312730837348093
195.0,0.23495196644152738
196.0,0.22729273769964456
197.0,0.22040704120563062
198.0,0.2148516716386385
199.0,0.21114437196669292
200.0,0.20916065100379586
201.0,0.20815450728203685
202.0,0.20733794166280733
203.0,0.20589474900380872
204.0,0.20267514093995806
205.0,0.19714990286005785
206.0,0.19027013669028245
207.0,0.18381121322980315
208.0,0.1790725434538694
209.0,0.1767382045987869
210.0,0.17722950201470755
211.0,0.18001913689708546
212.0,0.18350712152219165
213.0,0.1859907179485538
214.0,0.18667659640584394
215.0,0.18569494693337144
216.0,0.18362222955169955
217.0,0.1812721874667438
218.0,0.17926851450568723
219.0,0.17766589784242043
220.0,0.17613315433157878
221.0,0.17469470085136857
222.0,0.1739762505729672
223.0,0.17464631809932438
224.0,0.17719991300781107
225.0,0.18237021836960424
226.0,0.1903123193564109
227.0,0.19935574282992657
228.0,0.20669020039264696
229.0,0.21016429875963566
230.0,0.2094569160484819
231.0,0.20580814332972222
232.0,0.20105248298501152
233.0,0.19644020766970294
234.0,0.19228307415174703
235.0,0.1884072884900122
236.0,0.1845813113695805
237.0,0.1808861844304608
238.0,0.1777171316183887
239.0,0.17554703118386994
240.0,0.17476546208014296
241.0,0.17549785465097245
242.0,0.17726159608756276
243.0,0.1791246470604585
244.0,0.18042665058432064
245.0,0.18117561154003448
246.0,0.18159993285588788
247.0,0.18175875094516056
248.0,0.18168323325107175
249.0,0.18136235005774842
250.0,0.18052352477637595
251.0,0.17889105028329227
252.0,0.1767715455969544
253.0,0.17468949513534193
254.0,0.17240437651524004
255.0,0.1692815153147906
256.0,0.16545856956042704
257.0,0.16173813487836697
258.0,0.1586431806170925
259.0,0.15704056309814635
260.0,0.1589934384079864
261.0,0.16540068256091153
262.0,0.17396008594029766
263.0,0.18140566144310366
264.0,0.1865384465966363
265.0,0.18918531363622207
266.0,0.18854079496800846
267.0,0.1848718284462904
268.0,0.18031374619586454
269.0,0.17666567854722365
270.0,0.17383234019670654
271.0,0.17122441377776554
272.0,0.1689543540274989
273.0,0.16707512308063718
274.0,0.16556715916164702
275.0,0.16565982053146538
276.0,0.1691315369914675
277.0,0.17579085681908274
278.0,0.18315355400727573
279.0,0.1885903421170688
280.0,0.19054250950095586
281.0,0.18795428591957483
282.0,0.18081717951117765
283.0,0.17080397967663502
284.0,0.1609458472883905
285.0,0.15458600376095
286.0,0.15351887127502342
287.0,0.15709712614447724
288.0,0.16300254836243294
289.0,0.16907937491332378
290.0,0.17374422820284213
291.0,0.17582644175911677
292.0,0.17542237211934306
293.0,0.17391917781178537
294.0,0.17252112012906054
295.0,0.17109260815075847
296.0,0.1689738575294053
297.0,0.16600828678851584
298.0,0.16249001156376058
299.0,0.15898005781857003
300.0,0.15640482148713705
301.0,0.15562954502728188
302.0,0.15668193397580002
303.0,0.1587434322529567
304.0,0.16099584291277008
305.0,0.1630330314921835
306.0,0.1644321069704115
307.0,0.164989946886162
308.0,0.16529676689321438
309.0,0.16650648720365988
310.0,0.16959983820967664
311.0,0.1750446721506902
312.0,0.18300196078302253
313.0,0.19268838217411008
314.0,0.20202822139921672
315.0,0.20860504139206093
316.0,0.21092369925342186
317.0,0.20912322214212323
318.0,0.20455298024097074
319.0,0.19870293787773716
320.0,0.1921321209158015
321.0,0.18439606463314953
322.0,0.17485472985986142
323.0,0.16402257204678966
324.0,0.1540693490263277
325.0,0.14802900133428354
326.0,0.14817127538772756
327.0,0.15471220995492277
328.0,0.16558276182569226
329.0,0.17725571875051377
330.0,0.18606282044117306
331.0,0.18844656773858148
332.0,0.18290558544493202
333.0,0.17214262703133526
334.0,0.16126202542909152
335.0,0.15361391351564976
336.0,0.14985886595218298
337.0,0.150447734673558
338.0,0.15507616387021705
339.0,0.16114251594162565
340.0,0.1654662198784126
341.0,0.16685222636911867
342.0,0.16610159829923088
343.0,0.16436420280324093
344.0,0.16269969016226707
345.0,0.16199139678865945
346.0,0.16280275420298074
347.0,0.1653442632158706
348.0,0.16911542838028715
349.0,0.17302869952744873
350.0,0.17603777388851566
351.0,0.1776740995095989
352.0,0.17788419694331842
353.0,0.17679418355681048
354.0,0.17483733567983845
355.0,0.17268143185065993
356.0,0.17109561371003146
357.0,0.17054574063887928
358.0,0.17077967265002378
359.0,0.17104675770256797
360.0,0.1707953139302787
361.0,0.1698854761666809
362.0,0.16815791653565318
363.0,0.1657058349769822
364.0,0.16340551473842196
365.0,0.16226906546845507
366.0,0.16244309299927476
367.0,0.16339256638536354
368.0,0.1647606218720382
369.0,0.1664602412849812
370.0,0.1684045373627811
371.0,0.17049754135233622
372.0,0.17267947328022326
373.0,0.17493987662141453
374.0,0.17733642994995358
375.0,0.18017475544119277
376.0,0.18401565301269768
377.0,0.1895051217588447
378.0,0.19694710991343514
379.0,0.20562435735988494
380.0,0.21385951142725335
381.0,0.2197334139542081
382.0,0.2221727927848315
383.0,0.22163827276531783
384.0,0.21972283810645443
385.0,0.21794860020539908
386.0,0.21702315378874354
387.0,0.21723564795851769
388.0,0.21859880748424232
389.0,0.2207765207894007
390.0,0.22328337848705632
391.0,0.225755267245336
392.0,0.22802827729600872
393.0,0.2300135542760493
394.0,0.23140703812278685
395.0,0.23152483824327352
396.0,0.22989903143081253
397.0,0.22683295224409983
398.0,0.22318924952491476
399.0,0.21976389153825499
400.0,0.21695088335925844
401.0,0.2146924876714149
402.0,0.2125387192636778
403.0,0.20997858718697254
404.0,0.2068244827275701
405.0,0.20330167972077606
406.0,0.19962046526694627
407.0,0.19573773123839355
408.0,0.1917308530343605
409.0,0.18790780443452582
410.0,0.18443599851047598
411.0,0.1813378096969801
412.0,0.17895616258480662
413.0,0.17783466328469655
414.0,0.17808762868812622
415.0,0.17949577512653359
416.0,0.18220633642401607
417.0,0.1864054496076451
418.0,0.19149757452549704
419.0,0.19622937783341793
420.0,0.19944945535461195
421.0,0.19983780486927777
422.0,0.1954432416122578
423.0,0.18603623729815005
424.0,0.17475086188942274
425.0,0.1658843080753234
426.0,0.1617808334627644
427.0,0.16265131174120429
428.0,0.16777389325104913
429.0,0.17539760047304465
430.0,0.18307403316853488
431.0,0.18774165113098706
432.0,0.18686040466590165
433.0,0.18087200126128544
434.0,0.17314457587605997
435.0,0.1667607038372501
436.0,0.16303742035620067
437.0,0.16439605075324437
438.0,0.1733762082052524
439.0,0.18767666192944626
440.0,0.2009383048346675
441.0,0.2085311732643471
442.0,0.2100168986971282
443.0,0.20671857749933636
444.0,0.2004819901829062
445.0,0.19358423669555697
446.0,0.18790851594579844
447.0,0.18438005635180327
448.0,0.18271206733885953
449.0,0.18187385477966628
450.0,0.18083561014378757
451.0,0.17919813150861524
452.0,0.17729085771925607
453.0,0.17574051410246067
454.0,0.17504460703306213
455.0,0.1752108949846557
456.0,0.1754223239173981
457.0,0.1744101515179602
458.0,0.17167519606575066
459.0,0.16795955095869375
460.0,0.1640752301455795
461.0,0.1602367051618811
462.0,0.15717007545535033
463.0,0.15611820608133148
464.0,0.15727446778174786
465.0,0.1595740940295804
466.0,0.1621882117465525
467.0,0.16501884848884724
468.0,0.16779701298063887
469.0,0.1698570829403132
470.0,0.17058097860057264
471.0,0.16968403284632183
472.0,0.16717694070704014
473.0,0.16357942451415447
474.0,0.15999004394032873
475.0,0.15769550751964934
476.0,0.15766019115485602
477.0,0.16016545831354045
478.0,0.16487536082577042
479.0,0.17057701440640716
480.0,0.17544561714706214
481.0,0.17816442178452513
482.0,0.1786922765868681
483.0,0.17784887090885826
484.0,0.17647289230086666
485.0,0.1754745087302379
486.0,0.17561332238740968
487.0,0.17668988035150623
488.0,0.17760406563488457
489.0,0.17743413539881697
490.0,0.17627966455443822
491.0,0.1751472788274137
492.0,0.17512445403010718
493.0,0.17642992753214481
494.0,0.17837973345046299
495.0,0.1804044991548992
496.0,0.1820043962963901
497.0,0.18177663814018385
498.0,0.178553618360767
499.0,0.17320677440118337
500.0,0.16807792078063377
501.0,0.16498951359677178
502.0,0.16447778615456893
503.0,0.1662693018915542
504.0,0.16972826411133657
505.0,0.17428775672747426
506.0,0.17817378618620744
507.0,0.1780215209618734
508.0,0.17259449386207731
509.0,0.1649134380291375
510.0,0.15878967632747437
511.0,0.1553333139437903
512.0,0.15458919528444875
513.0,0.15709158504991189
514.0,0.16229957519075427
515.0,0.1682013307170716
516.0,0.17281731677056617
517.0,0.17546969348532143
518.0,0.17667073611083633
519.0,0.17737445670952895
520.0,0.17811890783860057
521.0,0.17914401552420867
522.0,0.18159097880739888
523.0,0.1865885973811992
524.0,0.1932234976268341
525.0,0.199115677074248
526.0,0.20268104253210123
527.0,0.20376375905990113
528.0,0.20271889036281132
529.0,0.19999400794664424
530.0,0.19596020076910858
531.0,0.19091471249119157
532.0,0.18519416877838218
533.0,0.1792743385897117
534.0,0.1737342234129251
535.0,0.1688249849746965
536.0,0.16428544850564386
537.0,0.1598102084049971
538.0,0.15552537457156757
539.0,0.1519235851054918
540.0,0.14963171191403274
541.0,0.14945004762991898
542.0,0.15194335036808798
543.0,0.15653885041653637
544.0,0.16171592507971994
545.0,0.1663105304036312
546.0,0.1702129718286131
547.0,0.17379224277223404
548.0,0.17732366773875535
549.0,0.1808398737108307
550.0,0.1840327559044534
551.0,0.1863339887597379
552.0,0.1873235562900848
553.0,0.18710579889231788
554.0,0.1860086035814621
555.0,0.1839861028373626
556.0,0.18073490989416857
557.0,0.1761531409643276
558.0,0.17067332995080492
559.0,0.16522348868649744
560.0,0.16092023343946393
561.0,0.15861388289673312
562.0,0.1583755036306816
563.0,0.15952098980636265
564.0,0.16125363873889015
565.0,0.1631990086143736
566.0,0.1648167891619478
567.0,0.16526277848439574
568.0,0.16445453308225627
569.0,0.16344267719673022
570.0,0.1636457239462401
571.0,0.1658466016964537
572.0,0.1697985465909062
573.0,0.1743556698465204
574.0,0.17799640551221413
575.0,0.17951295568715908
576.0,0.17822490793162188
577.0,0.1743585274775647
578.0,0.16915370702965515
579.0,0.16432500315205467
580.0,0.16132365423944067
581.0,0.16052205253222074
582.0,0.16109307002883955
583.0,0.16174698240043311
584.0,0.1617480099885476
585.0,0.16096396967301763
586.0,0.1593632542093948
587.0,0.15714393469901017
588.0,0.15483888151477515
589.0,0.1532480564960419
590.0,0.15312077819135633
591.0,0.15452787022820863
592.0,0.15673810672108957
593.0,0.1588790985906398
594.0,0.16050165086759982
595.0,0.16116372833670806
596.0,0.1603885243562927
597.0,0.15846748133452415
598.0,0.15635633673245947
599.0,0.15451910973793032
600.0,0.15261975780899828
601.0,0.15044165087063033
602.0,0.14829640710793524
603.0,0.14661047309309216
604.0,0.14592787090433695
605.0,0.14725538901786223
606.0,0.151168525233216
607.0,0.1567144252221887
608.0,0.16208817045951013
609.0,0.1661846848287437
610.0,0.16884750863096915
611.0,0.17016133633226083
612.0,0.17041440212908215
613.0,0.17007754519421708
614.0,0.1687653001017374
615.0,0.16486125530404983
616.0,0.15758366454187006
617.0,0.1484468791147891
618.0,0.13991075481148796
619.0,0.13363415017263275
620.0,0.13092175574000592
621.0,0.13277815426351275
622.0,0.13828433337463192
623.0,0.14474443365146578
624.0,0.14993915960591286
625.0,0.15347834635509106
626.0,0.15575748340332246
627.0,0.1571080534594263
628.0,0.15792404448925434
629.0,0.1586421591327879
630.0,0.1597192555674275
631.0,0.16135800066335665
632.0,0.16324550476880412
633.0,0.16471321742369355
634.0,0.1651595276282709
635.0,0.1643394793225742
636.0,0.16233802038511752
637.0,0.1596091799674199
638.0,0.1568569526147463
639.0,0.15460911212133804
640.0,0.15291338195209903
641.0,0.151537709290458
642.0,0.15041724781868399
643.0,0.15011481263633314
644.0,0.15172647035857828
645.0,0.15583297710888877
646.0,0.16182129130291734
647.0,0.16841387837825073
648.0,0.17410910488074055
649.0,0.1759326604600413
650.0,0.1706748028355412
651.0,0.15921929027402515
652.0,0.14664545361118814
653.0,0.13720947428476177
654.0,0.13168174629195334
655.0,0.12970360699888112
656.0,0.13091848434999048
657.0,0.1341939251220141
658.0,0.13796967941245092
659.0,0.141134818576084
660.0,0.1435486791129436
661.0,0.1458196494766903
662.0,0.14883631861207186
663.0,0.1532589937085494
664.0,0.15946970867947569
665.0,0.167827588025794
666.0,0.17814998738027382
667.0,0.18938020981957104
668.0,0.19985167488855915
669.0,0.20804660915578393
670.0,0.21375132310591477
671.0,0.2183592515472585
672.0,0.22409874195859725
673.0,0.23281343799664278
674.0,0.2457918713706222
675.0,0.2633858253323449
676.0,0.2837181614461513
677.0,0.3029843262140656
678.0,0.3169732260657153
679.0,0.3233151481639592
680.0,0.3228614564730842
681.0,0.31865889343827764
682.0,0.31319616870269135
683.0,0.30729875630415854
684.0,0.3017057613197154
685.0,0.29710906660735475
686.0,0.2931073911176689
687.0,0.2880968972694418
688.0,0.27998569084508323
689.0,0.2677258486583406
690.0,0.2522445167625999
691.0,0.23592969386297347
692.0,0.22111735473616323
693.0,0.20959379920124205
694.0,0.2026631478309069
695.0,0.19997514577805603
696.0,0.19930704838169883
697.0,0.1980771934559099
698.0,0.1950230134354078
699.0,0.19013288124146704
700.0,0.18390265790321092
701.0,0.17726670749816292
702.0,0.1712461923478309
703.0,0.16661259445528603
704.0,0.16362076720735885
705.0,0.16190710677477632
706.0,0.16095159198051834
707.0,0.16084477569932704
708.0,0.16221182190685535
709.0,0.16524454774892056
710.0,0.16929048134436558
711.0,0.17330483988653084
712.0,0.1762327613013106
713.0,0.1770739868108271
714.0,0.175509088772759
715.0,0.17236796687401768
716.0,0.16870848688018925
717.0,0.16452010117785681
718.0,0.15934639229999498
719.0,0.15359670800109787
720.0,0.14842242610682427
721.0,0.14490947608414545
722.0,0.1440207339344446
723.0,0.14658795414334735
724.0,0.15218699136937713
725.0,0.158789278029966
726.0,0.16364012776893877
727.0,0.16477106703199124
728.0,0.16217180973400436
729.0,0.15759032891133667
730.0,0.15301926287883766
731.0,0.14965618631907007
732.0,0.14907122920441168
733.0,0.15277444119587585
734.0,0.15974739083058415
735.0,0.16699248244701126
736.0,0.17299511651686067
737.0,0.17810799791131188
738.0,0.18145530100487467
739.0,0.18143935641076253
740.0,0.17882353786087496
741.0,0.17561116586548597
742.0,0.17161058966984416
743.0,0.16568591443188413
744.0,0.1590301052427976
745.0,0.15448585659113823
746.0,0.15402183187487473
747.0,0.15879650369566262
748.0,0.17006222191336534
749.0,0.1868716849713028
750.0,0.20517916909466755
751.0,0.22207953660389906
752.0,0.23875162326444488
753.0,0.25619382422414666
754.0,0.2718226963742787
755.0,0.28281119385218917
756.0,0.28817663111478914
757.0,0.28477664275055325
758.0,0.2680706269486697
759.0,0.240558839848808
760.0,0.2119215320307432
761.0,0.18889005803534165
762.0,0.1710310773371302
763.0,0.1566745898844904
764.0,0.1461759985966875
765.0,0.1404296521686672
766.0,0.1399618240968541
767.0,0.14481987302296773
768.0,0.15398201450289234
769.0,0.16515449601404208
770.0,0.17440773544035382
771.0,0.17640933414666332
772.0,0.16895775901007104
773.0,0.15620669196336212
774.0,0.14506981158198895
775.0,0.13941776822834828
776.0,0.1397308709230129
777.0,0.1453477478304322
778.0,0.15403557767391168
779.0,0.16234472943723544
780.0,0.16710447643739285
781.0,0.16687776250780906
782.0,0.16250289239858862
783.0,0.1562062592144169
784.0,0.15025261218252361
785.0,0.14580350544388415
786.0,0.14327162470587945
787.0,0.142658044086392
788.0,0.14332652442861415
789.0,0.14447988961298713
790.0,0.14599394750782174
791.0,0.148215930304594
792.0,0.1508650595089056
793.0,0.15296366952798646
794.0,0.15365872552347454
795.0,0.1529989395568337
796.0,0.15210419164155764
797.0,0.15216889271551676
798.0,0.15326902817198212
799.0,0.1546447477774494
800.0,0.15577569297634852
801.0,0.1562059339318757
802.0,0.15513388381674748
803.0,0.152345821266837
804.0,0.14887621418126623
805.0,0.14651693649229985
806.0,0.14669448933710594
807.0,0.14940609615098122
808.0,0.1531749091022091
809.0,0.15611713306714564
810.0,0.15716222929080698
811.0,0.15617107027594052
812.0,0.15356178185292896
813.0,0.1498419731236329
814.0,0.14534235814519147
815.0,0.14054935244202782
816.0,0.1362221460068228
817.0,0.13319846178239592
818.0,0.13237893461535055
819.0,0.1349944615930489
820.0,0.14160363123040404
821.0,0.15086140590322367
822.0,0.15988453860869423
823.0,0.16575444615018714
824.0,0.16720133793260622
825.0,0.16509934534878434
826.0,0.16152224629506845
827.0,0.15804385430210144
828.0,0.15540053711435325
829.0,0.15396674937984095
830.0,0.1534701972273933
831.0,0.15312473219052275
832.0,0.15314949280150403
833.0,0.15525090161160843
834.0,0.1599259837914087
835.0,0.16497188499618098
836.0,0.16779408554791053
837.0,0.16746025255244518
838.0,0.16367557867415033
839.0,0.15642237581675256
840.0,0.14766123889767535
841.0,0.1409026689349407
842.0,0.1388184365996133
843.0,0.1413984693760642
844.0,0.14603840326390616
845.0,0.14957914896214608
846.0,0.15076521066601167
847.0,0.15037577747366254
848.0,0.14901330526628148
849.0,0.14682825160311852
850.0,0.14463299133363156
851.0,0.1437823438518988
852.0,0.14541101912955773
853.0,0.14954452168449894
854.0,0.15490654163206957
855.0,0.15943023710352477
856.0,0.16123872764115815
857.0,0.1591942746544472
858.0,0.1530143822353316
859.0,0.14386662371101783
860.0,0.13420997255217415
861.0,0.12764241701926832
862.0,0.12734061848338546
863.0,0.13262307764076692
864.0,0.13895216181914055
865.0,0.14272343860219766
866.0,0.14425214286830962
867.0,0.1452677836922417
868.0,0.1468163593654236
869.0,0.14999612962657166
870.0,0.15529791336983095
871.0,0.16092451767755228
872.0,0.1636803877107692
873.0,0.16154373203001915
874.0,0.15522219875473137
875.0,0.14754095940804096
876.0,0.14186117226603112
877.0,0.14052992183856677
878.0,0.14402843543791966
879.0,0.15153251375453508
880.0,0.1611366582257608
881.0,0.17036456898898267
882.0,0.17635979147264141
883.0,0.17630679229013796
884.0,0.1701010626359198
885.0,0.16124681656373596
886.0,0.15360970165901455
887.0,0.14819542111667278
888.0,0.1444133290149801
889.0,0.14207886488417504
890.0,0.14100863361440247
891.0,0.14084750957180148
892.0,0.14181350865926973
893.0,0.14452181122077484
894.0,0.1484697600947984
895.0,0.15200668930493588
896.0,0.15416868802009343
897.0,0.15541517109901581
898.0,0.15657230083176732
899.0,0.1581811179437162
900.0,0.1607298039306807
901.0,0.16421915892708683
902.0,0.1675832154934947
903.0,0.16969123654258622
904.0,0.17082792704291794
905.0,0.1719758910119274
906.0,0.17310708042432005
907.0,0.17345145823157554
908.0,0.17266823505259193
909.0,0.17073504192293493
910.0,0.16746621279136908
911.0,0.16322912046984583
912.0,0.15934340589334434
913.0,0.15706544385031035
914.0,0.1566507055025132
915.0,0.1577670855852728
916.0,0.1601308204451029
917.0,0.16325402141516815
918.0,0.16638043887152648
919.0,0.16874201220689883
920.0,0.1699077605215416
921.0,0.17001814425046674
922.0,0.16960754083203483
923.0,0.16917690413177972
924.0,0.16873058180335704
925.0,0.16761918390504577
926.0,0.1650383459230012
927.0,0.1607934666541228
928.0,0.15540326752295247
929.0,0.14949660420032684
930.0,0.1436165043387927
931.0,0.13838710515176106
932.0,0.13421564787966062
933.0,0.13099718139840028
934.0,0.1288853632010365
935.0,0.1290451102142936
936.0,0.13252106167846378
937.0,0.13895359680002578
938.0,0.14672067593455052
939.0,0.15392428984187073
940.0,0.1585937709115322
941.0,0.15904842669001412
942.0,0.1549601850972107
943.0,0.1477176470798
944.0,0.1402660687380694
945.0,0.13570301818959224
946.0,0.13558355216678947
947.0,0.1392657899299895
948.0,0.1449091401727673
949.0,0.1506196579310322
950.0,0.1544278258866893
951.0,0.15456704227065482
952.0,0.14958369318993686
953.0,0.1394574837792984
954.0,0.12684479875041138
955.0,0.11566842847726294
956.0,0.10842009859432683
957.0,0.10524095519023174
958.0,0.10520854164677518
959.0,0.10702336675027307
960.0,0.10933901574599458
961.0,0.1112103962116569
962.0,0.11224223190139315
963.0,0.11301521618124943
964.0,0.11496824973764685
965.0,0.11962848469410331
966.0,0.12769734664846322
967.0,0.13817678885544288
968.0,0.14865675464900335
969.0,0.15661359206743702
970.0,0.16065229029257705
971.0,0.1602245400450371
972.0,0.1553732303427416
973.0,0.14767295174746825
974.0,0.13993849834617061
975.0,0.1349161150527292
976.0,0.13388007659682216
977.0,0.13624360234249383
978.0,0.14025780117670233
979.0,0.14425396535417806
980.0,0.1473197980327255
981.0,0.14878417453486864
982.0,0.14831698718585923
983.0,0.14628134892694405
984.0,0.14385553737317486
985.0,0.14281015811179304
986.0,0.14398577484324465
987.0,0.14612397417806605
988.0,0.14683087669621037
989.0,0.14450393518653376
990.0,0.13929235229519027
991.0,0.13275941258237062
992.0,0.1274432033860618
993.0,0.12585908676947938
994.0,0.12952397176616576
995.0,0.13839954099860202
996.0,0.1500901410307533
997.0,0.1607656349857211
998.0,0.16739476507957513
999.0,0.1693698738469977
1000.0,0.1680107901456987
1001.0,0.16521358780931888
1002.0,0.16277469350024382
1003.0,0.16186512961222538
1004.0,0.16331402087609875
1005.0,0.16752819549719372
1006.0,0.17408021230629428
1007.0,0.18164386166328744
1008.0,0.18823853358541104
1009.0,0.19227919439629332
1010.0,0.1934906641724627
1011.0,0.19275933556563657
1012.0,0.1910738965375674
1013.0,0.18920316908100393
1014.0,0.1879191600388193
1015.0,0.18739038279959447
1016.0,0.18676248870046758
1017.0,0.18425244575913807
1018.0,0.17794769984574582
1019.0,0.16793207644734026
1020.0,0.1570321679491536
1021.0,0.1486204570281076
1022.0,0.14414455520683472
1023.0,0.14335327125539493
1024.0,0.14522829755504013
1025.0,0.14734227624803015
1026.0,0.14679350044387135
1027.0,0.14292575738115093
1028.0,0.13791286343244186
1029.0,0.13418591105892957
1030.0,0.13246502371413765
1031.0,0.13238430068780077
1032.0,0.13318368476528858
1033.0,0.1338943477083558
1034.0,0.1339967301441079
1035.0,0.13397043512727397
1036.0,0.134633882110947
1037.0,0.1359144700315829
1038.0,0.1366349052325196
1039.0,0.13527840466036073
1040.0,0.13134022557432484
1041.0,0.12606494249849026
1042.0,0.12142994217739261
1043.0,0.11851421218258468
1044.0,0.11755577277833545
1045.0,0.1187651156225174
1046.0,0.1219342214427806
1047.0,0.12615100124688688
1048.0,0.1300869636849174
1049.0,0.1326059732632116
1050.0,0.13322433068060396
1051.0,0.13230932000004952
1052.0,0.13125287813491843
1053.0,0.13213629125832477
1054.0,0.13765583312366364
1055.0,0.1496526418403626
1056.0,0.16655477094633803
1057.0,0.18393611087940803
1058.0,0.19798861915788574
1059.0,0.2080222370333133
1060.0,0.21596147198750665
1061.0,0.22408529996266618
1062.0,0.2326710005972879
1063.0,0.23953050526786673
1064.0,0.24167960430354313
1065.0,0.2378307095340509
1066.0,0.22971557323208652
1067.0,0.22104398932016506
1068.0,0.21501102023998836
1069.0,0.21302058401224672
1070.0,0.21495910279194658
1071.0,0.21875822019686036
1072.0,0.2209661975171397
1073.0,0.21863149784175034
1074.0,0.21090956622230733
1075.0,0.19947653209064448
1076.0,0.18732244824708394
1077.0,0.1774449364910778
1078.0,0.17143741913481253
1079.0,0.16878405051405515
1080.0,0.16752468118944192
1081.0,0.16559157054700607
1082.0,0.162067826634603
1083.0,0.15712206766235176
1084.0,0.15149561196539235
1085.0,0.14604668815921312
1086.0,0.14130388007435363
1087.0,0.13747607710409232
1088.0,0.1345116256573083
1089.0,0.13218593192634148
1090.0,0.13044403636383312
1091.0,0.1297046277687996
1092.0,0.1304447096610412
1093.0,0.13254729860352205
1094.0,0.13524252250146868
1095.0,0.1375769745870304
1096.0,0.13898688406591247
1097.0,0.13956553698854962
1098.0,0.13982309991194947
1099.0,0.14019099007994035
1100.0,0.1411642851706016
1101.0,0.14338323838234684
1102.0,0.14685138094790334
1103.0,0.15059171481084815
1104.0,0.15330664553955858
1105.0,0.1541958777253279
1106.0,0.15299747859843077
1107.0,0.14990785226584552
1108.0,0.14581584583545576
1109.0,0.1420519487141823
1110.0,0.13994854490054337
1111.0,0.14011552885708806
1112.0,0.14186513985075327
1113.0,0.14384664727196156
1114.0,0.14544657654581378
1115.0,0.1471790944038352
1116.0,0.14980952188376234
1117.0,0.15345531908162485
1118.0,0.15728595934923012
1119.0,0.15979990335293842
1120.0,0.1594987626104039
1121.0,0.1560683275331481
1122.0,0.15087855773691344
1123.0,0.1457533430804277
1124.0,0.1413414429969287
1125.0,0.1375135388322944
1126.0,0.13449877241494695
1127.0,0.1326055228253304
1128.0,0.1317590508208349
1129.0,0.13176248264494034
1130.0,0.13258946726766557
1131.0,0.13405115228377834
1132.0,0.13578381405138557
1133.0,0.1381999413028338
1134.0,0.14239516807139002
1135.0,0.1483372217432311
1136.0,0.1541991436091475
1137.0,0.1576428757348564
1138.0,0.15725387148263265
1139.0,0.15282996174985014
1140.0,0.1453910251456922
1141.0,0.13692337694794082
1142.0,0.12955026586695256
1143.0,0.1248992664952509
1144.0,0.12329405969329105
1145.0,0.12355756162082304
1146.0,0.12424366769198919
1147.0,0.12519722943577843
1148.0,0.1271318971907905
1149.0,0.13014317645849088
1150.0,0.1334615666864724
1151.0,0.1360498450035807
1152.0,0.13679195092571012
1153.0,0.13470352061895735
1154.0,0.1301037989058838
1155.0,0.12500737724531735
1156.0,0.1222969836966536
1157.0,0.12412053734561396
1158.0,0.1303231894963835
1159.0,0.13836221739472282
1160.0,0.14448837108552642
1161.0,0.1458167114191466
1162.0,0.14152731035575755
1163.0,0.13305749532833394
1164.0,0.12342110087606412
1165.0,0.11578284590352356
1166.0,0.11283910930702529
1167.0,0.11549461374232856
1168.0,0.12178551516840314
1169.0,0.12841432649303136
1170.0,0.133633703845423
1171.0,0.13777650875058628
1172.0,0.14130975145463637
1173.0,0.14407804545373154
1174.0,0.14570900381945623
1175.0,0.14531463832903996
1176.0,0.14125773268680614
1177.0,0.13325346344634942
1178.0,0.12393236665676804
1179.0,0.1163974538722728
1180.0,0.11124674158470488
1181.0,0.10756368959128176
1182.0,0.10513327074171191
1183.0,0.10469160698682084
1184.0,0.10734145302700865
1185.0,0.11383141007986058
1186.0,0.12383590494227054
1187.0,0.13529943627583946
1188.0,0.14498061871089712
1189.0,0.1495829555144817
1190.0,0.14754867306890335
1191.0,0.14046660253577298
1192.0,0.13258598940931182
1193.0,0.1291705712970384
1194.0,0.13337697602811632
1195.0,0.14416334579136986
1196.0,0.15712281783168908
1197.0,0.16766642138839366
1198.0,0.17291685978898813
1199.0,0.1710281058685949
1200.0,0.1623873385774804
1201.0,0.15055195784876158
1202.0,0.1398963790609587
1203.0,0.13245847687727047
1204.0,0.12773318020983576
1205.0,0.12465363812966707
1206.0,0.12268846289218366
1207.0,0.12219246161946257
1208.0,0.12369716225769328
1209.0,0.1270351718245733
1210.0,0.13138075195990534
1211.0,0.13553716647063835
1212.0,0.13712617303113245
1213.0,0.1333651203691118
1214.0,0.12469555093332102
1215.0,0.11538541921898132
1216.0,0.10941391688977337
1217.0,0.10752235377105485
1218.0,0.10871071661904791
1219.0,0.11189045388029689
1220.0,0.11605161818256055
1221.0,0.12059387996850263
1222.0,0.125432424545396
1223.0,0.13063950560691967
1224.0,0.13587697058151665
1225.0,0.14056883437559425
1226.0,0.14456988133192267
1227.0,0.14814040335852446
1228.0,0.1514513581955796
1229.0,0.15395788660579962
1230.0,0.15421491720128983
1231.0,0.15113711249361544
1232.0,0.1452149680845332
1233.0,0.13843144981089256
1234.0,0.13316989221995318
1235.0,0.13190629233700363
1236.0,0.13667392973513165
1237.0,0.14675030966115893
1238.0,0.15827879670159467
1239.0,0.1668622030430063
1240.0,0.17041724466046443
1241.0,0.16952310864530068
1242.0,0.16615860826966827
1243.0,0.16221281645245683
1244.0,0.158291913630016
1245.0,0.15405484834427113
1246.0,0.14908689194877695
1247.0,0.1436111127772413
1248.0,0.13869967509172693
1249.0,0.1358362915470695
1250.0,0.13577865948576545
1251.0,0.1375938603694074
1252.0,0.13961118766193686
1253.0,0.14139449316967118
1254.0,0.1434963807141097
1255.0,0.14577921489896611
1256.0,0.14722763729103533
1257.0,0.14677187280627763
1258.0,0.14355991173631538
1259.0,0.13695579484355563
1260.0,0.1276238971150208
1261.0,0.11787821308151242
1262.0,0.11013507721296262
1263.0,0.1052852234127542
1264.0,0.10281943254784393
1265.0,0.10184433925613551
1266.0,0.10152444084570317
1267.0,0.10144573433476817
1268.0,0.10164051154061188
1269.0,0.10236459381596658
1270.0,0.1038565626175017
1271.0,0.10634185136127433
1272.0,0.11058905743534958
1273.0,0.11739348086701201
1274.0,0.12610657330055847
1275.0,0.13467802767979414
1276.0,0.1411806505672712
1277.0,0.14487944125294078
1278.0,0.14603565712073324
1279.0,0.1454901725996754
1280.0,0.14413854896026163
1281.0,0.14286738397550264
1282.0,0.1428478360385132
1283.0,0.14463243811946208
1284.0,0.14733291681570987
1285.0,0.14890959315953595
1286.0,0.14730507756281802
1287.0,0.14220693151199998
1288.0,0.13558007454831483
1289.0,0.12965088538002206
1290.0,0.12483595712777479
1291.0,0.12072374569306593
1292.0,0.11754213228604043
1293.0,0.11579461989147338
1294.0,0.11590711297279482
1295.0,0.11896363462744991
1296.0,0.12621900479216036
1297.0,0.13665171042529517
1298.0,0.1469731848263845
1299.0,0.15479722931554335
1300.0,0.16020094087600362
1301.0,0.16404744528319887
1302.0,0.1664791872209535
1303.0,0.16669269437168227
1304.0,0.16362210776563652
1305.0,0.1570272120188801
1306.0,0.14816602359581105
1307.0,0.13947486237172252
1308.0,0.13383376322843138
1309.0,0.13385712780043107
1310.0,0.13990606357208574
1311.0,0.14919359234651824
1312.0,0.15708444694438467
1313.0,0.15962741638049233
1314.0,0.15578274642939155
1315.0,0.1475886025191357
1316.0,0.13845735441746082
1317.0,0.13085148739817992
1318.0,0.12671277244492357
1319.0,0.127873954435281
1320.0,0.13398765242379912
1321.0,0.1421076738879356
1322.0,0.14885583657454443
1323.0,0.1526499995906611
1324.0,0.15375165482855996
1325.0,0.1534074217377544
1326.0,0.15302441736241096
1327.0,0.1533511365148102
1328.0,0.15450664678601073
1329.0,0.1560549902534097
1330.0,0.15705152850416654
1331.0,0.1565423557112065
1332.0,0.15402460874762763
1333.0,0.14999086493868125
1334.0,0.14603513593139267
1335.0,0.14374166144721306
1336.0,0.14341900279688086
1337.0,0.1442312990951648
1338.0,0.1453334098278813
1339.0,0.14635929954578192
1340.0,0.14736714518703192
1341.0,0.1488570497571277
1342.0,0.1515268597974399
1343.0,0.15570645015779344
1344.0,0.16104044292442027
1345.0,0.16671970055326163
1346.0,0.17197830754144744
1347.0,0.17629786351111126
1348.0,0.17924180535410322
1349.0,0.17954822087343364
1350.0,0.17553657700814512
1351.0,0.16751639987634875
1352.0,0.15820886771278192
1353.0,0.15038374313590536
1354.0,0.1451586549921004
1355.0,0.14265300969457057
1356.0,0.14245316616201426
1357.0,0.14350625230269903
1358.0,0.14479133596389376
1359.0,0.14613268140383956
1360.0,0.14798598953087966
1361.0,0.15048040881382668
1362.0,0.15310603012810015
1363.0,0.15507571508541246
1364.0,0.1558835894502209
1365.0,0.1556558485580926
1366.0,0.15520627302096784
1367.0,0.15564687532654792
1368.0,0.15780576694476384
1369.0,0.16181158181928673
1370.0,0.16663792685636353
1371.0,0.1704451455892328
1372.0,0.17175237555488349
1373.0,0.17037627800228733
1374.0,0.16738158838174694
1375.0,0.16414128730884286
1376.0,0.1612395846138473
1377.0,0.15819683028261117
1378.0,0.15463322618351955
1379.0,0.15101448528403677
1380.0,0.14811522506014502
1381.0,0.1464691784238102
1382.0,0.14629975207798623
1383.0,0.14746093516836684
1384.0,0.14939930851986855
1385.0,0.15181538036025338
1386.0,0.15553057504564044
1387.0,0.16139872206305766
1388.0,0.16841562845993302
1389.0,0.17454552178910282
1390.0,0.17896841626068943
1391.0,0.18206816332532233
1392.0,0.18403001706849503
1393.0,0.18442192766255833
1394.0,0.18245842255600647
1395.0,0.17729025779069912
1396.0,0.16841803691882845
1397.0,0.15697668677533022
1398.0,0.14593630237914673
1399.0,0.13859194986945428
1400.0,0.1366862996161045
1401.0,0.13940973789075023
1402.0,0.1441914637708574
1403.0,0.14867321293546737
1404.0,0.1521460897513099
1405.0,0.1546888716011236
1406.0,0.15624517689746859
1407.0,0.15668755987233268
1408.0,0.15597200450645926
1409.0,0.15435977667750905
1410.0,0.1523832101797004
1411.0,0.1505807243810507
1412.0,0.14935120216606096
1413.0,0.14905178873491837
1414.0,0.1498376462553795
1415.0,0.1514820264708427
1416.0,0.1532903027902977
1417.0,0.1542263465197255
1418.0,0.15365989506995842
1419.0,0.15194048864204818
1420.0,0.1503882652975747
1421.0,0.15065363622238354
1422.0,0.15424700836412536
1423.0,0.16212055412755916
1424.0,0.17325323473321702
1425.0,0.18443382647038903
1426.0,0.19142089251639854
1427.0,0.19115296539978782
1428.0,0.1842534799450815
1429.0,0.17489071182079835
1430.0,0.16789327519621772
1431.0,0.16568448470118452
1432.0,0.16807171695023887
1433.0,0.17314961797571987
1434.0,0.17815428491167734
1435.0,0.18062942361447837
1436.0,0.17852663416267894
1437.0,0.1713616221005127
1438.0,0.16153619595825403
1439.0,0.15349901875589494
1440.0,0.15165365481477217
1441.0,0.15738214126990208
1442.0,0.16779778057265976
1443.0,0.17791671854922858
1444.0,0.18439535165807147
1445.0,0.1866774392035669
1446.0,0.1855160137087491
1447.0,0.18237917819068378
1448.0,0.17890515616159858
1449.0,0.17631717570413968
1450.0,0.17518379046825977
1451.0,0.1754617403536583
1452.0,0.1769615452462226
1453.0,0.18003384347438783
1454.0,0.18554269325434364
1455.0,0.19307650595198028
1456.0,0.20039316893279419
1457.0,0.2054180646700467
1458.0,0.2077687790201584
1459.0,0.20802993722480517
1460.0,0.20678681518670855
1461.0,0.20451542044261567
1462.0,0.20126770507658925
1463.0,0.19627515129957113
1464.0,0.1889043346454165
1465.0,0.18033889417110466
1466.0,0.17299887588321555
1467.0,0.168319096388094
1468.0,0.16586747097180415
1469.0,0.1641983314179563
1470.0,0.1627545000486948
1471.0,0.16328583469386
1472.0,0.16797456423242502
1473.0,0.17666399214231748
1474.0,0.18658892928884346
1475.0,0.19415370645158753
1476.0,0.1962454693474795
1477.0,0.19116279086626126
1478.0,0.18048114116515596
1479.0,0.16878476356743582
1480.0,0.1610021349108946
1481.0,0.15944526609160242
1482.0,0.16290228265039824
1483.0,0.16798462639109218
1484.0,0.17109425355433255
1485.0,0.170490647598666
1486.0,0.16660499257212208
1487.0,0.1612361662545942
1488.0,0.1565303212501032
1489.0,0.15389370036627797
1490.0,0.15394033653089173
1491.0,0.15645840647792592
1492.0,0.16044917468889758
1493.0,0.16461549964104244
1494.0,0.1678512277217657
1495.0,0.16978018280739
1496.0,0.1707964667292135
1497.0,0.17232538514778112
1498.0,0.17679462066723178
1499.0,0.18541305174596584
1500.0,0.1963503890011265
1501.0,0.2058586636081839
1502.0,0.2108770760281396
1503.0,0.2098734691503577
1504.0,0.2025636311709626
1505.0,0.19124197912716195
1506.0,0.18050157539838502
1507.0,0.17471285603971026
1508.0,0.17547716693420795
1509.0,0.1807650061182618
1510.0,0.1864855990589444
1511.0,0.1889226774884864
1512.0,0.18684865704649195
1513.0,0.18142103070600474
1514.0,0.17479511060042935
1515.0,0.16879804417896954
1516.0,0.16414135831454396
1517.0,0.16108351020837658
1518.0,0.1598000490503913
1519.0,0.1600914476190633
1520.0,0.1622338977231111
1521.0,0.16832048555563556
1522.0,0.17982727863192255
1523.0,0.19406487080951257
1524.0,0.20548177832288045
1525.0,0.2098086128803372
1526.0,0.20662010674034753
1527.0,0.19882873466960632
1528.0,0.1903497692599952
1529.0,0.18335906425067677
1530.0,0.17830332780228436
1531.0,0.17534432485241497
1532.0,0.17438919719484042
1533.0,0.17516762094673716
1534.0,0.17811617948385633
1535.0,0.18435438542424293
1536.0,0.19330183790739014
1537.0,0.20199692839001265
1538.0,0.20790986730194821
1539.0,0.21089515017132693
1540.0,0.21194800966488697
1541.0,0.21157710681515457
1542.0,0.20925311042757372
1543.0,0.20403857077752247
1544.0,0.19615803590805964
1545.0,0.18738507601407067
1546.0,0.1799310053709982
1547.0,0.1754686376649433
1548.0,0.17505394169866478
1549.0,0.17843187921450504
1550.0,0.18361644241874503
1551.0,0.18844978706284815
1552.0,0.19256061171676647
1553.0,0.19672486426102004
1554.0,0.20092435099647094
1555.0,0.20403144498505826
1556.0,0.20461267555005863
1557.0,0.20218788901822188
1558.0,0.197852669501752
1559.0,0.19373810274583964
1560.0,0.1917789597344844
1561.0,0.19308161040958255
1562.0,0.1976700321001737
1563.0,0.2040394882573197
1564.0,0.20973511089749958
1565.0,0.2123928522400766
1566.0,0.21099441587606843
1567.0,0.2065848937828299
1568.0,0.20170463271637945
1569.0,0.1991970575703254
1570.0,0.20054706679983397
1571.0,0.20504955626498217
1572.0,0.21062215559477077
1573.0,0.2156962830475468
1574.0,0.2199407656107633
1575.0,0.2233347950356161
1576.0,0.22543525157341976
1577.0,0.22520763584374698
1578.0,0.2210268220026131
1579.0,0.21093765469543407
1580.0,0.19516153409446974
1581.0,0.17775063790733187
1582.0,0.16546934733310786
1583.0,0.16467656029937677
1584.0,0.17645382976480312
1585.0,0.1951290309867793
1586.0,0.21134112742109418
1587.0,0.21766951681403407
1588.0,0.21232181682858348
1589.0,0.19908839134910677
1590.0,0.18462726159574966
1591.0,0.17422489246633982
1592.0,0.17050148415904692
1593.0,0.17330632054399814
1594.0,0.1801143972565859
1595.0,0.18800126456787486
1596.0,0.1954286484456143
1597.0,0.20330495826324807
1598.0,0.21144750010882246
1599.0,0.0
