0.0,0.0
1.0,0.0
2.0,0.0
3.0,0.0
4.0,0.0
5.0,0.0
6.0,0.0
7.0,0.0
8.0,0.0
9.0,0.0
10.0,0.0
11.0,0.0
12.0,0.0
13.0,0.0
14.0,0.0
15.0,0.0
16.0,0.0
17.0,0.0
18.0,0.0
19.0,0.0
20.0,0.0
21.0,0.0
22.0,0.0
23.0,0.0
24.0,0.0
25.0,0.0
26.0,0.0
27.0,0.0
28.0,0.0
29.0,0.0
30.0,0.0
31.0,0.0
32.0,0.0
33.0,0.0
34.0,0.0
35.0,0.0
36.0,0.0
37.0,0.0
38.0,0.0
39.0,0.0
40.0,0.0
41.0,0.0
42.0,0.0
43.0,0.0
44.0,0.0
45.0,0.0
46.0,0.0
47.0,0.0
48.0,0.0
49.0,0.0
50.0,0.0
51.0,0.0
52.0,0.0
53.0,0.0
54.0,0.0
55.0,0.0
56.0,0.0
57.0,0.0
58.0,0.0
59.0,0.0
60.0,0.0
61.0,0.0
62.0,0.0
63.0,0.0
64.0,0.0
65.0,0.0
66.0,0.0
67.0,0.0
68.0,0.0
69.0,0.0
70.0,0.0
71.0,0.0
72.0,0.0
73.0,0.0
74.0,0.0
75.0,0.0
76.0,0.0
77.0,0.0
78.0,0.0
79.0,0.0
80.0,0.0
81.0,0.0
82.0,0.0
83.0,0.0
84.0,0.0
85.0,0.0
86.0,0.0
87.0,0.0
88.0,0.0
89.0,0.0
90.0,0.0
91.0,0.0
92.0,0.0
93.0,0.0
94.0,0.0
95.0,0.0
96.0,0.0
97.0,0.0
98.0,0.0
99.0,0.0
100.0,0.0
101.0,0.0
102.0,0.0
103.0,0.0
104.0,0.0
105.0,0.0
106.0,0.0
107.0,0.0
108.0,0.0
109.0,0.0
110.0,0.0
111.0,0.0
112.0,0.0
113.0,0.0
114.0,0.0
115.0,0.0
116.0,0.0
117.0,0.0
118.0,0.0
119.0,0.0
120.0,0.0
121.0,0.0
122.0,0.0
123.0,0.0
124.0,0.0
125.0,0.0
126.0,0.0
127.0,0.0
128.0,0.0
129.0,0.10184748611734902
130.0,0.10534675267297072
131.0,0.10823124244776883
132.0,0.11040368404965223
133.0,0.11221259174135209
134.0,0.11387926053719935
135.0,0.11557158663504813
136.0,0.11730309446654774
137.0,0.11890683224225125
138.0,0.12023556229806273
139.0,0.12135148808374845
140.0,0.12238664153735733
141.0,0.12333867020385497
142.0,0.12410458980875784
143.0,0.12456069523178938
144.0,0.12443432116378483
145.0,0.12335781377966451
146.0,0.12129083340958786
147.0,0.11865591864504806
148.0,0.11596457572095131
149.0,0.11347720989779374
150.0,0.11127725289461979
151.0,0.10936827952067818
152.0,0.10768293030175323
153.0,0.10614399620872281
154.0,0.10471644824392803
155.0,0.10340955964583924
156.0,0.10222218284625813
157.0,0.10113376983839603
158.0,0.10013775256249
159.0,0.09924562888973297
160.0,0.09846882872630953
161.0,0.09780798336959631
162.0,0.09725311926948396
163.0,0.0967882806496189
164.0,0.09639929514528532
165.0,0.09607819303645546
166.0,0.09582234375703032
167.0,0.09562880934372446
168.0,0.09548929492552899
169.0,0.09539268969059428
170.0,0.09533003681103154
171.0,0.09529710522115
172.0,0.0952943124898731
173.0,0.09532414491572032
174.0,0.09539430913833581
175.0,0.09553815554478798
176.0,0.09579932896043024
177.0,0.09617601353036212
178.0,0.09661123419442677
179.0,0.09704586394162343
180.0,0.09744294296644114
181.0,0.09775378851112704
182.0,0.09794207540004322
183.0,0.09804227608711559
184.0,0.09814059285583328
185.0,0.09830145927647231
186.0,0.09855417676149585
187.0,0.09893410192669641
188.0,0.09943510278089275
189.0,0.09995687153994007
190.0,0.10035766380584857
191.0,0.10054483993114802
192.0,0.10050869752646868
193.0,0.10029418375606164
194.0,0.09997412639109013
195.0,0.0996110851808261
196.0,0.09923565305989934
197.0,0.0988482591416404
198.0,0.09843948146189847
199.0,0.09800986105305631
200.0,0.0975552193198907
201.0,0.09706094893471727
202.0,0.09651936842979687
203.0,0.09594096491028227
204.0,0.0953469636655597
205.0,0.09477026425029403
206.0,0.09427677016831304
207.0,0.09392850682333728
208.0,0.09371224691579293
209.0,0.09354318751658454
210.0,0.09334059556733025
211.0,0.09304971199637961
212.0,0.09260112085608685
213.0,0.09196465461096018
214.0,0.09121970952168046
215.0,0.09049882220799942
216.0,0.08987734933843747
217.0,0.08936936124408526
218.0,0.08898643050440627
219.0,0.08871113187632655
220.0,0.08847366034304714
221.0,0.08820441104675561
222.0,0.08788696388704983
223.0,0.0875362338592041
224.0,0.08715806310676208
225.0,0.08675658016976694
226.0,0.08633795473410616
227.0,0.08588461122745786
228.0,0.08536330860453045
229.0,0.08478881812917115
230.0,0.08423735360834782
231.0,0.08378265934952606
232.0,0.08345552612160262
233.0,0.08327459335882362
234.0,0.08323997986568182
235.0,0.08328787928165385
236.0,0.08331431694816246
237.0,0.08324307744553011
238.0,0.08306261378379834
239.0,0.08280558244461624
240.0,0.082520004826864
241.0,0.08224373794966224
242.0,0.08199309492068489
243.0,0.08177201629190642
244.0,0.0815753871052024
245.0,0.08139466326192238
246.0,0.0812465320887255
247.0,0.08118482903518519
248.0,0.08125432938317964
249.0,0.08144395597724635
250.0,0.08167073170182726
251.0,0.08180997793224211
252.0,0.08172972694028444
253.0,0.08134300576529846
254.0,0.08066787838707856
255.0,0.07981380795649776
256.0,0.07890596963416414
257.0,0.07799928985185833
258.0,0.07704891037721703
259.0,0.07597994602620634
260.0,0.07482161332204659
261.0,0.07371600086299504
262.0,0.07278413243596972
263.0,0.07205299191002518
264.0,0.07149662980279868
265.0,0.07106979991998232
266.0,0.07072396530608267
267.0,0.07042601424124073
268.0,0.0701613494144659
269.0,0.06993607058267792
270.0,0.06976953269917316
271.0,0.0696761507746819
272.0,0.06965185756400158
273.0,0.06968543180266518
274.0,0.0697767211370127
275.0,0.0699340864381438
276.0,0.07016515001383684
277.0,0.07048006032720922
278.0,0.07089124948003774
279.0,0.07139786298507708
280.0,0.07198164604694825
281.0,0.0726276434280085
282.0,0.07332864314866408
283.0,0.07404304439372805
284.0,0.07470981845454036
285.0,0.07533905650558109
286.0,0.07602556473444712
287.0,0.07686203202931194
288.0,0.07788898252958537
289.0,0.07913244041120301
290.0,0.08058358185195084
291.0,0.08213776972810258
292.0,0.08369203522909077
293.0,0.08530493402185577
294.0,0.08709000019858897
295.0,0.0889881421239268
296.0,0.09081738562043948
297.0,0.09247180937705293
298.0,0.09383476816573857
299.0,0.09464167271046214
300.0,0.09482581081266564
301.0,0.09477715542938822
302.0,0.09493419562012002
303.0,0.09533603674502417
304.0,0.09579704480522228
305.0,0.09625486163939347
306.0,0.09689628388728408
307.0,0.09808304301732117
308.0,0.1001101107423355
309.0,0.10303500185817485
310.0,0.10675424362478536
311.0,0.11118670766260694
312.0,0.11640293044550806
313.0,0.12268972174366019
314.0,0.13057076013513802
315.0,0.14028702319047132
316.0,0.15104081292763044
317.0,0.16150523429789262
318.0,0.1711718163099643
319.0,0.18046926063156066
320.0,0.18974825317002578
321.0,0.1987382157279925
322.0,0.20669945187427013
323.0,0.21233487505204304
324.0,0.2138614113030975
325.0,0.2105803316711287
326.0,0.20395462521386273
327.0,0.19611694990476106
328.0,0.18780750742238683
329.0,0.17866080133497503
330.0,0.1684042559839
331.0,0.15716606588459567
332.0,0.14544186961040995
333.0,0.13395419718397228
334.0,0.1233407173715427
335.0,0.11388980986153197
336.0,0.10552021828253837
337.0,0.0980346265794225
338.0,0.0913585718404549
339.0,0.08548012105233317
340.0,0.08038172274707794
341.0,0.07601531270233602
342.0,0.0723118768875752
343.0,0.06922543774575571
344.0,0.06674626502010628
345.0,0.06488212747982211
346.0,0.06356607843988474
347.0,0.06257195159466526
348.0,0.06163847417373143
349.0,0.060664874049565845
350.0,0.05969967365523075
351.0,0.058785574114913086
352.0,0.05790718218882488
353.0,0.0570120362207057
354.0,0.05601455180835553
355.0,0.05482407573740403
356.0,0.053476411327726715
357.0,0.052177339422807875
358.0,0.051137158969260535
359.0,0.05041283569106542
360.0,0.04996365791956897
361.0,0.049755850568496504
362.0,0.049762024161021046
363.0,0.04997832228249025
364.0,0.05048977284132437
365.0,0.051415247916382474
366.0,0.05271904582866134
367.0,0.05421033772717493
368.0,0.05577140453359182
369.0,0.05743395836500832
370.0,0.059227020697492715
371.0,0.06112313165628406
372.0,0.06311522027262086
373.0,0.06517078269228944
374.0,0.06712516409538852
375.0,0.06884909663804618
376.0,0.07048193517154677
377.0,0.07234838143791009
378.0,0.07469879195067883
379.0,0.07755701091477102
380.0,0.08075560258659147
381.0,0.0842000039009422
382.0,0.0880931193735564
383.0,0.09288161603345552
384.0,0.09901337700485655
385.0,0.10671014191089152
386.0,0.11584964759120098
387.0,0.1258123393873473
388.0,0.1358738554245239
389.0,0.14638545795202695
390.0,0.15868707608950805
391.0,0.17302024307486613
392.0,0.18778531937799553
393.0,0.20126306725209342
394.0,0.21279324254325552
395.0,0.22217834620836716
396.0,0.2293879694680033
397.0,0.23486810243095693
398.0,0.23886159431464807
399.0,0.24031163046635562
400.0,0.23772984303908426
401.0,0.2310659204106527
402.0,0.22168618502485984
403.0,0.21088367265720223
404.0,0.19925161200672675
405.0,0.18691280861599036
406.0,0.17392436670848868
407.0,0.16067656006919823
408.0,0.14780572456610028
409.0,0.13587474712213923
410.0,0.12521525617675391
411.0,0.11592752913173707
412.0,0.10788132897492536
413.0,0.10086471545688283
414.0,0.09479419600257263
415.0,0.08976667107734093
416.0,0.08575592709959765
417.0,0.08247709184472135
418.0,0.07965745546718836
419.0,0.07722741575454453
420.0,0.07522334300800734
421.0,0.07364067468521873
422.0,0.07235461980930682
423.0,0.07113164003494266
424.0,0.0697249490387663
425.0,0.06799529274536499
426.0,0.06595709505726702
427.0,0.06374683804087361
428.0,0.06153064402353203
429.0,0.05938261668778663
430.0,0.05723075112290667
431.0,0.05500962386696401
432.0,0.05284673068482898
433.0,0.0509781340646753
434.0,0.049552248329463866
435.0,0.048617609345805286
436.0,0.04819684536401557
437.0,0.04823156925978706
438.0,0.04857607925741435
439.0,0.04915175897417581
440.0,0.05002504626218971
441.0,0.0512067761732793
442.0,0.05252894216494491
443.0,0.05381483514683288
444.0,0.055016423979069376
445.0,0.056144102672203676
446.0,0.05718772970923603
447.0,0.05812004995407748
448.0,0.05887962762844839
449.0,0.05933136352196422
450.0,0.059331468304681015
451.0,0.05885102297516574
452.0,0.057983111768285814
453.0,0.05683192171756153
454.0,0.05544356598156204
455.0,0.05381622970920316
456.0,0.05194117725808751
457.0,0.04984811445221512
458.0,0.047620759009273164
459.0,0.045372009778173746
460.0,0.04320059574284058
461.0,0.04116029515341236
462.0,0.0392681661988773
463.0,0.037535695453870595
464.0,0.0359495248319871
465.0,0.034467030074836105
466.0,0.033072523744961134
467.0,0.03180956582297334
468.0,0.030731486994769304
469.0,0.02985248891376923
470.0,0.029166648510086934
471.0,0.02865781580608292
472.0,0.028256463614173374
473.0,0.027855759674533624
474.0,0.027389903804211427
475.0,0.026868171232439335
476.0,0.026329571220208688
477.0,0.025803251896132327
478.0,0.02530883783332122
479.0,0.024851579389345096
480.0,0.02441933125994529
481.0,0.02400889583529721
482.0,0.023657081398263474
483.0,0.02341919194402039
484.0,0.02332292674505239
485.0,0.023347130960842767
486.0,0.023437662497215427
487.0,0.023527528359129177
488.0,0.023559051811892717
489.0,0.023494865889132785
490.0,0.02331682353196675
491.0,0.023054435210415933
492.0,0.0227841323857189
493.0,0.022582577463330283
494.0,0.022483221407084218
495.0,0.022487866316631466
496.0,0.022592452241159883
497.0,0.022785438478761695
498.0,0.023049144334565133
499.0,0.023359780251180184
500.0,0.023694603217622137
501.0,0.024042428951974545
502.0,0.02440394937101606
503.0,0.024779047499730186
504.0,0.02516844915269098
505.0,0.02559053210212095
506.0,0.026078790312317066
507.0,0.026666442880974334
508.0,0.027349220484057753
509.0,0.028057586366307632
510.0,0.02873566708609479
511.0,0.029440284167981265
512.0,0.030288786149170466
513.0,0.0313380497859487
514.0,0.032600455604976875
515.0,0.03411533797643638
516.0,0.0358864000155961
517.0,0.03783307030918
518.0,0.039944593728211825
519.0,0.04237275896217796
520.0,0.04520205602084322
521.0,0.04827829273052407
522.0,0.05135715231500332
523.0,0.054286508391792214
524.0,0.056982489006381365
525.0,0.05938503949328014
526.0,0.06147113796949791
527.0,0.06322508773629623
528.0,0.06457667157416336
529.0,0.06540509603300601
530.0,0.06561441886165828
531.0,0.06518966960205562
532.0,0.06419116314247067
533.0,0.06270052581534782
534.0,0.06075248836776511
535.0,0.05838434837735165
536.0,0.05574788389879306
537.0,0.05302293923672427
538.0,0.05025274850183538
539.0,0.04740688781004106
540.0,0.04454494988725728
541.0,0.0417649143093058
542.0,0.03908443773255618
543.0,0.03648871643143656
544.0,0.034015870944662165
545.0,0.03171606922123264
546.0,0.02959636528448871
547.0,0.027649550158035476
548.0,0.025886390665567055
549.0,0.024301967216398504
550.0,0.022858646721875597
551.0,0.02151876924248842
552.0,0.02027402820361006
553.0,0.019142725348129913
554.0,0.018148284617049093
555.0,0.017295897432402785
556.0,0.016563954371566325
557.0,0.015918443441270413
558.0,0.015334099505026205
559.0,0.014805230701787062
560.0,0.014344486583039606
561.0,0.013970014362525748
562.0,0.013687583057281127
563.0,0.013482260862586554
564.0,0.013323762765922093
565.0,0.013182048222194306
566.0,0.013035932119877525
567.0,0.01287210619364039
568.0,0.012711631130784079
569.0,0.01261961379127878
570.0,0.012643151922401771
571.0,0.012759142219693001
572.0,0.012922033984365075
573.0,0.01312530769939417
574.0,0.013371173413801118
575.0,0.013634331997811111
576.0,0.013874435667394158
577.0,0.014063973776700406
578.0,0.014216682723911439
579.0,0.014374892443220363
580.0,0.014547614225070962
581.0,0.014691767668959355
582.0,0.01477086354448609
583.0,0.01477574943321594
584.0,0.014674248648488639
585.0,0.014423773300409878
586.0,0.014040795063686606
587.0,0.013591887491465324
588.0,0.013118706464725599
589.0,0.012626331816626299
590.0,0.012130412722831413
591.0,0.011652743908545746
592.0,0.011190562029581533
593.0,0.010728787805586754
594.0,0.010269454320113947
595.0,0.009830317166462904
596.0,0.00942745382703962
597.0,0.009073446317291137
598.0,0.00877961551499562
599.0,0.00854232473219288
600.0,0.008341616205132268
601.0,0.008178688752336877
602.0,0.008088488857901352
603.0,0.00807215520962333
604.0,0.008073608720434874
605.0,0.008073286777650637
606.0,0.008125186076568508
607.0,0.00825911683668594
608.0,0.008443165614359469
609.0,0.008671485201236812
610.0,0.008994368703858682
611.0,0.009449313176884772
612.0,0.01006391335140741
613.0,0.010943167044301497
614.0,0.012181627331073613
615.0,0.013679119630397446
616.0,0.015242233560375393
617.0,0.016850481000069445
618.0,0.018590770814847987
619.0,0.020406900267487926
620.0,0.022156243423102503
621.0,0.023803199893123524
622.0,0.02536495194974603
623.0,0.026776404063220377
624.0,0.02792277985600236
625.0,0.028720338630907664
626.0,0.029070280486436798
627.0,0.028832530582166782
628.0,0.027973497977458628
629.0,0.026645265196560346
630.0,0.025099171725622524
631.0,0.023540721335720653
632.0,0.02207181873514201
633.0,0.020711829939932452
634.0,0.019492644293504585
635.0,0.01851120674218462
636.0,0.017874237663227988
637.0,0.017625337958988546
638.0,0.017700367710446308
639.0,0.01798417829868662
640.0,0.018429695163472065
641.0,0.01907814621549543
642.0,0.01996996157519429
643.0,0.021091550332705183
644.0,0.022383883099701983
645.0,0.02378913452801814
646.0,0.025300810693997478
647.0,0.026914448245049932
648.0,0.028553750311757477
649.0,0.03018580019470364
650.0,0.03193537300314803
651.0,0.03390931657225685
652.0,0.036024991557903896
653.0,0.03824636129776689
654.0,0.04077661078182993
655.0,0.04374999963408503
656.0,0.04704411722085271
657.0,0.050739165515626426
658.0,0.055278655116270004
659.0,0.06081688219490238
660.0,0.06689300172116316
661.0,0.07285920759177217
662.0,0.07839725799778272
663.0,0.08368638918609714
664.0,0.08920774717383984
665.0,0.09532605432005978
666.0,0.1019756838784967
667.0,0.10864768305662237
668.0,0.1151719958105141
669.0,0.12268687135777903
670.0,0.13286893439435155
671.0,0.14624608579228296
672.0,0.16251043913481047
673.0,0.18205213424430167
674.0,0.20532638786435728
675.0,0.23157246442668591
676.0,0.26146397313916236
677.0,0.2992776133821058
678.0,0.34659611270167456
679.0,0.3975031851193289
680.0,0.44672335909928973
681.0,0.4968869158055381
682.0,0.5506762576530568
683.0,0.6037388786299595
684.0,0.6502743088221847
685.0,0.6884534102371036
686.0,0.717622111597422
687.0,0.7361630706311191
688.0,0.7439526539418702
689.0,0.742012944093777
690.0,0.7279989623006109
691.0,0.697649867610359
692.0,0.6524885928049579
693.0,0.6002181493248273
694.0,0.547359170182645
695.0,0.49583254700008716
696.0,0.44562764816107936
697.0,0.3968118755808573
698.0,0.35024112743054836
699.0,0.3074433209139448
700.0,0.2697656571834226
701.0,0.23761627697743165
702.0,0.21037195615338586
703.0,0.18682292874067757
704.0,0.16596150607578514
705.0,0.14771213855776266
706.0,0.13290039963385256
707.0,0.12170822835129882
708.0,0.1126982953226924
709.0,0.10443945242380462
710.0,0.09695043377886009
711.0,0.09069519741752376
712.0,0.08547414583344456
713.0,0.08073618424501017
714.0,0.07599393069094441
715.0,0.07078133401759339
716.0,0.06479559895458582
717.0,0.058239000375733534
718.0,0.05171986432451463
719.0,0.04577308871295373
720.0,0.040569842727285164
721.0,0.03607420744106361
722.0,0.032167316594256784
723.0,0.028680899533657697
724.0,0.02551193088614051
725.0,0.022703732710571495
726.0,0.02033624810520708
727.0,0.018346746467015257
728.0,0.016598585509339833
729.0,0.015056244319812784
730.0,0.013764317785215974
731.0,0.012737351650258008
732.0,0.011926597398867159
733.0,0.011244806598169593
734.0,0.010627888302004493
735.0,0.01007565706670406
736.0,0.009608990903666903
737.0,0.009220317150095622
738.0,0.008897537383579693
739.0,0.00864546855933547
740.0,0.008469593690116323
741.0,0.008361129959369829
742.0,0.008295817654587256
743.0,0.008254022487072146
744.0,0.008257948677829835
745.0,0.008351151742670745
746.0,0.008525230964635394
747.0,0.008709968935622925
748.0,0.008835797388857328
749.0,0.008871083169998253
750.0,0.008807086017717902
751.0,0.008670203592351489
752.0,0.008536579537015768
753.0,0.008496551545822476
754.0,0.008605810201233605
755.0,0.00886284308786707
756.0,0.009228487645537672
757.0,0.009656044679964934
758.0,0.010120027223342862
759.0,0.010618004459247252
760.0,0.01115335204600823
761.0,0.011717412365112923
762.0,0.012289595309962181
763.0,0.012901084331402385
764.0,0.0136415463348495
765.0,0.014519590182433928
766.0,0.015408959128706573
767.0,0.01619742953863758
768.0,0.016884989743502
769.0,0.017495222632004162
770.0,0.018007171831681226
771.0,0.01838935456660687
772.0,0.0186029835764306
773.0,0.018554226194079204
774.0,0.018160184903823734
775.0,0.017482015006818286
776.0,0.016697405373861454
777.0,0.015944566419356612
778.0,0.015263171809429113
779.0,0.014656304205932086
780.0,0.014108606314725838
781.0,0.013584302868787076
782.0,0.013014339902523694
783.0,0.012295295218574975
784.0,0.011389606111827003
785.0,0.010395552145907427
786.0,0.00946541582040003
787.0,0.008682833184619987
788.0,0.008067010615899206
789.0,0.007620033418877056
790.0,0.007299400755258409
791.0,0.007019035401727172
792.0,0.0066969478520622905
793.0,0.006300816841737195
794.0,0.005852341651793921
795.0,0.005401315861692527
796.0,0.004999829215944565
797.0,0.004677933399833259
798.0,0.004447382585547291
799.0,0.004300522952551192
800.0,0.004201892785599057
801.0,0.004089003422733994
802.0,0.0038737236102198425
803.0,0.0035033998714062153
804.0,0.003027741596942371
805.0,0.0025627035156517014
806.0,0.002189461311780924
807.0,0.0019323529296801367
808.0,0.0018079542193568943
809.0,0.0018039749179261239
810.0,0.0018512989337981234
811.0,0.0018678668207824378
812.0,0.0018167503405457919
813.0,0.0017071597508956926
814.0,0.0015598484398233747
815.0,0.001390554416125997
816.0,0.0012022301442038835
817.0,0.0009932014699967628
818.0,0.0007694318498680519
819.0,0.0005510620348953832
820.0,0.0003654531862295751
821.0,0.0002253487475475241
822.0,0.00012205065865333875
823.0,4.454583056565098e-05
824.0,0.0
825.0,2.0784021306508027e-05
826.0,0.00014511526888767723
827.0,0.00038517120562343854
828.0,0.0007070839651820426
829.0,0.0010384779667785837
830.0,0.0012949428061378443
831.0,0.001402308425212273
832.0,0.0013421810973524018
833.0,0.0011743559991982122
834.0,0.000995608591013969
835.0,0.0008713769139228889
836.0,0.0008159695711035947
837.0,0.0008204875172553444
838.0,0.00086192285389812
839.0,0.0009120178245100308
840.0,0.0009520988346749804
841.0,0.000980480846389839
842.0,0.001006907438322352
843.0,0.0010386470276900484
844.0,0.001068865395910057
845.0,0.0010769636395760035
846.0,0.0010446319461020759
847.0,0.0009728891486802116
848.0,0.0008892013374618701
849.0,0.000840057144565115
850.0,0.0008835839341977403
851.0,0.0010563089937407066
852.0,0.001328711987921602
853.0,0.0016180068413785414
854.0,0.0018516479593713442
855.0,0.002002115309418545
856.0,0.0020609320844291318
857.0,0.0020339603931077282
858.0,0.001953279856966722
859.0,0.0018702438457069287
860.0,0.001838791357001185
861.0,0.0018844925055761519
862.0,0.0019895998780931345
863.0,0.00210289728977181
864.0,0.0021698310449407704
865.0,0.0021445319328537715
866.0,0.0019920704988447696
867.0,0.0017390761992726461
868.0,0.0014887487728595522
869.0,0.00135960728657189
870.0,0.0014103554921999079
871.0,0.0016116017627760548
872.0,0.001874732236593929
873.0,0.002095091425118281
874.0,0.002207633312784868
875.0,0.0022127264794726542
876.0,0.002160798541941719
877.0,0.0021115033956023294
878.0,0.0021025408221417435
879.0,0.0021706432407131993
880.0,0.002341668766055016
881.0,0.002588329863666264
882.0,0.0028469061435318216
883.0,0.003080139321155695
884.0,0.003288638733442928
885.0,0.0034654785932637655
886.0,0.003596640158743822
887.0,0.0036923209845758642
888.0,0.0037687535179869724
889.0,0.0038111191849529713
890.0,0.003806531686754988
891.0,0.003792054891678609
892.0,0.003838762318239236
893.0,0.004004859822507367
894.0,0.004307117891841336
895.0,0.004721711613844826
896.0,0.005193270532265787
897.0,0.005661610685379959
898.0,0.006077939641224869
899.0,0.006417532142788437
900.0,0.00669810975054555
901.0,0.006962823165332824
902.0,0.007225944662583805
903.0,0.007460441991939876
904.0,0.007665539605006391
905.0,0.007894171649578896
906.0,0.00820360680671553
907.0,0.008624474983345926
908.0,0.00918278048560589
909.0,0.009880868335565604
910.0,0.01064948497399884
911.0,0.01139048411029095
912.0,0.012069445313120722
913.0,0.012710978107494234
914.0,0.013318058270609154
915.0,0.013852658034201576
916.0,0.014267779291446098
917.0,0.014537721914040597
918.0,0.014670431687524438
919.0,0.014701099987881355
920.0,0.014667597433305896
921.0,0.014579424682450645
922.0,0.01440982377613062
923.0,0.01414065537900211
924.0,0.013799236310624463
925.0,0.013429153439203853
926.0,0.013054035059182248
927.0,0.012688514617256522
928.0,0.012349337843165012
929.0,0.012043299455654799
930.0,0.011761915374140508
931.0,0.01148702155612269
932.0,0.011200900582950618
933.0,0.010890849019537172
934.0,0.010551211430656945
935.0,0.01017957036331664
936.0,0.009780735720176445
937.0,0.009376227636749876
938.0,0.008996940618655455
939.0,0.008665267943536309
940.0,0.008401619349638983
941.0,0.008246017342414827
942.0,0.008224635542059752
943.0,0.008307400357097011
944.0,0.008431981530508309
945.0,0.008558014761339841
946.0,0.008662660739736844
947.0,0.008714445763259249
948.0,0.00870324832543369
949.0,0.008664119432845882
950.0,0.008664289346489204
951.0,0.008764426187822971
952.0,0.008975098752304747
953.0,0.00924762314659916
954.0,0.009506341425131307
955.0,0.00969394709457913
956.0,0.009775577696934462
957.0,0.00975417695594541
958.0,0.009717876168541265
959.0,0.009806877800047714
960.0,0.010117229530252805
961.0,0.010643100180755927
962.0,0.01130872952711759
963.0,0.012018269521070934
964.0,0.012681316735069961
965.0,0.013258095861618135
966.0,0.013780580377204726
967.0,0.014318433802111605
968.0,0.01491718860772634
969.0,0.015587697662907296
970.0,0.016339491755761937
971.0,0.017172644219386635
972.0,0.018061563425634558
973.0,0.018970762957089105
974.0,0.019879934751705172
975.0,0.02079242449886365
976.0,0.021726227454706988
977.0,0.022701870556492948
978.0,0.0237289564697587
979.0,0.024797051069266107
980.0,0.025884689754731335
981.0,0.026992764543872103
982.0,0.028150781136140432
983.0,0.029365053900251008
984.0,0.030606122078980724
985.0,0.03187146429200205
986.0,0.033220937778326645
987.0,0.03475784986363909
988.0,0.0365574707834383
989.0,0.03858816842823559
990.0,0.0407479622678366
991.0,0.04299093874187728
992.0,0.04536612053393782
993.0,0.04794461746519483
994.0,0.05080093025523063
995.0,0.05403774357136657
996.0,0.057734102622301386
997.0,0.061888263810102775
998.0,0.0664291572980516
999.0,0.07127988565787353
1000.0,0.07645234552135746
1001.0,0.0820789365343054
1002.0,0.08829252849784806
1003.0,0.09509376137619913
1004.0,0.10231111182737371
1005.0,0.10969706827236589
1006.0,0.11714758782674188
1007.0,0.12478031046163798
1008.0,0.13269314077563824
1009.0,0.14071777866598584
1010.0,0.1483355625204091
1011.0,0.15492088893660663
1012.0,0.16021879101642714
1013.0,0.16443328433906274
1014.0,0.16776568814896703
1015.0,0.17007479038227266
1016.0,0.17093520138269225
1017.0,0.16998538292777227
1018.0,0.16730975203012677
1019.0,0.16346851923601596
1020.0,0.15916266549939964
1021.0,0.15484724101614084
1022.0,0.15056867844038943
1023.0,0.1462380019148641
1024.0,0.14207035967923992
1025.0,0.1384842836645789
1026.0,0.13574192412879502
1027.0,0.13393234919665425
1028.0,0.13312001142558755
1029.0,0.1332075756580014
1030.0,0.13387748439019168
1031.0,0.13487267884591353
1032.0,0.13622606470050375
1033.0,0.13811058363418433
1034.0,0.14060434968805385
1035.0,0.143649640423756
1036.0,0.14712090534435016
1037.0,0.15095485122352695
1038.0,0.15523591808643075
1039.0,0.16017138487577573
1040.0,0.16595429812393672
1041.0,0.17259855285687975
1042.0,0.179976174944622
1043.0,0.18806518104620354
1044.0,0.1969719801037515
1045.0,0.20669384656019413
1046.0,0.21717642160855777
1047.0,0.22857833891842905
1048.0,0.24120042419922616
1049.0,0.2552011312926554
1050.0,0.2707022828014184
1051.0,0.28805653087926714
1052.0,0.3077199389367086
1053.0,0.3299803143135489
1054.0,0.35498244167847304
1055.0,0.38289140084753537
1056.0,0.4138753445872895
1057.0,0.44806763071199984
1058.0,0.48570778499522493
1059.0,0.5271058808693263
1060.0,0.5719215634099964
1061.0,0.6189890626807644
1062.0,0.6672591818928644
1063.0,0.7164839541976682
1064.0,0.7668346522601365
1065.0,0.8178198710388802
1066.0,0.8668195494169404
1067.0,0.909882384966601
1068.0,0.9446964235890356
1069.0,0.9713775786705587
1070.0,0.9900948924525936
1071.0,0.999925382239172
1072.0,0.9997860915024797
1073.0,0.9889548089173141
1074.0,0.9668818048866699
1075.0,0.9343610361607293
1076.0,0.8946571888219802
1077.0,0.8513936410436113
1078.0,0.8055980154425426
1079.0,0.7568590819613914
1080.0,0.7062524221409963
1081.0,0.6559655548669966
1082.0,0.6075991297064747
1083.0,0.5619396023975473
1084.0,0.5194206745995537
1085.0,0.4801233875068842
1086.0,0.44390955613756033
1087.0,0.41057514093895875
1088.0,0.3799889126328777
1089.0,0.3519894445688889
1090.0,0.32632892449765827
1091.0,0.3027676126936465
1092.0,0.281166506554445
1093.0,0.261519011893689
1094.0,0.24382937355035414
1095.0,0.22788315664718056
1096.0,0.21329368792309217
1097.0,0.19984192748096063
1098.0,0.1874643044571924
1099.0,0.1758732729596742
1100.0,0.16469105721678776
1101.0,0.1539183356089997
1102.0,0.14387320701868908
1103.0,0.13475609500892172
1104.0,0.12653752331399726
1105.0,0.11912649312479487
1106.0,0.1124261692881894
1107.0,0.10634009235757075
1108.0,0.10079128111829759
1109.0,0.09572773811859753
1110.0,0.09112440585036462
1111.0,0.0869682595847674
1112.0,0.08323219445140294
1113.0,0.079860323896493
1114.0,0.0767819790384503
1115.0,0.07393448488274415
1116.0,0.07126608865331147
1117.0,0.06874280178006939
1118.0,0.06637170083866581
1119.0,0.06420513031310904
1120.0,0.06233696792709602
1121.0,0.06085168042073484
1122.0,0.059760786472715675
1123.0,0.05898237980162739
1124.0,0.0583777286652392
1125.0,0.05781641479458555
1126.0,0.0572140621621463
1127.0,0.056558972983296284
1128.0,0.05589863933650945
1129.0,0.055301506582814415
1130.0,0.054818741193598294
1131.0,0.05446048652870357
1132.0,0.05420510322501633
1133.0,0.054040178842470726
1134.0,0.05399798237297718
1135.0,0.054116110433231744
1136.0,0.05438371476563545
1137.0,0.0547332482903895
1138.0,0.0550733324316028
1139.0,0.055326291097335764
1140.0,0.05545180164597962
1141.0,0.055428089555558314
1142.0,0.055231234665749813
1143.0,0.05486448487284229
1144.0,0.05436280970395519
1145.0,0.053754659832300836
1146.0,0.05303737091487757
1147.0,0.052197734886185454
1148.0,0.05122693964985228
1149.0,0.05010686806688705
1150.0,0.048832237928851566
1151.0,0.047458732090912135
1152.0,0.046086567854690834
1153.0,0.04479666602670473
1154.0,0.043597840588284954
1155.0,0.042425542938863296
1156.0,0.041193527564604863
1157.0,0.039858207843540126
1158.0,0.03844461873998898
1159.0,0.03701724865601653
1160.0,0.03565346472602521
1161.0,0.03442000473874299
1162.0,0.03334709114844679
1163.0,0.03242671145265384
1164.0,0.031626798745470704
1165.0,0.03092066197618469
1166.0,0.030318484167849227
1167.0,0.02986458376114673
1168.0,0.02956759621427066
1169.0,0.029365162180755022
1170.0,0.029187858564088495
1171.0,0.029018065779298267
1172.0,0.02887323408046913
1173.0,0.028774101097507027
1174.0,0.028736732158061093
1175.0,0.02874875323022992
1176.0,0.028734368628382884
1177.0,0.02859949069669524
1178.0,0.028330001374649263
1179.0,0.02800519105466992
1180.0,0.027715210073114532
1181.0,0.02751320502116064
1182.0,0.02743138684083711
1183.0,0.027474979572105873
1184.0,0.02761493937391573
1185.0,0.027829290050979005
1186.0,0.028148362188562884
1187.0,0.028590103192489044
1188.0,0.029081493846355715
1189.0,0.029514984081103465
1190.0,0.029841860844736084
1191.0,0.030055735273686476
1192.0,0.030141472547126416
1193.0,0.030098547990855103
1194.0,0.02995954663521612
1195.0,0.029766672393811172
1196.0,0.02954931850473158
1197.0,0.029346941119660547
1198.0,0.029215918993570802
1199.0,0.029200658068672683
1200.0,0.029301627473963074
1201.0,0.029450255119261595
1202.0,0.0295549289320525
1203.0,0.029596218259146212
1204.0,0.02963907471510304
1205.0,0.029742779006618203
1206.0,0.02990886911503122
1207.0,0.030107640148239204
1208.0,0.03029399699247634
1209.0,0.03040813882696334
1210.0,0.03041998240491038
1211.0,0.030369558092123244
1212.0,0.03032173871472272
1213.0,0.03028878846759129
1214.0,0.0302493989444826
1215.0,0.030211283436098718
1216.0,0.030214276718853468
1217.0,0.0303022027645558
1218.0,0.03051633542648062
1219.0,0.030888729368026537
1220.0,0.03139433818490521
1221.0,0.03194035644086414
1222.0,0.032413284392157946
1223.0,0.03274551001312484
1224.0,0.032956159573514346
1225.0,0.03313324385507893
1226.0,0.03337463751727744
1227.0,0.03373180034951203
1228.0,0.03421762495194673
1229.0,0.0348159888834492
1230.0,0.03547177739649526
1231.0,0.036117019956773126
1232.0,0.03670995214496972
1233.0,0.037254849711207634
1234.0,0.03778338410809798
1235.0,0.03835128693167028
1236.0,0.039050642705943626
1237.0,0.03992846317367485
1238.0,0.04090085631874177
1239.0,0.04181370214535895
1240.0,0.04257380952572507
1241.0,0.04316646512833874
1242.0,0.04359281512150974
1243.0,0.0438603421794574
1244.0,0.04398328787817522
1245.0,0.04394473314941599
1246.0,0.04368469947372107
1247.0,0.043188065488867985
1248.0,0.04253285256962378
1249.0,0.04178546625428588
1250.0,0.040923797594820906
1251.0,0.03992263300294426
1252.0,0.03882883865313665
1253.0,0.03773596249101629
1254.0,0.03673682989379788
1255.0,0.03590705831464658
1256.0,0.03527867216882343
1257.0,0.034813624613604904
1258.0,0.03443890926539471
1259.0,0.034119148020146844
1260.0,0.033868221784132124
1261.0,0.03368856314140978
1262.0,0.03355296003080579
1263.0,0.033432220141628256
1264.0,0.03332163221638419
1265.0,0.033250380247338
1266.0,0.033239296783006106
1267.0,0.03325258091651066
1268.0,0.0332576543275238
1269.0,0.03330227293450311
1270.0,0.0334416385188543
1271.0,0.03364432568880294
1272.0,0.03385252266208548
1273.0,0.03406743690815626
1274.0,0.03431226820012544
1275.0,0.034575780930503376
1276.0,0.03481558964393713
1277.0,0.03498180957204765
1278.0,0.03502436325454972
1279.0,0.03491858355530707
1280.0,0.03471781529519308
1281.0,0.034549439792456504
1282.0,0.03456211376057092
1283.0,0.034836400794189794
1284.0,0.03531890258725621
1285.0,0.03586224144251899
1286.0,0.03634314772005472
1287.0,0.03672817875169536
1288.0,0.037031564693067925
1289.0,0.037281182643841115
1290.0,0.03750561425308642
1291.0,0.03772251272131833
1292.0,0.037940336014157396
1293.0,0.038156272268157765
1294.0,0.03835790617765738
1295.0,0.038520726542847834
1296.0,0.03861074361103195
1297.0,0.0386229340318646
1298.0,0.03860428135926016
1299.0,0.03862134116227994
1300.0,0.038712207288690945
1301.0,0.03887163098793976
1302.0,0.039066035919830995
1303.0,0.03925429106228134
1304.0,0.03940968864697318
1305.0,0.03951617763363936
1306.0,0.03956650011348025
1307.0,0.03958236727849607
1308.0,0.039600643705557007
1309.0,0.03962012738209777
1310.0,0.039601330329931995
1311.0,0.03953431342413733
1312.0,0.03946733982158128
1313.0,0.039472255325855965
1314.0,0.03960002645539361
1315.0,0.03986151223713951
1316.0,0.04021900012789371
1317.0,0.0405996059472409
1318.0,0.04094019114180636
1319.0,0.041225586478473825
1320.0,0.04148155060337255
1321.0,0.041733561901691384
1322.0,0.04196229399918347
1323.0,0.04209266598174373
1324.0,0.0420689048571394
1325.0,0.041924780947022774
1326.0,0.04176309494663018
1327.0,0.04168689080971045
1328.0,0.041780550031018916
1329.0,0.04209595400658973
1330.0,0.04258984681667679
1331.0,0.04313851665579658
1332.0,0.04366310599237798
1333.0,0.04419193715363375
1334.0,0.04475107859319008
1335.0,0.04529012083548676
1336.0,0.04573595845365827
1337.0,0.04604748990306325
1338.0,0.04622097961786306
1339.0,0.046288575021349074
1340.0,0.04631382672510862
1341.0,0.046358375273923225
1342.0,0.04644795611421956
1343.0,0.046574486234141184
1344.0,0.046731556543145446
1345.0,0.04693015997229173
1346.0,0.04719082407975848
1347.0,0.04752003600019893
1348.0,0.04789227989195614
1349.0,0.04828601176442672
1350.0,0.04872502765069818
1351.0,0.04924014457734138
1352.0,0.0498154901371385
1353.0,0.05038397251677493
1354.0,0.05085913989085696
1355.0,0.05115278309628078
1356.0,0.051204505094677416
1357.0,0.05105647988106805
1358.0,0.05085461456403711
1359.0,0.05076063424469093
1360.0,0.05085441598079501
1361.0,0.05111334095332645
1362.0,0.05145021322571299
1363.0,0.051767069947290315
1364.0,0.05200856380674785
1365.0,0.052161058456786785
1366.0,0.05224301262807497
1367.0,0.05229621216180336
1368.0,0.052361438462639076
1369.0,0.05246079679758742
1370.0,0.05259153955970314
1371.0,0.05273752244925861
1372.0,0.0528882914995312
1373.0,0.05305230347038186
1374.0,0.05324242517034737
1375.0,0.05345194111656702
1376.0,0.05365332502936834
1377.0,0.05381448686498154
1378.0,0.05391137607552782
1379.0,0.0539346207976657
1380.0,0.053906463766837776
1381.0,0.0538812866540465
1382.0,0.05394599584366616
1383.0,0.05418657026605139
1384.0,0.054593133752531615
1385.0,0.05504086423701323
1386.0,0.05539566572291362
1387.0,0.05561206199713622
1388.0,0.05571467366029731
1389.0,0.055748943212065985
1390.0,0.05575744701438886
1391.0,0.055759064777638596
1392.0,0.05575147884094431
1393.0,0.055730459865547255
1394.0,0.05571211047317731
1395.0,0.055736412730724015
1396.0,0.055851166349001474
1397.0,0.05607537632592053
1398.0,0.05637293865806351
1399.0,0.05668063133754967
1400.0,0.056962854330596766
1401.0,0.05722063134693422
1402.0,0.05746187884514019
1403.0,0.05769937600116849
1404.0,0.057956045546922214
1405.0,0.058255704013937044
1406.0,0.058610601391910946
1407.0,0.05899934969874544
1408.0,0.05936497609819863
1409.0,0.059629394249439714
1410.0,0.05973039328297779
1411.0,0.059685846562248276
1412.0,0.05959536081889202
1413.0,0.05955447425520191
1414.0,0.05958720105271781
1415.0,0.05968012628907109
1416.0,0.05982845833678843
1417.0,0.06004460673024756
1418.0,0.060354170741518304
1419.0,0.0607828925702083
1420.0,0.06132463369579677
1421.0,0.06191170074771762
1422.0,0.06243345898334004
1423.0,0.0627831805974071
1424.0,0.06292806793094476
1425.0,0.06294227241942535
1426.0,0.06294591325958768
1427.0,0.06300391240721318
1428.0,0.06311523392211331
1429.0,0.06327381935918766
1430.0,0.06348692929768959
1431.0,0.06376856403989224
1432.0,0.0641380387918114
1433.0,0.06461334689636154
1434.0,0.06516925066453486
1435.0,0.06572386936719946
1436.0,0.06619156547000146
1437.0,0.06653925665274521
1438.0,0.06679139562579385
1439.0,0.06699363935678417
1440.0,0.06716442446516696
1441.0,0.0672801492706928
1442.0,0.06732972620753616
1443.0,0.06734679537513297
1444.0,0.0673805801827796
1445.0,0.06746542651543619
1446.0,0.06761857968786034
1447.0,0.0678366662592674
1448.0,0.0680910281705733
1449.0,0.06835511758394967
1450.0,0.06864329020795223
1451.0,0.06898675189258523
1452.0,0.0693728981669482
1453.0,0.0697419845742137
1454.0,0.07003097678723265
1455.0,0.07021747111902049
1456.0,0.07033243966222064
1457.0,0.07043834904442998
1458.0,0.07058740606183976
1459.0,0.0708086216059833
1460.0,0.07111508689016528
1461.0,0.07148940768278383
1462.0,0.07188756493358976
1463.0,0.07227884212283536
1464.0,0.07267102973567376
1465.0,0.07307406177599382
1466.0,0.07346535886427166
1467.0,0.07379839905255689
1468.0,0.07403371092692648
1469.0,0.0741739702505293
1470.0,0.07426745161924218
1471.0,0.0743744845772815
1472.0,0.0745331812749645
1473.0,0.07475829436713088
1474.0,0.07504242505838833
1475.0,0.07535738866618004
1476.0,0.07567267591966265
1477.0,0.07597518106225103
1478.0,0.0762690733655823
1479.0,0.07655569785944576
1480.0,0.07684179036636005
1481.0,0.07715988699815915
1482.0,0.07753702415787994
1483.0,0.07795469602826709
1484.0,0.07835015674314266
1485.0,0.07865141546026981
1486.0,0.07881438007633286
1487.0,0.07884035603834352
1488.0,0.0787877934765344
1489.0,0.07874799427895382
1490.0,0.07880223995424078
1491.0,0.07898412246648277
1492.0,0.07926553170829005
1493.0,0.07958613010835426
1494.0,0.07990522697968311
1495.0,0.08022740759559145
1496.0,0.08056037236603608
1497.0,0.08088388732086976
1498.0,0.08116635520500506
1499.0,0.08138646451444688
1500.0,0.08154222554092401
1501.0,0.08165167046992265
1502.0,0.08174656810384157
1503.0,0.08184520356493177
1504.0,0.08192370814746142
1505.0,0.08195162298439063
1506.0,0.08195430271484122
1507.0,0.08203645445549335
1508.0,0.08235348721780379
1509.0,0.0829753018255165
1510.0,0.08378466817413915
1511.0,0.08457777854958361
1512.0,0.08524175168948644
1513.0,0.08576672793907206
1514.0,0.08616515036564482
1515.0,0.08646081790182444
1516.0,0.08668004864567345
1517.0,0.08680552510629534
1518.0,0.08677590201642581
1519.0,0.08660036537248193
1520.0,0.08640962116806722
1521.0,0.08635487417984436
1522.0,0.08649839773198198
1523.0,0.08679877576890438
1524.0,0.08716386368050719
1525.0,0.08752774959018492
1526.0,0.08788732652144166
1527.0,0.08825246705855185
1528.0,0.0886154459115634
1529.0,0.08896637574124172
1530.0,0.0892999273334588
1531.0,0.08961137369832996
1532.0,0.08990023831705367
1533.0,0.09017689755006708
1534.0,0.09044807742874954
1535.0,0.09069734808422292
1536.0,0.09090997675123591
1537.0,0.09110772602174623
1538.0,0.09133005540734936
1539.0,0.09159524347283032
1540.0,0.0918988169482694
1541.0,0.09223255881210714
1542.0,0.09259300491660315
1543.0,0.09298371393292663
1544.0,0.09340978380264066
1545.0,0.0938690477925623
1546.0,0.09434055299340169
1547.0,0.09478855090567226
1548.0,0.09518475916268648
1549.0,0.09552532212277155
1550.0,0.09582778745442308
1551.0,0.09611482042523307
1552.0,0.09639898063466536
1553.0,0.096678717651966
1554.0,0.0969536733316215
1555.0,0.09722323368682002
1556.0,0.09746511244983873
1557.0,0.09764861518631973
1558.0,0.09776796397034525
1559.0,0.09786394323899032
1560.0,0.09801614671962262
1561.0,0.09831910737057978
1562.0,0.09885941923047939
1563.0,0.09962952103348888
1564.0,0.10048186883734372
1565.0,0.10123209987484638
1566.0,0.10179770786088324
1567.0,0.10220781132490203
1568.0,0.10252155245436866
1569.0,0.10276047089863403
1570.0,0.10288218963897351
1571.0,0.10285059815477904
1572.0,0.1027036453920439
1573.0,0.1025445092295994
1574.0,0.10248754865681904
1575.0,0.10261577041282222
1576.0,0.10294187226961267
1577.0,0.10338072737654719
1578.0,0.10377745355880558
1579.0,0.10394448130173196
1580.0,0.10377322307286173
1581.0,0.10334931473614856
1582.0,0.10293268506040633
1583.0,0.10282894055126057
1584.0,0.10320045651049974
1585.0,0.10397326294784964
1586.0,0.10489568586350742
1587.0,0.10570931559680474
1588.0,0.10627603241891215
1589.0,0.10657779709953968
1590.0,0.10670549817350902
1591.0,0.10680140053210015
1592.0,0.10698074591168938
1593.0,0.10728370924066297
1594.0,0.10767840705272953
1595.0,0.10811308052396018
1596.0,0.10855223005760654
1597.0,0.10900122476631105
1598.0,0.1094593987513229
1599.0,0.0
