0.0,0.0
1.0,0.0
2.0,0.0
3.0,0.0
4.0,0.0
5.0,0.0
6.0,0.0
7.0,0.0
8.0,0.0
9.0,0.0
10.0,0.0
11.0,0.0
12.0,0.0
13.0,0.0
14.0,0.0
15.0,0.0
16.0,0.0
17.0,0.0
18.0,0.0
19.0,0.0
20.0,0.0
21.0,0.0
22.0,0.0
23.0,0.0
24.0,0.0
25.0,0.0
26.0,0.0
27.0,0.0
28.0,0.0
29.0,0.0
30.0,0.0
31.0,0.0
32.0,0.0
33.0,0.0
34.0,0.0
35.0,0.0
36.0,0.0
37.0,0.0
38.0,0.0
39.0,0.0
40.0,0.0
41.0,0.0
42.0,0.0
43.0,0.0
44.0,0.0
45.0,0.0
46.0,0.0
47.0,0.0
48.0,0.0
49.0,0.0
50.0,0.0
51.0,0.0
52.0,0.0
53.0,0.0
54.0,0.0
55.0,0.0
56.0,0.0
57.0,0.0
58.0,0.0
59.0,0.0
60.0,0.0
61.0,0.0
62.0,0.0
63.0,0.0
64.0,0.0
65.0,0.0
66.0,0.0
67.0,0.0
68.0,0.0
69.0,0.0
70.0,0.0
71.0,0.0
72.0,0.0
73.0,0.0
74.0,0.0
75.0,0.0
76.0,0.0
77.0,0.0
78.0,0.0
79.0,0.0
80.0,0.0
81.0,0.0
82.0,0.0
83.0,0.0
84.0,0.0
85.0,0.0
86.0,0.0
87.0,0.0
88.0,0.0
89.0,0.0
90.0,0.0
91.0,0.0
92.0,0.0
93.0,0.0
94.0,0.0
95.0,0.0
96.0,0.0
97.0,0.0
98.0,0.0
99.0,0.0
100.0,0.0
101.0,0.720259467850647
102.0,0.6761910828437994
103.0,0.6326124302525808
104.0,0.5816670510833484
105.0,0.5519284706771864
106.0,0.562280309301274
107.0,0.6156556880491562
108.0,0.6956807415212365
109.0,0.7780427794447852
110.0,0.8438345405518107
111.0,0.8779410415278729
112.0,0.8718351773837776
113.0,0.8334255580787571
114.0,0.7823553913947896
115.0,0.7338090149988783
116.0,0.6910032538302512
117.0,0.653372359636065
118.0,0.6210827423885988
119.0,0.593865340157062
120.0,0.5705137035545695
121.0,0.5487175230880513
122.0,0.5268014594264326
123.0,0.5055001899354001
124.0,0.4872697908855316
125.0,0.4741584607989534
126.0,0.46899824948228275
127.0,0.4766912307459442
128.0,0.4992872409729091
129.0,0.5323572496954582
130.0,0.5677900660938408
131.0,0.599728243258849
132.0,0.6305289389333497
133.0,0.669173451137838
134.0,0.7177376648612694
135.0,0.7639979314242213
136.0,0.7896149826536765
137.0,0.7816731503742649
138.0,0.7359357675483229
139.0,0.6583107403290136
140.0,0.5656264360121572
141.0,0.4819661229878712
142.0,0.4367689740999152
143.0,0.44956515185619306
144.0,0.5132427256804403
145.0,0.5992724044811344
146.0,0.680363307401876
147.0,0.7415492323422627
148.0,0.773726485460133
149.0,0.7760685429345779
150.0,0.7587442326154534
151.0,0.7347498787916086
152.0,0.7094083431364923
153.0,0.6788747615278371
154.0,0.6364836106670979
155.0,0.5829134201965507
156.0,0.5311266440754454
157.0,0.5005067527030004
158.0,0.5058276625463539
159.0,0.5490842153846042
160.0,0.6194194966720238
161.0,0.6986496554277545
162.0,0.7697342657602639
163.0,0.8161129265194699
164.0,0.8260945642157256
165.0,0.8057160921979702
166.0,0.7757621885292976
167.0,0.7521939952435905
168.0,0.73975420874504
169.0,0.7495480454485409
170.0,0.7937028633945689
171.0,0.8600350929350113
172.0,0.9176487805807553
173.0,0.94638485772562
174.0,0.9436100052749453
175.0,0.9075503363397242
176.0,0.8407538220160742
177.0,0.7607849602194778
178.0,0.6881516131043783
179.0,0.6286570403300195
180.0,0.5777495294136026
181.0,0.5348907715802897
182.0,0.5031867432133468
183.0,0.48469105072111274
184.0,0.48498084159142196
185.0,0.5139285389986654
186.0,0.569299589456044
187.0,0.6299892920707006
188.0,0.6724953212409147
189.0,0.6868121291816978
190.0,0.6720458743751562
191.0,0.6310219433695953
192.0,0.5751881013359315
193.0,0.5213366946871641
194.0,0.48213557421383757
195.0,0.46021461137168085
196.0,0.4510870791053155
197.0,0.448138658844053
198.0,0.4457373844316467
199.0,0.44066284759170654
200.0,0.4301394664151286
201.0,0.41329064556100126
202.0,0.39360788294810495
203.0,0.3767175092162791
204.0,0.366072471604338
205.0,0.3626637223528303
206.0,0.367438266373595
207.0,0.3795526322114872
208.0,0.3947762076570064
209.0,0.4073616541557812
210.0,0.4132013317089829
211.0,0.4122183365557393
212.0,0.40794454716399997
213.0,0.40451794052970674
214.0,0.4042094558271941
215.0,0.4107981553881811
216.0,0.4296466857483865
217.0,0.459391308115603
218.0,0.49024216330824105
219.0,0.5129828139124561
220.0,0.5245037742244187
221.0,0.5225597548662453
222.0,0.5053732582717634
223.0,0.4778464877155082
224.0,0.45176053836064917
225.0,0.4407488612822867
226.0,0.45151449464499765
227.0,0.478429694610322
228.0,0.5089376953284994
229.0,0.5354385769056683
230.0,0.5509639152970153
231.0,0.5374224523228872
232.0,0.4841139106171853
233.0,0.40858021191259625
234.0,0.34052021310806635
235.0,0.29389921053392337
236.0,0.26944766554237987
237.0,0.2686425083801036
238.0,0.2882633026007199
239.0,0.3158660701470307
240.0,0.3330136021373955
241.0,0.3241925895432379
242.0,0.2882288390948181
243.0,0.23875988651719815
244.0,0.18974663902004363
245.0,0.14918933458503175
246.0,0.1395140765019619
247.0,0.18977758170151204
248.0,0.2928096025203259
249.0,0.4029185075194231
250.0,0.48070618716942703
251.0,0.5152537664531283
252.0,0.503993715725721
253.0,0.44968227228047436
254.0,0.37143257829114423
255.0,0.30000684591120946
256.0,0.2644699327210144
257.0,0.2766918723329509
258.0,0.32730308550525467
259.0,0.39334106466133845
260.0,0.4535275414094635
261.0,0.48660279980588317
262.0,0.4662973568704256
263.0,0.38771304682097124
264.0,0.2821306708337366
265.0,0.18974148640941912
266.0,0.12773636329834515
267.0,0.09930098106481833
268.0,0.10839493356707408
269.0,0.14708525065868
270.0,0.1946673404287801
271.0,0.23945440423213943
272.0,0.28799437406967027
273.0,0.34590859680378516
274.0,0.40582839662255527
275.0,0.45684176468254367
276.0,0.48944525289004503
277.0,0.4890935070996952
278.0,0.44543005747543446
279.0,0.3704318835404014
280.0,0.29176006742316424
281.0,0.22800966057178018
282.0,0.18473948351704422
283.0,0.17025930753333984
284.0,0.18818370794157852
285.0,0.22327137080557197
286.0,0.24852517274824237
287.0,0.2426840354465797
288.0,0.20179319017075226
289.0,0.13790882144354122
290.0,0.07128701752263966
291.0,0.019211875882104712
292.0,0.0
293.0,0.03393172261529165
294.0,0.11854748302779156
295.0,0.22153843809787355
296.0,0.30975547783547336
297.0,0.3727420837290059
298.0,0.406564299631593
299.0,0.4040565161956683
300.0,0.3732418852342808
301.0,0.33787158468600714
302.0,0.31553410446948854
303.0,0.30679441904701865
304.0,0.3064116996018662
305.0,0.3110534152261311
306.0,0.3178152159109975
307.0,0.32356587370435747
308.0,0.32434810105967604
309.0,0.3182623753996604
310.0,0.3086968187174307
311.0,0.302164163595446
312.0,0.3032826249053476
313.0,0.31454062285328044
314.0,0.33883453235398564
315.0,0.37472994106355173
316.0,0.4130626671155115
317.0,0.44128723802260067
318.0,0.45064680708720234
319.0,0.44094856925092957
320.0,0.419402526304543
321.0,0.3950433592593584
322.0,0.37321308055502284
323.0,0.3586634701436055
324.0,0.35664518905986764
325.0,0.36573576876127206
326.0,0.37719170254668394
327.0,0.38380045198994345
328.0,0.3848445475844328
329.0,0.38090272411719045
330.0,0.37148323416657014
331.0,0.3585838311992662
332.0,0.3447789908445222
333.0,0.3270678835476914
334.0,0.3004864131508459
335.0,0.2678174939493153
336.0,0.23748608162315615
337.0,0.2132949366989325
338.0,0.1978624944253064
339.0,0.2021584544382714
340.0,0.2325683468704999
341.0,0.27578697220014975
342.0,0.3126888707914674
343.0,0.33912740128029056
344.0,0.36006039162748366
345.0,0.3754477966124844
346.0,0.3837812436871352
347.0,0.38665004079490223
348.0,0.3793642184042175
349.0,0.34899861874475974
350.0,0.29377535818018147
351.0,0.23105547545431804
352.0,0.17829212283969142
353.0,0.1409699926359504
354.0,0.12753909732664898
355.0,0.1500812870857724
356.0,0.20183785919117547
357.0,0.25813959421988425
358.0,0.30260828303808196
359.0,0.33689955777245933
360.0,0.365836156451359
361.0,0.3902784682558206
362.0,0.4105593140136869
363.0,0.4293378317006126
364.0,0.4530568980444005
365.0,0.48555199323589965
366.0,0.5211219239958788
367.0,0.5491524960429439
368.0,0.5635958309171181
369.0,0.5594420287522595
370.0,0.5268017936750397
371.0,0.46582495893627407
372.0,0.39679947430423407
373.0,0.3472567597640514
374.0,0.3334279256394253
375.0,0.3547347322750709
376.0,0.3990534166826545
377.0,0.449747840939462
378.0,0.4941916659895615
379.0,0.5236386671272135
380.0,0.5334617271300762
381.0,0.5273511897158132
382.0,0.5133779613565679
383.0,0.4935567983165615
384.0,0.4614995813613943
385.0,0.41092008180683265
386.0,0.3438628185366447
387.0,0.27190161750298536
388.0,0.21664827904481895
389.0,0.20943339856388998
390.0,0.26803101626600956
391.0,0.3740391624894628
392.0,0.4885232888932547
393.0,0.5876505937074761
394.0,0.6562680116625811
395.0,0.664267817713152
396.0,0.6003398333225034
397.0,0.5024299009089144
398.0,0.41992841382354695
399.0,0.3657945586420419
400.0,0.33082977781018613
401.0,0.3133531016736933
402.0,0.3116796346995679
403.0,0.31760119793487296
404.0,0.3294206246594029
405.0,0.35601906926324894
406.0,0.39874620629064433
407.0,0.4438987264384584
408.0,0.4791273255627488
409.0,0.5001916320621064
410.0,0.4952266586582716
411.0,0.45043800632305675
412.0,0.37709658858774
413.0,0.31120152612301794
414.0,0.28745025907102756
415.0,0.31813239364998236
416.0,0.39280717765431356
417.0,0.48647282811736076
418.0,0.5734324966819431
419.0,0.6323253364244869
420.0,0.6420669264458875
421.0,0.5978912008895483
422.0,0.5224380366030599
423.0,0.44644220718492905
424.0,0.38254008412413243
425.0,0.32923717299609534
426.0,0.2866914689095148
427.0,0.2547677824832899
428.0,0.23047176175053394
429.0,0.2156373618917097
430.0,0.219085129522055
431.0,0.24329857491807752
432.0,0.2777604988959693
433.0,0.3099191316716723
434.0,0.33345031627358485
435.0,0.34119333702059024
436.0,0.3262028838724127
437.0,0.2946969046513503
438.0,0.26543128012913764
439.0,0.2553947677435418
440.0,0.2708049095738335
441.0,0.3112079477490201
442.0,0.37008591698942667
443.0,0.4333228338299857
444.0,0.4853582655776198
445.0,0.5167299624608728
446.0,0.5276846412673586
447.0,0.5248588052944914
448.0,0.5158301746033409
449.0,0.5042392977439378
450.0,0.48912054390584014
451.0,0.46808308926246217
452.0,0.44162369679304264
453.0,0.4152355934371631
454.0,0.3971391651465162
455.0,0.3937184579172905
456.0,0.405567422552129
457.0,0.42735335624786475
458.0,0.45107264156338106
459.0,0.4704196082284188
460.0,0.48102939231208214
461.0,0.48094927753529193
462.0,0.4726084256211489
463.0,0.461682605187722
464.0,0.45396013644789907
465.0,0.4525196128535979
466.0,0.45789622571862193
467.0,0.4684669398565247
468.0,0.48113397010731895
469.0,0.4901808302374562
470.0,0.4849554135902556
471.0,0.4584543315103113
472.0,0.4175033146853166
473.0,0.3777011658015436
474.0,0.3498963441080831
475.0,0.33806322779143094
476.0,0.34496144550181623
477.0,0.3685151375205861
478.0,0.39922693290590033
479.0,0.4267992435711918
480.0,0.44743448668360236
481.0,0.46235180751398064
482.0,0.47289913768291
483.0,0.4797909791848663
484.0,0.483307725132179
485.0,0.4845736843251089
486.0,0.4855875083072644
487.0,0.48687615257535216
488.0,0.48593087096088294
489.0,0.47724585151874144
490.0,0.45525701113847167
491.0,0.4180074249421818
492.0,0.3693605726288117
493.0,0.3181257750459875
494.0,0.27526820401637153
495.0,0.2520880712847551
496.0,0.2538312809836799
497.0,0.2747031397630484
498.0,0.3026482492334107
499.0,0.32942707193260873
500.0,0.3534160401762393
501.0,0.37521769272867866
502.0,0.39509410981369847
503.0,0.41192383114320474
504.0,0.42460478971159055
505.0,0.43378593450765096
506.0,0.44025848451819594
507.0,0.443085124950969
508.0,0.44106927519768174
509.0,0.433956498647179
510.0,0.41862711704288647
511.0,0.3891138500298516
512.0,0.3467063852274901
513.0,0.30287691912366727
514.0,0.2680381661650855
515.0,0.2439110268871772
516.0,0.229353908759182
517.0,0.22452454390506432
518.0,0.22776207673817853
519.0,0.23681298558621186
520.0,0.25427872752097164
521.0,0.2848391365961091
522.0,0.326256330220258
523.0,0.37012167766518067
524.0,0.4106930154577042
525.0,0.4475488593490226
526.0,0.48175171833995895
527.0,0.5134631726990766
528.0,0.5413549877873386
529.0,0.5631985488511533
530.0,0.5772140155048024
531.0,0.5830202321647285
532.0,0.581581059371571
533.0,0.57501106714578
534.0,0.565241445721558
535.0,0.5485308513503058
536.0,0.5154579567092424
537.0,0.46486886781545084
538.0,0.4117264954539589
539.0,0.3795301924841084
540.0,0.38619678043578903
541.0,0.43503787290633034
542.0,0.5143317612084308
543.0,0.6054223951775781
544.0,0.6881994713083608
545.0,0.7318368567612672
546.0,0.7110197352935802
547.0,0.6395483994777638
548.0,0.5625736155680056
549.0,0.5134597819224428
550.0,0.5005734159525113
551.0,0.5314751114464492
552.0,0.6073643161250382
553.0,0.7042451040088701
554.0,0.7854794149907876
555.0,0.827848216671693
556.0,0.8311327029462503
557.0,0.8087411186969136
558.0,0.7777432536889168
559.0,0.7494486572573611
560.0,0.7302049950464604
561.0,0.7257837732303821
562.0,0.7348882122850844
563.0,0.7471817866487125
564.0,0.7527538227152446
565.0,0.7500994207185113
566.0,0.7415141583048203
567.0,0.7274950264027089
568.0,0.7083902103615695
569.0,0.6847566908942444
570.0,0.6543384412804275
571.0,0.6136822093892698
572.0,0.5647668038910844
573.0,0.5154604760425043
574.0,0.47293557890358773
575.0,0.43981180920069485
576.0,0.41613973116988684
577.0,0.4005167735660373
578.0,0.3904322643003195
579.0,0.3811537243862135
580.0,0.3643366697457547
581.0,0.33517091392763626
582.0,0.29948452309429907
583.0,0.2696235297385906
584.0,0.25480451516843744
585.0,0.2603839581139159
586.0,0.29094877639221806
587.0,0.3423779991116986
588.0,0.3985439439003318
589.0,0.4408896174223882
590.0,0.45981127361232893
591.0,0.45654714706609206
592.0,0.43834972622989743
593.0,0.4143798015225014
594.0,0.39051509107883065
595.0,0.3673314882226225
596.0,0.3423729447361314
597.0,0.31571683332879524
598.0,0.2920115135180477
599.0,0.27621859598658016
600.0,0.2702488201256333
601.0,0.27341861821329005
602.0,0.28316375462081084
603.0,0.29560941234630816
604.0,0.3070315607496677
605.0,0.31480844567862704
606.0,0.31869730051815476
607.0,0.3210123603274027
608.0,0.32462068971473057
609.0,0.3305107913830454
610.0,0.3382435442812427
611.0,0.34794637071737744
612.0,0.3597274319492479
613.0,0.3728700106974788
614.0,0.39058361803423836
615.0,0.42165442943020126
616.0,0.46880584664132585
617.0,0.5217263511326381
618.0,0.5675972650750905
619.0,0.6019144215995165
620.0,0.6243537584318652
621.0,0.6341457283979313
622.0,0.6343059697354946
623.0,0.6290604386201357
624.0,0.6109599744755619
625.0,0.5654120720244324
626.0,0.4950473386296026
627.0,0.42188219297733787
628.0,0.36192231866473046
629.0,0.3231928190647479
630.0,0.3310852877184677
631.0,0.40674138910123103
632.0,0.5227655462918879
633.0,0.6196555952904745
634.0,0.658967574814014
635.0,0.639492596079592
636.0,0.5759896779780638
637.0,0.4904865203062505
638.0,0.4069594726086106
639.0,0.34162554697234365
640.0,0.2987286882672037
641.0,0.27353476423524026
642.0,0.2609545084394489
643.0,0.26035477308409916
644.0,0.27604016922805963
645.0,0.31176960363925604
646.0,0.3653079283246756
647.0,0.42696791737309553
648.0,0.4846469798016019
649.0,0.5336786426495146
650.0,0.5786277998018958
651.0,0.6223666785824333
652.0,0.6591138527775413
653.0,0.678348108618849
654.0,0.6712754878182466
655.0,0.6342971157410547
656.0,0.5730001512127032
657.0,0.5031732012318125
658.0,0.44558002351582465
659.0,0.4192885095813597
660.0,0.43035400789380884
661.0,0.46696286832860884
662.0,0.5092692466404218
663.0,0.545219976128716
664.0,0.5725696828902038
665.0,0.5908964709544586
666.0,0.6006943604804016
667.0,0.6037956875584691
668.0,0.5999223547995514
669.0,0.5850082500793515
670.0,0.5573382245119536
671.0,0.5217862649116136
672.0,0.4847993656408696
673.0,0.4486943859098295
674.0,0.4120370772050446
675.0,0.3729354164606516
676.0,0.3324950761904748
677.0,0.2970702958969769
678.0,0.27904179801443796
679.0,0.28975773707373015
680.0,0.32822600286160375
681.0,0.38098198982193143
682.0,0.4340504369365766
683.0,0.4798155421587932
684.0,0.5129789282260699
685.0,0.5314413731267249
686.0,0.5396334253788406
687.0,0.5434886027948944
688.0,0.5425504042717599
689.0,0.5326613385453927
690.0,0.5140053113849576
691.0,0.4916604930764979
692.0,0.4712648535254951
693.0,0.45704790613189106
694.0,0.45143836362544754
695.0,0.4537817249991811
696.0,0.4608841261699412
697.0,0.4692763529969287
698.0,0.47743662239130347
699.0,0.485447393109868
700.0,0.49367137733656535
701.0,0.5020718138780953
702.0,0.5105489605778322
703.0,0.5215151576152642
704.0,0.5387890638805028
705.0,0.5615284663497395
706.0,0.583718283218188
707.0,0.6010131774766531
708.0,0.6135809358015953
709.0,0.6219771036559107
710.0,0.625547303661836
711.0,0.6245641528455326
712.0,0.6181272623114342
713.0,0.6000064436406186
714.0,0.5652035311374943
715.0,0.5195207001623701
716.0,0.47525724429731864
717.0,0.43976162452357537
718.0,0.41499641952351923
719.0,0.4033277697696706
720.0,0.40407531479392705
721.0,0.4104229824504246
722.0,0.4163196203874863
723.0,0.42286991899354776
724.0,0.432953831339028
725.0,0.4447344374924979
726.0,0.45384244592134426
727.0,0.4570692926146378
728.0,0.45228437683279393
729.0,0.4387160942905476
730.0,0.41926245706240506
731.0,0.40030711374716005
732.0,0.3896391791070939
733.0,0.39213777618568846
734.0,0.4060503070541393
735.0,0.424556899192374
736.0,0.4418008968059735
737.0,0.454734157676956
738.0,0.4587820106599969
739.0,0.4508159910016918
740.0,0.43551524298231187
741.0,0.4232817540799621
742.0,0.4228246294364577
743.0,0.4362541639757941
744.0,0.4597034161692076
745.0,0.4853432103511076
746.0,0.5050660990132637
747.0,0.5117283589099486
748.0,0.4994282742946503
749.0,0.4699889327781503
750.0,0.435168918298337
751.0,0.4120142955819005
752.0,0.4140447126212866
753.0,0.4436672081882554
754.0,0.4918422948952198
755.0,0.5439082173916745
756.0,0.588817108075711
757.0,0.6234420403716082
758.0,0.650802003319185
759.0,0.6730929941409383
760.0,0.6856102754628326
761.0,0.6760822276514958
762.0,0.6327447786617574
763.0,0.5553945146840532
764.0,0.4583994232984222
765.0,0.3634277860776802
766.0,0.2889328051419874
767.0,0.2445516999949698
768.0,0.22840379988014925
769.0,0.23091074563520514
770.0,0.24496217594519287
771.0,0.27410902744699867
772.0,0.3251486225702843
773.0,0.3958665597312191
774.0,0.47518902259299844
775.0,0.550723126794908
776.0,0.6111727305906621
777.0,0.6478089164006794
778.0,0.6611643095010383
779.0,0.6613181936548145
780.0,0.6583239939306471
781.0,0.6540554102946582
782.0,0.6464238852031974
783.0,0.6348575872524927
784.0,0.6199678064186835
785.0,0.6014478087426495
786.0,0.5741303013260166
787.0,0.5315848357542081
788.0,0.47666180394213287
789.0,0.4229494056906646
790.0,0.38580584324946327
791.0,0.3739785024327135
792.0,0.38871216252085167
793.0,0.4231819602702852
794.0,0.4642775110251217
795.0,0.49656564137914716
796.0,0.5055521670811697
797.0,0.4873260585969465
798.0,0.453361980464906
799.0,0.4198520555766332
800.0,0.39295039687441546
801.0,0.37052838949194317
802.0,0.3517121672565778
803.0,0.337539940788522
804.0,0.3288931134292705
805.0,0.3252426390954855
806.0,0.32467621254227397
807.0,0.3257534538751376
808.0,0.32986097227115174
809.0,0.34426491700103196
810.0,0.37956987117708546
811.0,0.44172269256803964
812.0,0.526101691360064
813.0,0.6180089225635075
814.0,0.6964567398544406
815.0,0.7342446008636385
816.0,0.7136412681666984
817.0,0.6477684035207655
818.0,0.5703187663666301
819.0,0.501858507532412
820.0,0.44108881720061754
821.0,0.38452439174317193
822.0,0.3340673607760044
823.0,0.2928866631411634
824.0,0.2671295009820313
825.0,0.2680169932924166
826.0,0.3000192423855751
827.0,0.3510270028289701
828.0,0.40322505661642005
829.0,0.4491537820918315
830.0,0.48960055483653114
831.0,0.5247280694159511
832.0,0.5544549201695891
833.0,0.57871141550602
834.0,0.5905694099714685
835.0,0.5774366238433875
836.0,0.5388068853683052
837.0,0.49243076290110305
838.0,0.45783521887039147
839.0,0.44322749427112595
840.0,0.45203918164298507
841.0,0.4847191154955022
842.0,0.5303963366689239
843.0,0.5708045900303926
844.0,0.5932642841936588
845.0,0.5969603672016893
846.0,0.5875498175129577
847.0,0.5713206292189366
848.0,0.5521886328517598
849.0,0.5306462918879216
850.0,0.5057511059159177
851.0,0.47754360849072136
852.0,0.4484688082836127
853.0,0.4149788434227474
854.0,0.3613764756570549
855.0,0.2803961977932468
856.0,0.19082602280616034
857.0,0.12240404273886674
858.0,0.09259079103499124
859.0,0.1089502592058072
860.0,0.17565606667358613
861.0,0.27814176746726604
862.0,0.3832364870003721
863.0,0.46542284886114504
864.0,0.523627871760261
865.0,0.5671006070754573
866.0,0.599188317816598
867.0,0.6167179667783246
868.0,0.6136655278309029
869.0,0.5866853484049507
870.0,0.539966149704469
871.0,0.4857376026067522
872.0,0.43912764669591886
873.0,0.4117875017921898
874.0,0.40618424446461576
875.0,0.4156945852353955
876.0,0.4296169284685975
877.0,0.4398224695818041
878.0,0.44339662938238034
879.0,0.44023554245995367
880.0,0.4326555779091153
881.0,0.4247656671429909
882.0,0.4244035165118323
883.0,0.4426962497316349
884.0,0.48186068042373253
885.0,0.5290180869537808
886.0,0.5696151765726196
887.0,0.6008749286539893
888.0,0.6254601111252451
889.0,0.6428210003712552
890.0,0.6518063783462931
891.0,0.651705159699317
892.0,0.6364744929781815
893.0,0.5977857734948708
894.0,0.5395910592984812
895.0,0.4789472331374704
896.0,0.4297927377966773
897.0,0.39492076694431616
898.0,0.3739350444299203
899.0,0.3664533188273491
900.0,0.3682996269521079
901.0,0.3792822619767925
902.0,0.41496939174315556
903.0,0.4883722386263411
904.0,0.5831511471865938
905.0,0.6660626190446028
906.0,0.718621656582749
907.0,0.7407057360348279
908.0,0.7357170171819656
909.0,0.7104705964483107
910.0,0.6763622113290849
911.0,0.6409630779893524
912.0,0.6024881518002563
913.0,0.5580433977920735
914.0,0.512055725768892
915.0,0.4723061879161296
916.0,0.44366074166682967
917.0,0.4264893485503131
918.0,0.41761880304341764
919.0,0.41211071950482997
920.0,0.4055062707841369
921.0,0.3935067822307594
922.0,0.37372315209633855
923.0,0.34914799300515065
924.0,0.3265024798752576
925.0,0.3106245916050624
926.0,0.30205692818454755
927.0,0.2997759518732086
928.0,0.30268171190026166
929.0,0.3094234966982296
930.0,0.31898368468085014
931.0,0.3311774169386589
932.0,0.346102250053305
933.0,0.36320087706233195
934.0,0.3831751002604328
935.0,0.4096288923352377
936.0,0.4448378673035721
937.0,0.4858426657539153
938.0,0.5270345522458153
939.0,0.5647926400893634
940.0,0.5984605975114273
941.0,0.6289830570218455
942.0,0.6570755359093342
943.0,0.680496711928938
944.0,0.6892473571824818
945.0,0.6700182061990777
946.0,0.6223940282517568
947.0,0.5625795285842536
948.0,0.5078161082134756
949.0,0.46686639768923915
950.0,0.44884116732960855
951.0,0.4603492508667352
952.0,0.4917914440606831
953.0,0.5202164144847479
954.0,0.5249150739945313
955.0,0.5002457625833836
956.0,0.4559618801448649
957.0,0.4097935733851341
958.0,0.37641510854134524
959.0,0.36307028028031185
960.0,0.3730625599508777
961.0,0.40290523881142765
962.0,0.4414070379787785
963.0,0.4751411398106625
964.0,0.4954733997259649
965.0,0.5023810314980861
966.0,0.502709128047532
967.0,0.507969474410251
968.0,0.5293398921600097
969.0,0.5739804018198411
970.0,0.6422714239421364
971.0,0.7247111180868238
972.0,0.801205442601132
973.0,0.8338495631850665
974.0,0.7867143004385211
975.0,0.6703747783551257
976.0,0.5417752948760347
977.0,0.4535963235380024
978.0,0.42331246466305794
979.0,0.451439201513948
980.0,0.5267315300883959
981.0,0.6177721910503455
982.0,0.6836679746936011
983.0,0.6912226496152579
984.0,0.6353758938577481
985.0,0.5435370272116826
986.0,0.454538736325043
987.0,0.3898274023105017
988.0,0.35039079883060936
989.0,0.33260278692396344
990.0,0.33095912666642563
991.0,0.33844588967009515
992.0,0.3523438355703354
993.0,0.37647629096582413
994.0,0.41203518283722357
995.0,0.4509012386578388
996.0,0.482262419234245
997.0,0.5007389063095137
998.0,0.506919578562995
999.0,0.5046747776358566
1000.0,0.4989150373885448
1001.0,0.49330227292500367
1002.0,0.49082184399556217
1003.0,0.49323472125013185
1004.0,0.49937255475259135
1005.0,0.5049170753277459
1006.0,0.5032602608086574
1007.0,0.4900386576148679
1008.0,0.4675041730675387
1009.0,0.4437430747342542
1010.0,0.42747390702267224
1011.0,0.4246488583468259
1012.0,0.4387738013861712
1013.0,0.4675336725110416
1014.0,0.5013702730772716
1015.0,0.5303538390887947
1016.0,0.5517946003093561
1017.0,0.5677416484340091
1018.0,0.578325578634098
1019.0,0.5816100241678901
1020.0,0.5755198745215143
1021.0,0.5574191182059681
1022.0,0.5250512758795656
1023.0,0.48275775145527206
1024.0,0.4418745071550563
1025.0,0.41122402914745176
1026.0,0.39095959103670364
1027.0,0.3773480046549631
1028.0,0.36952257367149366
1029.0,0.3725079942781824
1030.0,0.39430681835723064
1031.0,0.43867761095144153
1032.0,0.4995964803419851
1033.0,0.5617099907751791
1034.0,0.604984189163623
1035.0,0.6088721616132182
1036.0,0.5668315584373134
1037.0,0.4972904502363095
1038.0,0.4299489575008583
1039.0,0.38106259470236314
1040.0,0.35035206831751553
1041.0,0.3351810677056577
1042.0,0.3337634160334893
1043.0,0.3438222419331686
1044.0,0.36718317091359487
1045.0,0.4114734769503703
1046.0,0.47658775779068874
1047.0,0.5462130654247283
1048.0,0.5999184007663116
1049.0,0.6279955959223233
1050.0,0.6320253772447807
1051.0,0.6185624904348699
1052.0,0.5950325525831743
1053.0,0.5646698836653492
1054.0,0.5233270243170963
1055.0,0.46492256705730794
1056.0,0.3945833904986956
1057.0,0.32997021821927147
1058.0,0.28827803151629017
1059.0,0.2749761216643016
1060.0,0.2833618496702708
1061.0,0.3003991387247585
1062.0,0.31483464416081347
1063.0,0.3217954230636376
1064.0,0.3202235311675099
1065.0,0.312600380075072
1066.0,0.3047583517024394
1067.0,0.30570263365114614
1068.0,0.32653225842000183
1069.0,0.37045648251386337
1070.0,0.426434059635752
1071.0,0.47491110125257213
1072.0,0.4997347232196647
1073.0,0.49519223243985694
1074.0,0.4659194192166703
1075.0,0.42493155951436723
1076.0,0.3871543317061686
1077.0,0.36675977349043876
1078.0,0.3728657670719872
1079.0,0.40139886670107366
1080.0,0.4365862373806837
1081.0,0.4615099841408996
1082.0,0.46861257879078155
1083.0,0.4603278840672907
1084.0,0.44515963532078406
1085.0,0.4326988065324978
1086.0,0.4316742813646731
1087.0,0.4550740960857914
1088.0,0.5103890851608374
1089.0,0.5839076689682217
1090.0,0.6445016525976036
1091.0,0.6614862021025352
1092.0,0.6248882322392797
1093.0,0.5513853848957984
1094.0,0.47226718470702916
1095.0,0.4120977137106395
1096.0,0.380998884762447
1097.0,0.38019551146751485
1098.0,0.40146641773488
1099.0,0.43029693944494884
1100.0,0.45193245070589777
1101.0,0.4575590329574016
1102.0,0.44873145585435625
1103.0,0.4350638465497491
1104.0,0.42831464545141545
1105.0,0.43558121354737744
1106.0,0.4586374929575543
1107.0,0.4949687682199423
1108.0,0.5362434664334084
1109.0,0.573172313171249
1110.0,0.6052066943258783
1111.0,0.6392617850337865
1112.0,0.6764965827361655
1113.0,0.7046858038919784
1114.0,0.7010481857407823
1115.0,0.6489871554257087
1116.0,0.5552050072777621
1117.0,0.4478190286195049
1118.0,0.3574448362452039
1119.0,0.30686327867435775
1120.0,0.3135520000808137
1121.0,0.3752054611688877
1122.0,0.46131965477253445
1123.0,0.5343328467138756
1124.0,0.5771619909999121
1125.0,0.5943471695179856
1126.0,0.5959474249040579
1127.0,0.5906580146097886
1128.0,0.5823456325412245
1129.0,0.5713042197895811
1130.0,0.5577850537454543
1131.0,0.5428927123054259
1132.0,0.529020990711615
1133.0,0.5205989673587788
1134.0,0.5219351130264598
1135.0,0.5318514543242568
1136.0,0.5427588302786991
1137.0,0.5452283743090977
1138.0,0.5337360937980236
1139.0,0.5086848117471797
1140.0,0.4756400439486795
1141.0,0.4423064868302908
1142.0,0.4155848729986022
1143.0,0.4014831023106804
1144.0,0.40152640627329217
1145.0,0.4094779734876878
1146.0,0.4191405700982724
1147.0,0.4349549151618411
1148.0,0.46421010490088743
1149.0,0.5030020716866017
1150.0,0.5378515420918308
1151.0,0.5561558863891956
1152.0,0.5493560692906505
1153.0,0.512672291949277
1154.0,0.4534282139217633
1155.0,0.39192588369426357
1156.0,0.3497042361692692
1157.0,0.3366683070867585
1158.0,0.3478333357386676
1159.0,0.3703853976849584
1160.0,0.3948661554658873
1161.0,0.4213719503817574
1162.0,0.4517147253470047
1163.0,0.48279522048591617
1164.0,0.5088534100320249
1165.0,0.5220688149246173
1166.0,0.5084543593439167
1167.0,0.4579678376422439
1168.0,0.38196625285457064
1169.0,0.31127536940078726
1170.0,0.27801910291682236
1171.0,0.2955303093086691
1172.0,0.35231592436631026
1173.0,0.4216785081071283
1174.0,0.4808173708917996
1175.0,0.5163037969521658
1176.0,0.5176213929296745
1177.0,0.4864209257809457
1178.0,0.44198311720094646
1179.0,0.40485285760694534
1180.0,0.3791117509204241
1181.0,0.3590577045542238
1182.0,0.34316823507317934
1183.0,0.33276981579073567
1184.0,0.32815894503021303
1185.0,0.3291443149233747
1186.0,0.3357887337695208
1187.0,0.34765634829990116
1188.0,0.3645208073455561
1189.0,0.39014483802213845
1190.0,0.4297941325725845
1191.0,0.48066001274393916
1192.0,0.5295352633842034
1193.0,0.5595338609977393
1194.0,0.5608089121949917
1195.0,0.5369554571235609
1196.0,0.5018160201966052
1197.0,0.4689198611639926
1198.0,0.445299874963264
1199.0,0.4337214469882616
1200.0,0.4330564404201207
1201.0,0.43886091879322003
1202.0,0.44998236697684063
1203.0,0.4738675220417874
1204.0,0.5156460734258514
1205.0,0.5663804708131545
1206.0,0.6115090056154918
1207.0,0.6445908613107554
1208.0,0.6653262157842605
1209.0,0.6730528345850625
1210.0,0.6707598788999167
1211.0,0.6650501256010846
1212.0,0.6517250277251325
1213.0,0.614383806125067
1214.0,0.5507030595372844
1215.0,0.48468052869098344
1216.0,0.44901827872934236
1217.0,0.46205882486842254
1218.0,0.5190264930710666
1219.0,0.5955019223912774
1220.0,0.659372302115576
1221.0,0.684976001753974
1222.0,0.6551818966196599
1223.0,0.5719689890366648
1224.0,0.4650611986247808
1225.0,0.37864191010227505
1226.0,0.34873728750199295
1227.0,0.3825485001348725
1228.0,0.4576523467715113
1229.0,0.5381017504671333
1230.0,0.5974037503796913
1231.0,0.6273410028690298
1232.0,0.6312348649497567
1233.0,0.6207816246405053
1234.0,0.6101068741515308
1235.0,0.6129652045327441
1236.0,0.6396628378930237
1237.0,0.6874086749282688
1238.0,0.7386430450157937
1239.0,0.7671865772554555
1240.0,0.7525773732460062
1241.0,0.6956043978059194
1242.0,0.6178174662739159
1243.0,0.5432271497300113
1244.0,0.4832054362917173
1245.0,0.4420045570726617
1246.0,0.4203553562981943
1247.0,0.4118454882602267
1248.0,0.40818010666316057
1249.0,0.4094029986803188
1250.0,0.42126748986772145
1251.0,0.4422578479037007
1252.0,0.4626664076096776
1253.0,0.47408540850318087
1254.0,0.4741343342181976
1255.0,0.46474871006304613
1256.0,0.45112064966519516
1257.0,0.4398275149420689
1258.0,0.4362993598298769
1259.0,0.44331750195690256
1260.0,0.4589735688982372
1261.0,0.4778593737386966
1262.0,0.4990532880327116
1263.0,0.5299239269630338
1264.0,0.5741231801237778
1265.0,0.6226250075268757
1266.0,0.6604377621086865
1267.0,0.6769200252843381
1268.0,0.6684098517630852
1269.0,0.6379859460640847
1270.0,0.5955218099920649
1271.0,0.551991320116134
1272.0,0.5118114287002447
1273.0,0.4725225696157183
1274.0,0.4336430162623626
1275.0,0.40034563916039373
1276.0,0.3788871120236337
1277.0,0.3721714471249542
1278.0,0.3784354961674383
1279.0,0.3931070142398846
1280.0,0.41252494282653496
1281.0,0.43656234640449293
1282.0,0.46840118076161974
1283.0,0.5088703014236189
1284.0,0.5513739070494152
1285.0,0.584986243146562
1286.0,0.6014403040186351
1287.0,0.6008373694565015
1288.0,0.5912228084603843
1289.0,0.5804069076584797
1290.0,0.5687014413815764
1291.0,0.5537025687759307
1292.0,0.5366655000662081
1293.0,0.5211895979279053
1294.0,0.5109569304274514
1295.0,0.511135572749197
1296.0,0.5263193937318702
1297.0,0.5531367198373225
1298.0,0.5808535518970515
1299.0,0.6014704605987764
1300.0,0.6148868323666951
1301.0,0.6236480588821659
1302.0,0.6288800027828431
1303.0,0.6305966655193213
1304.0,0.6282786702684054
1305.0,0.6216640825358235
1306.0,0.6115589627098815
1307.0,0.5999409435012334
1308.0,0.5895730150539243
1309.0,0.5833321777778989
1310.0,0.5819743512725594
1311.0,0.5828879868630453
1312.0,0.5790063763596967
1313.0,0.5604270789839529
1314.0,0.5231508173701136
1315.0,0.47436293807716057
1316.0,0.42729398799947216
1317.0,0.3921413772776219
1318.0,0.37446253260183143
1319.0,0.3758797605975361
1320.0,0.39124785950648033
1321.0,0.41012358554398637
1322.0,0.42086653010897784
1323.0,0.4166831468167675
1324.0,0.39957603824061183
1325.0,0.38017827716920816
1326.0,0.3759729700775306
1327.0,0.400914035864889
1328.0,0.45381706306766667
1329.0,0.5179721166966511
1330.0,0.5731382008899707
1331.0,0.6000383173939106
1332.0,0.5726559950071117
1333.0,0.4801926539089423
1334.0,0.3537622578403645
1335.0,0.2510432262236485
1336.0,0.21763124436264958
1337.0,0.2591662036924156
1338.0,0.3438524696080277
1339.0,0.42473738495041996
1340.0,0.4694200346454167
1341.0,0.4689613246957006
1342.0,0.42904812557555055
1343.0,0.37005334194192896
1344.0,0.3200272066377845
1345.0,0.306259542319566
1346.0,0.34454372289176255
1347.0,0.423777281364847
1348.0,0.5100284066793608
1349.0,0.5692195707838957
1350.0,0.5882237443425707
1351.0,0.5740315792763592
1352.0,0.5425024861925419
1353.0,0.5081000933000511
1354.0,0.4765893676541718
1355.0,0.4486651006621989
1356.0,0.423329634423379
1357.0,0.3986092155646786
1358.0,0.3714040018384306
1359.0,0.335844761387621
1360.0,0.28885315743191037
1361.0,0.23671643645547225
1362.0,0.1956982996096791
1363.0,0.18642612115954194
1364.0,0.21809502742093856
1365.0,0.27863908701454393
1366.0,0.34343408681641263
1367.0,0.39318308937161184
1368.0,0.41879727075689455
1369.0,0.41789749863565684
1370.0,0.39828340978418064
1371.0,0.3759215550052953
1372.0,0.3678765780990193
1373.0,0.3837009772675363
1374.0,0.4193614957575823
1375.0,0.46057643108046964
1376.0,0.4928042027126798
1377.0,0.51022551147148
1378.0,0.5142125512409349
1379.0,0.5097305147050075
1380.0,0.5050705374810804
1381.0,0.5066265223722253
1382.0,0.512082497382574
1383.0,0.5128380245911243
1384.0,0.5040539297598239
1385.0,0.4893243629588101
1386.0,0.4769760051002223
1387.0,0.47247771153880935
1388.0,0.4726567780220846
1389.0,0.46854803694813063
1390.0,0.45352450381664655
1391.0,0.43052662658932517
1392.0,0.4124925051448515
1393.0,0.40889168078494253
1394.0,0.41351590791763804
1395.0,0.4132399755940134
1396.0,0.403048488274109
1397.0,0.3871642210645039
1398.0,0.3738790216077041
1399.0,0.3780893232281536
1400.0,0.41658784752663247
1401.0,0.4878946809638143
1402.0,0.5674016419270829
1403.0,0.6287773685860155
1404.0,0.6627144921435053
1405.0,0.6718555954097406
1406.0,0.6616166896283319
1407.0,0.637019254310498
1408.0,0.5993972437981112
1409.0,0.5456329179592457
1410.0,0.4746947760266603
1411.0,0.39706042108071316
1412.0,0.33245699900893505
1413.0,0.2988071943874084
1414.0,0.30075294333503527
1415.0,0.32700156116048007
1416.0,0.3596727286139154
1417.0,0.38824704716404596
1418.0,0.41160037389939275
1419.0,0.4304286732173579
1420.0,0.4453533405269755
1421.0,0.45715243583916987
1422.0,0.46629424767860994
1423.0,0.4727375505401884
1424.0,0.4766892478928352
1425.0,0.4785564229900885
1426.0,0.4740711352232555
1427.0,0.4545139767791613
1428.0,0.4190327706632112
1429.0,0.3802433411626778
1430.0,0.3551463248097422
1431.0,0.3537450223627371
1432.0,0.37623639880404874
1433.0,0.41493456638627013
1434.0,0.45806033839901583
1435.0,0.4957661830230029
1436.0,0.5226477272379619
1437.0,0.5387516029602589
1438.0,0.5482580979731413
1439.0,0.5544328674137264
1440.0,0.5546914173851806
1441.0,0.544559288528755
1442.0,0.5261380028740122
1443.0,0.50842218422029
1444.0,0.501089053366313
1445.0,0.5083288231522628
1446.0,0.5269493316294516
1447.0,0.5478913334454647
1448.0,0.5610959567155489
1449.0,0.5563869741217844
1450.0,0.524473374087401
1451.0,0.4684591513997578
1452.0,0.4067729446900963
1453.0,0.3572161794915132
1454.0,0.3229256436807543
1455.0,0.29928535886012486
1456.0,0.2836660633086613
1457.0,0.27315120215277455
1458.0,0.2639640325633315
1459.0,0.2547559259258336
1460.0,0.24872052752533036
1461.0,0.2531294044687636
1462.0,0.2775058831643855
1463.0,0.33390399640246005
1464.0,0.4262005886405328
1465.0,0.5363132988544657
1466.0,0.6284961410643917
1467.0,0.6662621029965189
1468.0,0.6374637584389641
1469.0,0.565612994989919
1470.0,0.49428242176269965
1471.0,0.45750134636570394
1472.0,0.46452792935295495
1473.0,0.5061398226074364
1474.0,0.5620941855077
1475.0,0.6125096587537538
1476.0,0.6456472410396062
1477.0,0.6590710300799345
1478.0,0.6580025750752744
1479.0,0.6487800363226913
1480.0,0.6316966592610199
1481.0,0.6001856710705842
1482.0,0.5526309735584429
1483.0,0.5002775098510311
1484.0,0.46360510461517523
1485.0,0.4599972870670124
1486.0,0.4904470513181777
1487.0,0.5375742237187047
1488.0,0.5766262961079716
1489.0,0.588810190641654
1490.0,0.5638187438955617
1491.0,0.5047316629013172
1492.0,0.43148319911679345
1493.0,0.37081104061921755
1494.0,0.3418496038832537
1495.0,0.3463470288829734
1496.0,0.37157380630039416
1497.0,0.40203042969079683
1498.0,0.43182481206030565
1499.0,0.4627439993410998
1500.0,0.49378618900128946
1501.0,0.5218304376855727
1502.0,0.5462867072900534
1503.0,0.568527605141803
1504.0,0.5892627460824515
1505.0,0.6065978167497965
1506.0,0.6150188325805976
1507.0,0.6003690346380948
1508.0,0.5447396331689264
1509.0,0.4509111734965975
1510.0,0.34988569609372
1511.0,0.2792792204602572
1512.0,0.2578997397874345
1513.0,0.2789922568457608
1514.0,0.3194971851724602
1515.0,0.35732502266094035
1516.0,0.3833506487637748
1517.0,0.3953470293155279
1518.0,0.3943310974763051
1519.0,0.38665241351518076
1520.0,0.3751758150824054
1521.0,0.3469108238388666
1522.0,0.28862902466915813
1523.0,0.21278305215746007
1524.0,0.15832179210933517
1525.0,0.1702186874609845
1526.0,0.26344968900577137
1527.0,0.4052175462736435
1528.0,0.5362493637199138
1529.0,0.6109716650657698
1530.0,0.6139791332124367
1531.0,0.5536937053011238
1532.0,0.45995961337422675
1533.0,0.3702802623751237
1534.0,0.3177653744361161
1535.0,0.31953098779740896
1536.0,0.3641079628958912
1537.0,0.4187128162750846
1538.0,0.4508835657877226
1539.0,0.44875849359895237
1540.0,0.42098214934806655
1541.0,0.3867833419078134
1542.0,0.36751658393730313
1543.0,0.3753490548417956
1544.0,0.40927573443753307
1545.0,0.45662892071061645
1546.0,0.4989658420796522
1547.0,0.5196967987933517
1548.0,0.5064278160832599
1549.0,0.4598636799711824
1550.0,0.398845567164558
1551.0,0.3525039878149837
1552.0,0.34627136935513203
1553.0,0.38442448234283155
1554.0,0.44607784685520546
1555.0,0.4965641898268871
1556.0,0.5074553395325487
1557.0,0.47254229733855924
1558.0,0.4081946973967021
1559.0,0.34314221242847176
1560.0,0.3012404449797774
1561.0,0.29491767409644243
1562.0,0.324811288000326
1563.0,0.3771855152017325
1564.0,0.4319549657987767
1565.0,0.4770569112669234
1566.0,0.5143863985726028
1567.0,0.5488970836405088
1568.0,0.5772573730237595
1569.0,0.585129126032674
1570.0,0.557869634935762
1571.0,0.49839270774963473
1572.0,0.4305781951035532
1573.0,0.38613113393530085
1574.0,0.3860055370203507
1575.0,0.43172244375909263
1576.0,0.5023389573723398
1577.0,0.5624739887301561
1578.0,0.5769288380573203
1579.0,0.5214026485023301
1580.0,0.4030437883824636
1581.0,0.2645507799483211
1582.0,0.16281600829137405
1583.0,0.13816025651084013
1584.0,0.1901885712324794
1585.0,0.2821555176547662
1586.0,0.370493460025615
1587.0,0.4360171953038642
1588.0,0.47935770247373877
1589.0,0.5038190824375746
1590.0,0.5105769371613321
1591.0,0.49655196051856276
1592.0,0.45661476347427365
1593.0,0.39020462559645597
1594.0,0.3109385250875454
1595.0,0.24282478795882634
1596.0,0.20365944525882812
1597.0,0.1969489694185923
1598.0,0.2211912262324579
1599.0,0.0
