0.0,0.0
1.0,0.0
2.0,0.0
3.0,0.0
4.0,0.0
5.0,0.0
6.0,0.0
7.0,0.0
8.0,0.0
9.0,0.0
10.0,0.0
11.0,0.0
12.0,0.0
13.0,0.0
14.0,0.0
15.0,0.0
16.0,0.0
17.0,0.0
18.0,0.0
19.0,0.0
20.0,0.0
21.0,0.0
22.0,0.0
23.0,0.0
24.0,0.0
25.0,0.0
26.0,0.0
27.0,0.0
28.0,0.0
29.0,0.0
30.0,0.0
31.0,0.0
32.0,0.0
33.0,0.0
34.0,0.0
35.0,0.0
36.0,0.0
37.0,0.0
38.0,0.0
39.0,0.0
40.0,0.0
41.0,0.0
42.0,0.0
43.0,0.0
44.0,0.0
45.0,0.0
46.0,0.0
47.0,0.0
48.0,0.0
49.0,0.0
50.0,0.0
51.0,0.0
52.0,0.0
53.0,0.0
54.0,0.0
55.0,0.0
56.0,0.0
57.0,0.0
58.0,0.0
59.0,0.0
60.0,0.0
61.0,0.0
62.0,0.0
63.0,0.0
64.0,0.0
65.0,0.0
66.0,0.0
67.0,0.0
68.0,0.0
69.0,0.0
70.0,0.0
71.0,0.0
72.0,0.0
73.0,0.0
74.0,0.0
75.0,0.0
76.0,0.0
77.0,0.0
78.0,0.0
79.0,0.0
80.0,0.0
81.0,0.0
82.0,0.0
83.0,0.0
84.0,0.0
85.0,0.0
86.0,0.056341521747189705
87.0,0.039987934581946105
88.0,0.025856826557817902
89.0,0.013501798105647889
90.0,0.004510116193140512
91.0,0.0
92.0,0.0007606698680810431
93.0,0.005744050049362959
94.0,0.012162081632644456
95.0,0.01813011957551508
96.0,0.024073248210910336
97.0,0.03072850989360862
98.0,0.03765350284558555
99.0,0.044067270703139455
100.0,0.04956468346378454
101.0,0.05406880097801568
102.0,0.0576365724874677
103.0,0.06020529699470514
104.0,0.061702768423092
105.0,0.06251251528053625
106.0,0.06262310291601664
107.0,0.06027281835385115
108.0,0.05401133475283751
109.0,0.04566795269853259
110.0,0.03921996380643199
111.0,0.03748221684130634
112.0,0.041112699635457994
113.0,0.0495887383839857
114.0,0.06121538857198344
115.0,0.07345549028717982
116.0,0.08282388504941474
117.0,0.08560233902311223
118.0,0.0809024638243788
119.0,0.07175839390026686
120.0,0.0624453036370793
121.0,0.05556807761858791
122.0,0.053148618887178256
123.0,0.05697338495189708
124.0,0.06612733576258226
125.0,0.07707647061161517
126.0,0.08680958315831115
127.0,0.09448989265189216
128.0,0.09958762976736468
129.0,0.10157959623005111
130.0,0.10163337255591987
131.0,0.10224831805170603
132.0,0.10536646397560151
133.0,0.11146147738704329
134.0,0.12018517709868315
135.0,0.13051290376294275
136.0,0.14075851026348696
137.0,0.1495966745468449
138.0,0.1569637394079665
139.0,0.1632603285570152
140.0,0.1680525753772544
141.0,0.17105281578170303
142.0,0.17312211735119998
143.0,0.17338553155846423
144.0,0.16786822527154507
145.0,0.1554207704318461
146.0,0.14129966046349932
147.0,0.13203825517320927
148.0,0.1301220564837091
149.0,0.13536166339198213
150.0,0.14685896729459164
151.0,0.1620891537154312
152.0,0.1770200811973471
153.0,0.18668887767521136
154.0,0.1876174118126113
155.0,0.18062488418498301
156.0,0.17008522544898308
157.0,0.1600333023670011
158.0,0.1526952943644653
159.0,0.15070518904939528
160.0,0.15569025829153207
161.0,0.16535781770453215
162.0,0.17527559031590503
163.0,0.18302568977883063
164.0,0.18864797318802604
165.0,0.1923535762189132
166.0,0.19421611808483646
167.0,0.1946015081811738
168.0,0.1939569887392684
169.0,0.19249190373414693
170.0,0.19014650222793883
171.0,0.18678178103969184
172.0,0.18255528548776875
173.0,0.17782209291218654
174.0,0.17153085266149293
175.0,0.16134253325931167
176.0,0.14730169455545128
177.0,0.13295063508957314
178.0,0.12142572382827801
179.0,0.11346580919779672
180.0,0.11066361341678863
181.0,0.11537198420873929
182.0,0.12613588842531076
183.0,0.13797542090454992
184.0,0.14745449847797829
185.0,0.15453248922516408
186.0,0.15994769383796284
187.0,0.16405584480554383
188.0,0.16723157268248356
189.0,0.1709538899766546
190.0,0.178672274554605
191.0,0.1923619682631854
192.0,0.20905275436987164
193.0,0.224126896842829
194.0,0.23639226099470856
195.0,0.24343066582985518
196.0,0.2372039298498989
197.0,0.2148522859945879
198.0,0.18621989135358769
199.0,0.16336971208561168
200.0,0.1494091038949512
201.0,0.14277715388163387
202.0,0.14316990860443374
203.0,0.1489787190916928
204.0,0.15664026940596684
205.0,0.16411875364168865
206.0,0.1722028487728501
207.0,0.18156696021914495
208.0,0.19118555565721956
209.0,0.19993112459736778
210.0,0.20699825267604616
211.0,0.21061167318288943
212.0,0.20928414462927356
213.0,0.20442974389826474
214.0,0.19951381077711974
215.0,0.19683695327703743
216.0,0.19697513339591544
217.0,0.2005304343581611
218.0,0.20739286716838368
219.0,0.2155404797476574
220.0,0.22276919754743524
221.0,0.2288698301848061
222.0,0.23465640650510716
223.0,0.240019618412933
224.0,0.24425803534587281
225.0,0.24687232530242334
226.0,0.2466462142250394
227.0,0.2416011518460568
228.0,0.23177009153721367
229.0,0.22016149320355374
230.0,0.2097888003033175
231.0,0.20164122676598317
232.0,0.1969112909444607
233.0,0.19731996056269585
234.0,0.20180467205716113
235.0,0.20637945177980527
236.0,0.2076620138522907
237.0,0.20485842847516636
238.0,0.19841673698474122
239.0,0.18939212034183686
240.0,0.17975382538939172
241.0,0.17167679280047912
242.0,0.1666351756139597
243.0,0.164832750734352
244.0,0.16549184204118966
245.0,0.16740294632663139
246.0,0.16955510674523638
247.0,0.17184672463889644
248.0,0.1751424414206977
249.0,0.17990479266047613
250.0,0.18505138840151591
251.0,0.18883862909021853
252.0,0.19026683887410223
253.0,0.1892107668931378
254.0,0.186043914547367
255.0,0.18176180790559
256.0,0.17770502024723545
257.0,0.17509438329721247
258.0,0.1745560371524454
259.0,0.17592189312351297
260.0,0.17849963780299583
261.0,0.18148126151553046
262.0,0.18458252978686734
263.0,0.18852350556371605
264.0,0.1941823813475056
265.0,0.2009515068685952
266.0,0.2069272256509952
267.0,0.21070966983972178
268.0,0.2120087388243474
269.0,0.21081008113256322
270.0,0.2075252978302098
271.0,0.20348052441240383
272.0,0.1994377467277189
273.0,0.19407463184716417
274.0,0.18604149875599718
275.0,0.17654556675140415
276.0,0.1681662985409883
277.0,0.16252638671727537
278.0,0.1615047566413979
279.0,0.16805020088253503
280.0,0.18204572698651156
281.0,0.19842710725439444
282.0,0.21108119829638794
283.0,0.21692481496871652
284.0,0.21501411349136124
285.0,0.20550731965126579
286.0,0.19114016010989737
287.0,0.17697818063332665
288.0,0.1691403481424299
289.0,0.17153789954936205
290.0,0.18282303185970977
291.0,0.19728010725755274
292.0,0.20912239720640546
293.0,0.2143619487109391
294.0,0.20855624693151398
295.0,0.18992906898935202
296.0,0.16384881765175374
297.0,0.13956855095075843
298.0,0.12310322316951636
299.0,0.11634755270805908
300.0,0.12078721564393624
301.0,0.13513041787064584
302.0,0.1531036326888145
303.0,0.16674006240253852
304.0,0.17113694303300958
305.0,0.16649064241678602
306.0,0.15663577379356097
307.0,0.14659216095560468
308.0,0.13993415941978415
309.0,0.13984581990345224
310.0,0.1491762675382552
311.0,0.16629316386493564
312.0,0.18486738249955698
313.0,0.1990547939062534
314.0,0.20687717385086968
315.0,0.20750629679187194
316.0,0.20053759877837812
317.0,0.1889343417542062
318.0,0.177792215504394
319.0,0.16992123689170874
320.0,0.16476184041870523
321.0,0.16133807245942583
322.0,0.15942467649500563
323.0,0.15870012181412962
324.0,0.15926980448045536
325.0,0.16249960873479624
326.0,0.16910517126133956
327.0,0.177051743996201
328.0,0.18292200868760633
329.0,0.1845944989280457
330.0,0.18121135829947616
331.0,0.1721316654089572
332.0,0.15869884312286225
333.0,0.14493062402347073
334.0,0.13565981533849675
335.0,0.13390127853622236
336.0,0.1392023397092469
337.0,0.14835084968097711
338.0,0.1577396215367945
339.0,0.16560560419366366
340.0,0.17169845022130759
341.0,0.17628061153909824
342.0,0.17950867913053226
343.0,0.18093724268560085
344.0,0.17963944166301093
345.0,0.17463017187764318
346.0,0.16515544511785213
347.0,0.1517458627684069
348.0,0.13717161650909598
349.0,0.12478279110357893
350.0,0.11583670687228115
351.0,0.10966754758269531
352.0,0.10597379768923293
353.0,0.1049171393798316
354.0,0.10612211928750542
355.0,0.11006302515739175
356.0,0.11922133931175505
357.0,0.13431003879544773
358.0,0.15133368333697633
359.0,0.1650456848225712
360.0,0.17331886603778957
361.0,0.17631347305893857
362.0,0.17442650360096246
363.0,0.16919185264474718
364.0,0.1633187792548802
365.0,0.15933323586272158
366.0,0.15826290839414503
367.0,0.15937346199402314
368.0,0.16103381548826373
369.0,0.16202881536783714
370.0,0.1618503918098813
371.0,0.15916149886256037
372.0,0.1526349919787257
373.0,0.14371188556032144
374.0,0.13599101247281747
375.0,0.13198238112367533
376.0,0.1319914195250786
377.0,0.13561557589682177
378.0,0.14186512356122294
379.0,0.14870292522434525
380.0,0.15482293420889282
381.0,0.16136171278156053
382.0,0.1694302291362414
383.0,0.17712663215881602
384.0,0.1816689680940619
385.0,0.18229950320126764
386.0,0.17655384359200993
387.0,0.158449507958088
388.0,0.1281867116695592
389.0,0.0970405509023688
390.0,0.07881464593235332
391.0,0.08007851985842657
392.0,0.09953679723375947
393.0,0.13112995497359914
394.0,0.16594837036310223
395.0,0.19612062264365043
396.0,0.21701136308403018
397.0,0.22798536101714573
398.0,0.23122256315978573
399.0,0.22932117915644978
400.0,0.22383602933195135
401.0,0.21418992186041325
402.0,0.19780572415848685
403.0,0.17380192152997154
404.0,0.14681184653525114
405.0,0.12495029055780643
406.0,0.11447204055700516
407.0,0.11643078476727975
408.0,0.12741705792221764
409.0,0.14188183143729916
410.0,0.15533309464091527
411.0,0.16505961487961152
412.0,0.16938431733718995
413.0,0.1687598312462839
414.0,0.1657186861275221
415.0,0.1632793430984223
416.0,0.16319685766779451
417.0,0.16613917265660605
418.0,0.17212804259439934
419.0,0.17985121741576693
420.0,0.1864535591272966
421.0,0.1870751316680862
422.0,0.1774489634780121
423.0,0.1587476711417588
424.0,0.13737537202200445
425.0,0.11929978012560016
426.0,0.10724910804918925
427.0,0.10360070831408497
428.0,0.10940829049086936
429.0,0.121020458820841
430.0,0.1321621494169986
431.0,0.1389921268884351
432.0,0.1411805901148694
433.0,0.13919613955481158
434.0,0.13406187573251205
435.0,0.12790579963071758
436.0,0.12212924359276689
437.0,0.11584106836852182
438.0,0.10798878099448195
439.0,0.0998164363734419
440.0,0.09357593085699306
441.0,0.09044443691301896
442.0,0.09085537655307324
443.0,0.09512175401193934
444.0,0.10244785722821542
445.0,0.11098504576888224
446.0,0.11969501738009147
447.0,0.12913378592482366
448.0,0.13979050689364336
449.0,0.15098829018878202
450.0,0.16156786984826116
451.0,0.1707922855126448
452.0,0.17881706141753084
453.0,0.18627065840257206
454.0,0.19323490105500102
455.0,0.1987034587701541
456.0,0.2008883557599339
457.0,0.1982717944295308
458.0,0.19049927282235418
459.0,0.17885977753292626
460.0,0.16575845263207734
461.0,0.1548921343143792
462.0,0.15111945286128403
463.0,0.15638315885340043
464.0,0.16700143907051318
465.0,0.17696973692131623
466.0,0.18285965837687457
467.0,0.18253104720103464
468.0,0.17320554751753187
469.0,0.15579572539844277
470.0,0.13631477841440376
471.0,0.12007373799327847
472.0,0.10743671786125336
473.0,0.09742004698746587
474.0,0.09064216437146128
475.0,0.08673049808049044
476.0,0.08497323598812889
477.0,0.09012241640831281
478.0,0.10922889789903573
479.0,0.13993401822081702
480.0,0.1706500900260357
481.0,0.19294896926770205
482.0,0.20542951561026157
483.0,0.20670678752879074
484.0,0.19617559784942457
485.0,0.17927546356948498
486.0,0.1629470311822665
487.0,0.14760217495075567
488.0,0.13015187465623734
489.0,0.11183405531449864
490.0,0.09660831227502042
491.0,0.08612098287860054
492.0,0.08258894113862403
493.0,0.09167071108444375
494.0,0.11441949405184287
495.0,0.14241293186145076
496.0,0.166409320672462
497.0,0.18468486914623417
498.0,0.1989463088053553
499.0,0.20922769518753098
500.0,0.21578666603589025
501.0,0.2197990677717227
502.0,0.2207208412045768
503.0,0.2164344121353315
504.0,0.20727358257934186
505.0,0.19679173549402257
506.0,0.18807881024711864
507.0,0.18238531956181742
508.0,0.18146871908539558
509.0,0.18647924933900883
510.0,0.19483156033002658
511.0,0.20101144860435638
512.0,0.20003698547904436
513.0,0.19035559350078818
514.0,0.17404413163083038
515.0,0.15556952529380141
516.0,0.13938429803212815
517.0,0.12925907827978772
518.0,0.12850936789202289
519.0,0.1369055084015947
520.0,0.14946754941576856
521.0,0.1594983424052453
522.0,0.16267933832691212
523.0,0.15759276166904523
524.0,0.1447840997394303
525.0,0.1275026145161437
526.0,0.11111113472775225
527.0,0.10280213761636503
528.0,0.1083283088312324
529.0,0.12625387766254492
530.0,0.14838475910216797
531.0,0.16697874404444063
532.0,0.17914818123738474
533.0,0.1836426700233278
534.0,0.18012302736071073
535.0,0.1714709573280202
536.0,0.1627388207761296
537.0,0.1580978372091496
538.0,0.15873690375834199
539.0,0.1632630227209425
540.0,0.16915935850631658
541.0,0.17461636882521625
542.0,0.17797460095544093
543.0,0.17630028187102198
544.0,0.168478843656088
545.0,0.15782422793031942
546.0,0.14858154376412253
547.0,0.141573739423836
548.0,0.1357923239867022
549.0,0.13133870305255235
550.0,0.1285550185821261
551.0,0.12726443840691498
552.0,0.12884956424873928
553.0,0.13620289793994222
554.0,0.1492086654172995
555.0,0.1634282307193176
556.0,0.1746900063661378
557.0,0.18152544354200473
558.0,0.18163949495423348
559.0,0.17258441053607454
560.0,0.15730853245846954
561.0,0.14339374183429432
562.0,0.13670976428850407
563.0,0.1381358730511279
564.0,0.14566363889976297
565.0,0.15615629943577963
566.0,0.1663487888024331
567.0,0.17368695444598464
568.0,0.17627666011241194
569.0,0.17404819709749442
570.0,0.169240073800627
571.0,0.16573444371459378
572.0,0.16741017251809903
573.0,0.17607164106168421
574.0,0.19072057135319076
575.0,0.2081374574604088
576.0,0.22438434240558808
577.0,0.2331720259671916
578.0,0.22717040540913952
579.0,0.2063420512783236
580.0,0.18002537245417694
581.0,0.1579845738798375
582.0,0.14334382778301258
583.0,0.13638016223356425
584.0,0.1372256343798548
585.0,0.14333463536858998
586.0,0.14994426194848198
587.0,0.15306154402081074
588.0,0.151582358998765
589.0,0.14681959749742168
590.0,0.14103124021284208
591.0,0.13586474076679683
592.0,0.13227079415688492
593.0,0.1318166870790527
594.0,0.13535585080847679
595.0,0.14116339047639015
596.0,0.1460314578986754
597.0,0.1477361603291542
598.0,0.14593519598076904
599.0,0.1415125694998779
600.0,0.13625370504790518
601.0,0.13219207612932105
602.0,0.13137672138437095
603.0,0.1354461283811902
604.0,0.14388839877774062
605.0,0.1539442407384704
606.0,0.1631466528235631
607.0,0.17120289308922515
608.0,0.17863293986834294
609.0,0.18535117089867859
610.0,0.19117401523772765
611.0,0.19526074141627137
612.0,0.1938174965879877
613.0,0.18256132146155624
614.0,0.1629482785114471
615.0,0.14198475768249613
616.0,0.1256342205
617.0,0.11606971588862874
618.0,0.11458951062750411
619.0,0.12102909091384134
620.0,0.13165597150731412
621.0,0.14164072312666048
622.0,0.14905266649291082
623.0,0.15455819687510264
624.0,0.15845757281178752
625.0,0.1606190104546399
626.0,0.16138123481406963
627.0,0.16028791550922478
628.0,0.15536151568223622
629.0,0.14625004442412382
630.0,0.1361214291583729
631.0,0.12823912590126518
632.0,0.12286413782099737
633.0,0.11914356107050028
634.0,0.11721960564862877
635.0,0.11730515367292871
636.0,0.11950342617908771
637.0,0.1257578065743361
638.0,0.13870972767642914
639.0,0.15709100588061403
640.0,0.1753586699211842
641.0,0.18830857797406275
642.0,0.1937044500710704
643.0,0.19055250819514313
644.0,0.179566419338747
645.0,0.164879325066408
646.0,0.1517039775219231
647.0,0.14247484120176757
648.0,0.13647801502736984
649.0,0.13251996331494953
650.0,0.13007043707724109
651.0,0.12918505513715323
652.0,0.13043274419346873
653.0,0.1344885684663073
654.0,0.14097457369319388
655.0,0.147956500684996
656.0,0.15272892707430707
657.0,0.15325927802405376
658.0,0.14950869433547476
659.0,0.14336324759061148
660.0,0.13716028404030461
661.0,0.13224804309134253
662.0,0.12954589037935643
663.0,0.12976889909594685
664.0,0.1323267075322916
665.0,0.1356375710467208
666.0,0.13895176347762783
667.0,0.14282683964382042
668.0,0.14760761569425046
669.0,0.15270619325464846
670.0,0.15721372810848366
671.0,0.1604461156310623
672.0,0.16209037111126612
673.0,0.1623194386994568
674.0,0.16172472215586992
675.0,0.16022924297111707
676.0,0.15614385351814475
677.0,0.14772806442817815
678.0,0.13523328537750678
679.0,0.1209198844080297
680.0,0.10762982179593705
681.0,0.0995378303301343
682.0,0.10195973136540937
683.0,0.11571637120516176
684.0,0.13474223828578713
685.0,0.15241568685885243
686.0,0.16748407993758258
687.0,0.18119826314625354
688.0,0.19354504292544783
689.0,0.20399384002403875
690.0,0.21153860984647388
691.0,0.21238001717357202
692.0,0.2019545909080792
693.0,0.18133542382868917
694.0,0.15770731444119873
695.0,0.13790843804601344
696.0,0.12497411786112433
697.0,0.12077569262460108
698.0,0.12556775639178935
699.0,0.13569172951550218
700.0,0.14537535549811115
701.0,0.15051161672829716
702.0,0.15046282251984539
703.0,0.14688568821666087
704.0,0.14226396446540296
705.0,0.13843805580575957
706.0,0.13665928346871542
707.0,0.13830077319234924
708.0,0.1433668865737867
709.0,0.14969336925216714
710.0,0.15481538172784298
711.0,0.15797201267965522
712.0,0.1595520101155113
713.0,0.15990163631931464
714.0,0.15941046271131332
715.0,0.15853373514251762
716.0,0.15754414908326342
717.0,0.15647190114624177
718.0,0.1554310063482915
719.0,0.15444035818135193
720.0,0.15248766796332913
721.0,0.14806303212847183
722.0,0.14093808863640933
723.0,0.13254943194430918
724.0,0.12445607633239075
725.0,0.11936971756047676
726.0,0.12393483848143022
727.0,0.14281069630285637
728.0,0.17069438361435174
729.0,0.19576138441985136
730.0,0.20956942919050325
731.0,0.20991723398025386
732.0,0.19750152497722406
733.0,0.1762643085353437
734.0,0.1529869838864545
735.0,0.13439965454047653
736.0,0.12427785144680964
737.0,0.12201171186764426
738.0,0.12409564284084029
739.0,0.12684279244893976
740.0,0.1287803810606214
741.0,0.12973027763303258
742.0,0.12951968911680434
743.0,0.1286044857565627
744.0,0.12789032002814937
745.0,0.1274193087986727
746.0,0.12629022222787528
747.0,0.12429517209293817
748.0,0.12261743518452584
749.0,0.12293139580253976
750.0,0.12659002108758238
751.0,0.13464591843772483
752.0,0.14686138316272657
753.0,0.1607252697652315
754.0,0.17253613838284365
755.0,0.17946153996911307
756.0,0.18085318872009903
757.0,0.1778615927240469
758.0,0.17249707399134306
759.0,0.16639839319171623
760.0,0.159720694240289
761.0,0.15118652938919686
762.0,0.14052310507520394
763.0,0.1301023075466653
764.0,0.1218176833665876
765.0,0.11448357292481426
766.0,0.10664813258127065
767.0,0.09941680118411517
768.0,0.095414433702314
769.0,0.09723950957874267
770.0,0.10827788288132167
771.0,0.13109719151347843
772.0,0.16258531427427103
773.0,0.19409104544632982
774.0,0.21688693182122576
775.0,0.22707906946960277
776.0,0.2256891206896996
777.0,0.21688077767769154
778.0,0.20560991358582892
779.0,0.19514867573078443
780.0,0.18659158290990985
781.0,0.1794660369522566
782.0,0.17325362082860485
783.0,0.16809779454240192
784.0,0.16454114262796993
785.0,0.1629936361273896
786.0,0.163282325988087
787.0,0.16463210631330405
788.0,0.16606310550340253
789.0,0.16661002611525022
790.0,0.16552942861987763
791.0,0.16290134419557545
792.0,0.15973442528992132
793.0,0.1575340197784143
794.0,0.157504488963496
795.0,0.16000044825264104
796.0,0.16443959575303646
797.0,0.16951453662691862
798.0,0.1738281517913739
799.0,0.17627810028924795
800.0,0.17645201863407767
801.0,0.17484093327150407
802.0,0.1722933813050206
803.0,0.16909202255721023
804.0,0.1648379132080664
805.0,0.15926117336370216
806.0,0.152701012398205
807.0,0.14592837206749887
808.0,0.14012640235482232
809.0,0.13691857993851686
810.0,0.13702370882765547
811.0,0.13911104383366835
812.0,0.1405770494974199
813.0,0.13932820060450113
814.0,0.13448100628628556
815.0,0.12606562221365958
816.0,0.11559698975041721
817.0,0.10572336283561973
818.0,0.09770632523883771
819.0,0.09017921344677937
820.0,0.08219447664978113
821.0,0.07583125607101715
822.0,0.07509975360574306
823.0,0.08382833237961229
824.0,0.10552707031964548
825.0,0.14121811604167156
826.0,0.18467567843775556
827.0,0.2227012620792589
828.0,0.23918061964174075
829.0,0.22502160537221005
830.0,0.18717335869883323
831.0,0.14390657419865305
832.0,0.10988769271497378
833.0,0.08956463199311887
834.0,0.08349815586136117
835.0,0.08962103374975322
836.0,0.10166046910172233
837.0,0.11248639607873434
838.0,0.11843748640829155
839.0,0.11998824161038224
840.0,0.1190372391050476
841.0,0.11729209898015269
842.0,0.11544696781534236
843.0,0.11324842094326326
844.0,0.11029676605668448
845.0,0.10664448811418903
846.0,0.10329789162290459
847.0,0.10365996505429198
848.0,0.11240980421779923
849.0,0.12994094072522866
850.0,0.15046340190347907
851.0,0.166905330977292
852.0,0.17541912737747756
853.0,0.1739340832471722
854.0,0.1620772464311918
855.0,0.14394458946968858
856.0,0.12718363900083396
857.0,0.11954345028997082
858.0,0.12426836180214995
859.0,0.13802078295863585
860.0,0.15348705421669162
861.0,0.16472804168416988
862.0,0.16906014235288602
863.0,0.16462398721402716
864.0,0.15192647780634294
865.0,0.1357874309749012
866.0,0.12169458913494013
867.0,0.1110977030663034
868.0,0.10267355420816737
869.0,0.09619014502666734
870.0,0.09236802571279812
871.0,0.09160369095704657
872.0,0.094537133443241
873.0,0.10223044894730782
874.0,0.11372897365352808
875.0,0.12583313901039406
876.0,0.1382986684848454
877.0,0.15517340494614695
878.0,0.17762715985773525
879.0,0.20040091984272057
880.0,0.21662386750750673
881.0,0.22215555157862943
882.0,0.21469319978690682
883.0,0.19461097193713406
884.0,0.1676047982941513
885.0,0.14169826498798732
886.0,0.12112636478733496
887.0,0.10524200590841559
888.0,0.09295905269548677
889.0,0.08458453339332317
890.0,0.08077812769546888
891.0,0.08293746276360847
892.0,0.09376824527365579
893.0,0.11334240482673286
894.0,0.1359166550687636
895.0,0.1528741281868412
896.0,0.1581444710035157
897.0,0.15175293242170718
898.0,0.1390181273654093
899.0,0.12654897914389562
900.0,0.11785343035947249
901.0,0.11387388581083258
902.0,0.11478659393022661
903.0,0.11922676532793364
904.0,0.12498859343514868
905.0,0.1317170708734119
906.0,0.1411547335624379
907.0,0.15336115162735076
908.0,0.16542927748411718
909.0,0.17456024399073944
910.0,0.17965603773432925
911.0,0.17967619306715588
912.0,0.17421290194230443
913.0,0.16590357670658962
914.0,0.15817796981008514
915.0,0.15054328183889754
916.0,0.14040940395504264
917.0,0.12865559453871156
918.0,0.11951900690502826
919.0,0.11665197435167718
920.0,0.12222788480118152
921.0,0.13793755583740652
922.0,0.16191223995663717
923.0,0.18722371127283477
924.0,0.20613952054174112
925.0,0.21514068013366383
926.0,0.21563891988358985
927.0,0.211244051691595
928.0,0.20492917119204634
929.0,0.19713328483065684
930.0,0.18721514482737767
931.0,0.1754108141195544
932.0,0.16304412273944124
933.0,0.1523056177592288
934.0,0.14631661945670082
935.0,0.14742359304514752
936.0,0.154390432949561
937.0,0.16304973696171066
938.0,0.1701640180326074
939.0,0.17511843069929967
940.0,0.1780080514529221
941.0,0.17893611259032427
942.0,0.17860383246834233
943.0,0.17784256413226918
944.0,0.1767845861555457
945.0,0.17515030070377813
946.0,0.1731113546977605
947.0,0.17100649379201016
948.0,0.16867094041776454
949.0,0.1657782957613797
950.0,0.16243640355087174
951.0,0.15913023578486807
952.0,0.1564371646713275
953.0,0.15559408483053305
954.0,0.15834527697565492
955.0,0.16459450709640944
956.0,0.1715193370631155
957.0,0.17576792909482009
958.0,0.17570495015267495
959.0,0.1710856387978793
960.0,0.16246943568317207
961.0,0.1517135899034855
962.0,0.14071493193078866
963.0,0.12877278149454796
964.0,0.11367006585247375
965.0,0.09623540200586855
966.0,0.08058484188031356
967.0,0.06991604960209097
968.0,0.06471979772445724
969.0,0.06438767472700357
970.0,0.06782125216458168
971.0,0.07334069839661728
972.0,0.07950765933374282
973.0,0.08588717769260845
974.0,0.09257119915746581
975.0,0.09921093743879772
976.0,0.10663879035284085
977.0,0.11801057586171482
978.0,0.13520559572749347
979.0,0.1557982876528976
980.0,0.17489522777928512
981.0,0.1883476979237243
982.0,0.19176593312534373
983.0,0.18101731268259724
984.0,0.1579917406748641
985.0,0.13213082557177636
986.0,0.1164593660451595
987.0,0.11993564706146365
988.0,0.14125675762524692
989.0,0.17026838472324302
990.0,0.19666071429858156
991.0,0.21400464366734506
992.0,0.2134291812472464
993.0,0.18879280556557465
994.0,0.14902445632111738
995.0,0.11351036997360076
996.0,0.09604456209014522
997.0,0.09772685718567331
998.0,0.11239565348570602
999.0,0.13160377977591753
1000.0,0.14848370619977558
1001.0,0.1595352544422397
1002.0,0.16342659833315754
1003.0,0.16158039326927354
1004.0,0.1575664507600124
1005.0,0.15340897515734642
1006.0,0.14727237791846715
1007.0,0.1375634516304024
1008.0,0.12686468761552994
1009.0,0.12026520679329944
1010.0,0.12215585442290355
1011.0,0.1357689837551771
1012.0,0.1620861762780218
1013.0,0.19692553533221357
1014.0,0.23002651079521508
1015.0,0.24394119215439358
1016.0,0.2242653865385955
1017.0,0.17680484713771016
1018.0,0.12512619377553436
1019.0,0.08897425271918036
1020.0,0.07387895767508179
1021.0,0.08079082514103608
1022.0,0.10721155143615546
1023.0,0.142029920301059
1024.0,0.17154645188130035
1025.0,0.18938126096579666
1026.0,0.19766943188944275
1027.0,0.2005268085031905
1028.0,0.19986803542505904
1029.0,0.19430951687973508
1030.0,0.181874118261664
1031.0,0.16345950885021798
1032.0,0.14278353463561866
1033.0,0.1241347368516631
1034.0,0.11069543231428736
1035.0,0.1036124543556517
1036.0,0.10168713973979593
1037.0,0.10287296072679597
1038.0,0.10707776405466718
1039.0,0.11662313744275721
1040.0,0.1322825574073161
1041.0,0.15125323207779529
1042.0,0.16966817827272984
1043.0,0.18475053484301063
1044.0,0.19409194957872689
1045.0,0.19646753370824455
1046.0,0.19397388729053622
1047.0,0.1900342677699055
1048.0,0.18478634132256255
1049.0,0.17592560864154405
1050.0,0.16370300531162618
1051.0,0.15150141823995533
1052.0,0.1426518618237197
1053.0,0.13969391050584312
1054.0,0.14532972482429296
1055.0,0.15942238692856991
1056.0,0.17681614572599902
1057.0,0.18958376781771447
1058.0,0.1914295048177983
1059.0,0.1817527765316359
1060.0,0.16578501515438537
1061.0,0.15093813742055917
1062.0,0.142057954465299
1063.0,0.14103800969731406
1064.0,0.14783366462533398
1065.0,0.15962478063122498
1066.0,0.17204603828467468
1067.0,0.18184917339182038
1068.0,0.18846932839346997
1069.0,0.19279314440784223
1070.0,0.19556071903349825
1071.0,0.19698790699282553
1072.0,0.19683955991283464
1073.0,0.19506661746856124
1074.0,0.19200778157106835
1075.0,0.18791884901859057
1076.0,0.18361683628401781
1077.0,0.18163804377718007
1078.0,0.18395740861071497
1079.0,0.1889380852454935
1080.0,0.19158343522513965
1081.0,0.1864122127408936
1082.0,0.1709603366728566
1083.0,0.1471494702207249
1084.0,0.12095678103632057
1085.0,0.09969452443442361
1086.0,0.09005061362436895
1087.0,0.09635093309421328
1088.0,0.11599683713466757
1089.0,0.1398909422688982
1090.0,0.16039918823791266
1091.0,0.17708076108570425
1092.0,0.19169832351023997
1093.0,0.20312136665136094
1094.0,0.20911572779551035
1095.0,0.2079927221180945
1096.0,0.19763122072069228
1097.0,0.1769268547543068
1098.0,0.14976177487466302
1099.0,0.12353531907441484
1100.0,0.10307573313085816
1101.0,0.08837987839220607
1102.0,0.07792815465154124
1103.0,0.07116113723161122
1104.0,0.06880096915791578
1105.0,0.07238411105579234
1106.0,0.08323157119963376
1107.0,0.10036168144434776
1108.0,0.11957643856288547
1109.0,0.13395479030313795
1110.0,0.13602371386065792
1111.0,0.1242240740895697
1112.0,0.10581132842866425
1113.0,0.09073743217724295
1114.0,0.08374829812985474
1115.0,0.08483646227354458
1116.0,0.09273300857431999
1117.0,0.10447105726293182
1118.0,0.11592778042507057
1119.0,0.12331569320898006
1120.0,0.12487582981736789
1121.0,0.12186756609173133
1122.0,0.11828961712448827
1123.0,0.12074905903364919
1124.0,0.13475140858909684
1125.0,0.15958948451593313
1126.0,0.18835217197479792
1127.0,0.21328592539310176
1128.0,0.229445637691435
1129.0,0.23344114446191888
1130.0,0.22506270766092207
1131.0,0.20945693034128265
1132.0,0.19348801455173747
1133.0,0.18004094145889105
1134.0,0.16813241511614418
1135.0,0.15716984722855643
1136.0,0.14764995013164472
1137.0,0.13997790664161225
1138.0,0.13442516617062217
1139.0,0.1313280495870891
1140.0,0.1302802023745563
1141.0,0.1298551674146109
1142.0,0.12928437835790751
1143.0,0.12947347449128177
1144.0,0.13118586591809678
1145.0,0.13336645673537195
1146.0,0.13337371601709425
1147.0,0.12855759609220963
1148.0,0.11808382349795787
1149.0,0.10385396135632019
1150.0,0.09004236392208054
1151.0,0.08154486809182004
1152.0,0.08328691674409117
1153.0,0.09731313861287183
1154.0,0.11959447211436025
1155.0,0.14183518303677556
1156.0,0.1566051704307747
1157.0,0.16137324851640333
1158.0,0.15828110141889107
1159.0,0.15202601851397557
1160.0,0.14681569314305476
1161.0,0.14494661031137246
1162.0,0.14754286815914752
1163.0,0.15391079724460088
1164.0,0.16151396959157227
1165.0,0.16886536889496506
1166.0,0.1777030435970557
1167.0,0.18942997505384407
1168.0,0.20155013297381508
1169.0,0.20965353501718975
1170.0,0.21073922664658218
1171.0,0.2033643304050583
1172.0,0.18744675424591473
1173.0,0.1663073405288229
1174.0,0.14566533450944086
1175.0,0.12912859419759237
1176.0,0.11615573312629934
1177.0,0.10515541946553619
1178.0,0.09654218454248609
1179.0,0.09316005934647609
1180.0,0.09809607903530171
1181.0,0.1113038082430523
1182.0,0.12879572930934735
1183.0,0.14507555265890715
1184.0,0.15513473414568835
1185.0,0.15454562096610547
1186.0,0.14279875347722382
1187.0,0.12578108005939082
1188.0,0.11219652912193923
1189.0,0.10762143551390335
1190.0,0.11216377591205351
1191.0,0.1225634738609328
1192.0,0.13539275747952917
1193.0,0.14982370147248536
1194.0,0.1667293540658369
1195.0,0.18624872836648876
1196.0,0.20648290866291796
1197.0,0.22342598059898933
1198.0,0.23062934909530308
1199.0,0.22192054630181346
1200.0,0.19852206874887146
1201.0,0.1701540213734688
1202.0,0.14765025775589602
1203.0,0.1360229250778766
1204.0,0.13514542816978703
1205.0,0.14196608587027315
1206.0,0.1517597128025232
1207.0,0.15985224908480378
1208.0,0.16162856720447205
1209.0,0.1550047441384017
1210.0,0.1431412817661919
1211.0,0.13304045702273704
1212.0,0.13148377121873855
1213.0,0.1406770774541507
1214.0,0.1571953713752131
1215.0,0.17452995022188822
1216.0,0.18752116808683306
1217.0,0.1934237167578956
1218.0,0.19044122976141797
1219.0,0.17982506431847933
1220.0,0.1665809830750511
1221.0,0.15449878157531238
1222.0,0.14224919624299437
1223.0,0.12785416012164996
1224.0,0.11346591524890559
1225.0,0.10355159551044335
1226.0,0.10141980803529593
1227.0,0.107824913172344
1228.0,0.12086304721868202
1229.0,0.1364198828633284
1230.0,0.15013548613859273
1231.0,0.1590917056826221
1232.0,0.16284165086763946
1233.0,0.16295249585990346
1234.0,0.16192866986561194
1235.0,0.16268517137885652
1236.0,0.16689177818042067
1237.0,0.17368775677612458
1238.0,0.18016752377912104
1239.0,0.18326951494712374
1240.0,0.18086483589317337
1241.0,0.17144394878198532
1242.0,0.15581884209118946
1243.0,0.13818167050131314
1244.0,0.12416150165689888
1245.0,0.11778242674210504
1246.0,0.11918120390514853
1247.0,0.12502144321557318
1248.0,0.13083999452040562
1249.0,0.13395019505014405
1250.0,0.1340891187346558
1251.0,0.13240189027911753
1252.0,0.13022035130774756
1253.0,0.12867215597911807
1254.0,0.1320865132769078
1255.0,0.14659140967569673
1256.0,0.17085446505732782
1257.0,0.19392639918745724
1258.0,0.20341673021877427
1259.0,0.19410184323821777
1260.0,0.169742430693118
1261.0,0.13958667850969642
1262.0,0.11217265535667842
1263.0,0.09152651780884069
1264.0,0.07918166486131883
1265.0,0.07464517794657743
1266.0,0.07492495441148583
1267.0,0.07721442432714798
1268.0,0.08197736180880588
1269.0,0.09089365314422615
1270.0,0.10275211711256838
1271.0,0.11378846247509544
1272.0,0.12057743368805762
1273.0,0.12196272448684953
1274.0,0.11925055173063859
1275.0,0.11557136288560743
1276.0,0.11422796725317874
1277.0,0.11803282236382506
1278.0,0.12862735245524903
1279.0,0.14438257537337884
1280.0,0.1605035916503038
1281.0,0.17129420259222383
1282.0,0.17337800192559893
1283.0,0.16765821439661577
1284.0,0.15830714242609845
1285.0,0.14955551472648254
1286.0,0.14323855198338464
1287.0,0.13969392906415856
1288.0,0.1385774191252801
1289.0,0.1389712068879898
1290.0,0.13932921923569586
1291.0,0.13701456740948537
1292.0,0.1304040273877135
1293.0,0.12140676255939742
1294.0,0.11500800591271965
1295.0,0.1165203836736155
1296.0,0.1279926126320874
1297.0,0.14684169402964142
1298.0,0.16756663742702582
1299.0,0.1853182670448511
1300.0,0.1968267728526848
1301.0,0.19988178650279875
1302.0,0.19553247801681817
1303.0,0.18835465639731974
1304.0,0.1829446351921653
1305.0,0.18059084610383402
1306.0,0.18001106644871845
1307.0,0.17972909646094137
1308.0,0.1794232161004139
1309.0,0.18009265571250843
1310.0,0.18242054681913
1311.0,0.1854609970716513
1312.0,0.18690558981891858
1313.0,0.18360190501713125
1314.0,0.17114814020508407
1315.0,0.14717674085997967
1316.0,0.11616118972339096
1317.0,0.08832017571701833
1318.0,0.07395547276270209
1319.0,0.07705459162802697
1320.0,0.09334321624089348
1321.0,0.1138969752265857
1322.0,0.1317364256444179
1323.0,0.14430459724706202
1324.0,0.1513383172709828
1325.0,0.15404320702993413
1326.0,0.15417599632103218
1327.0,0.1525134081818943
1328.0,0.14820213379932745
1329.0,0.14075371817678228
1330.0,0.13184512529532988
1331.0,0.12424947096090966
1332.0,0.11989321555152532
1333.0,0.11898928528297681
1334.0,0.1202784836024775
1335.0,0.12188445833747508
1336.0,0.12235093064616287
1337.0,0.12051414083609391
1338.0,0.11582424721600326
1339.0,0.10935204031966761
1340.0,0.10381526876262603
1341.0,0.10294934669014977
1342.0,0.10907724589912127
1343.0,0.12065540295829347
1344.0,0.13300341398403603
1345.0,0.1415547599571163
1346.0,0.14442522240980338
1347.0,0.14237520321029495
1348.0,0.13792767821438334
1349.0,0.13372217638728745
1350.0,0.13383305213650787
1351.0,0.14548437830346928
1352.0,0.17113284535063167
1353.0,0.20188183142793104
1354.0,0.2220140225640591
1355.0,0.21907830899514125
1356.0,0.19261567335237972
1357.0,0.1543464559099198
1358.0,0.11945612911976533
1359.0,0.09642336022882192
1360.0,0.0874894422325806
1361.0,0.09203350915849662
1362.0,0.10531635894463076
1363.0,0.1208003293038189
1364.0,0.1355936043155096
1365.0,0.15157649595095146
1366.0,0.1695132226299244
1367.0,0.18589286852708586
1368.0,0.19568813200072332
1369.0,0.19607757191309783
1370.0,0.18839992016643348
1371.0,0.17716772505709255
1372.0,0.1668014023365909
1373.0,0.15952543440278466
1374.0,0.15590608766929048
1375.0,0.15517388739748683
1376.0,0.15577630123651376
1377.0,0.15606032017145977
1378.0,0.15472521278995155
1379.0,0.1515119207431379
1380.0,0.14731419148425207
1381.0,0.14469581109891738
1382.0,0.1473420642181853
1383.0,0.15676148205282858
1384.0,0.17033868888247328
1385.0,0.183067397419438
1386.0,0.1907229589562247
1387.0,0.19042648923484495
1388.0,0.18107557924678874
1389.0,0.165657940379056
1390.0,0.14995904024816598
1391.0,0.13738611430430148
1392.0,0.1268856482777596
1393.0,0.11685358101284105
1394.0,0.10907378545320079
1395.0,0.1099230215305802
1396.0,0.1258930472772255
1397.0,0.15649435253506883
1398.0,0.1931679983730642
1399.0,0.2251317384030188
1400.0,0.24253062422804583
1401.0,0.23492666787255678
1402.0,0.20013900509100746
1403.0,0.15235545163152076
1404.0,0.11160348683745103
1405.0,0.08685517427361622
1406.0,0.07495402444822341
1407.0,0.07061046878377342
1408.0,0.07145966343865684
1409.0,0.07921672297571014
1410.0,0.09601993135067466
1411.0,0.12031648967648056
1412.0,0.14730265015696187
1413.0,0.17145208915659638
1414.0,0.18701683751713571
1415.0,0.18980669173448572
1416.0,0.1817759162069128
1417.0,0.17072082931650912
1418.0,0.1643945492875134
1419.0,0.16532291461729054
1420.0,0.17133295142204286
1421.0,0.17811808701590348
1422.0,0.18133830536672813
1423.0,0.1786490292607592
1424.0,0.16962078960622062
1425.0,0.15567439799530491
1426.0,0.13997918627552197
1427.0,0.12530207191010023
1428.0,0.11172733520983935
1429.0,0.09798776989948521
1430.0,0.08466389537405006
1431.0,0.07518605548821311
1432.0,0.07443359982381526
1433.0,0.08436987600652968
1434.0,0.10128651569029823
1435.0,0.11858715431839184
1436.0,0.13172435613940336
1437.0,0.139229053684355
1438.0,0.14146549739232617
1439.0,0.14057895660453956
1440.0,0.13942551644254697
1441.0,0.14007024620089226
1442.0,0.14285490389990918
1443.0,0.14664172117584895
1444.0,0.15060772861273874
1445.0,0.15718129031530292
1446.0,0.17076106133841695
1447.0,0.19161802254590843
1448.0,0.21341924169727455
1449.0,0.22640443196910487
1450.0,0.22295456856455187
1451.0,0.20078557939660036
1452.0,0.16505111482760793
1453.0,0.1273103918454569
1454.0,0.10071582984652239
1455.0,0.09552612752084999
1456.0,0.1126711444692361
1457.0,0.14218920523414225
1458.0,0.16912202418709976
1459.0,0.18236854799239166
1460.0,0.17990863020403602
1461.0,0.16710823601209468
1462.0,0.15279521339364022
1463.0,0.14386357540043992
1464.0,0.1435136004099674
1465.0,0.15197096644238173
1466.0,0.16528454571277007
1467.0,0.17640421410167173
1468.0,0.17671307748706933
1469.0,0.16007922247996753
1470.0,0.12948965758542264
1471.0,0.09680236954351507
1472.0,0.07516690535650594
1473.0,0.07075162328861584
1474.0,0.08088536331488805
1475.0,0.09765303180668283
1476.0,0.11406015018560789
1477.0,0.1277108115614165
1478.0,0.13834002849488802
1479.0,0.14614072206365114
1480.0,0.15180277870677195
1481.0,0.15521444858897648
1482.0,0.154154087852154
1483.0,0.14697796612895364
1484.0,0.13618798318166425
1485.0,0.1270767031547939
1486.0,0.12367782319881704
1487.0,0.12655565028616822
1488.0,0.13336340945538816
1489.0,0.13999726210303942
1490.0,0.14261775921116082
1491.0,0.1391700873161077
1492.0,0.1298042547658106
1493.0,0.1173386085650806
1494.0,0.10626871853619657
1495.0,0.1021832077332614
1496.0,0.10942390047911876
1497.0,0.12634011520366606
1498.0,0.145827168979346
1499.0,0.16254785567417418
1500.0,0.17683455048767738
1501.0,0.18999513793798162
1502.0,0.2017897643502271
1503.0,0.21327234043830157
1504.0,0.22678615327173468
1505.0,0.24327478525522694
1506.0,0.2607142563674243
1507.0,0.2749416573912711
1508.0,0.2795708761224527
1509.0,0.26522009286300297
1510.0,0.22849844610764813
1511.0,0.1805473264387093
1512.0,0.13928748861967122
1513.0,0.11490987322556834
1514.0,0.10642228116201002
1515.0,0.1078563726244347
1516.0,0.11307633217381263
1517.0,0.11930154402833115
1518.0,0.12636814988728218
1519.0,0.13407243383586076
1520.0,0.141871476049242
1521.0,0.1491845319690055
1522.0,0.15627037317859083
1523.0,0.16415838243324132
1524.0,0.17316178997470077
1525.0,0.18065581877142967
1526.0,0.17744326402361177
1527.0,0.15300284452665402
1528.0,0.1088444852016689
1529.0,0.061441903349033655
1530.0,0.03209466433883712
1531.0,0.03398416336613108
1532.0,0.06726859596957158
1533.0,0.11905703602485196
1534.0,0.16904526799100839
1535.0,0.19898918247201558
1536.0,0.19814027688877522
1537.0,0.16954283529273073
1538.0,0.12941259827527807
1539.0,0.0970926266201172
1540.0,0.08353912268069785
1541.0,0.08761134274864668
1542.0,0.1017093460327595
1543.0,0.11933880017619825
1544.0,0.14057214953587294
1545.0,0.1674596237727285
1546.0,0.19764492842721104
1547.0,0.22501851970268616
1548.0,0.24319531976765585
1549.0,0.24742647722574074
1550.0,0.23649919244336226
1551.0,0.21578672642225072
1552.0,0.19532920604150372
1553.0,0.1841345379584134
1554.0,0.1851149558338121
1555.0,0.1948134712848868
1556.0,0.20722382495983993
1557.0,0.21871945311999696
1558.0,0.2295138602370279
1559.0,0.23989762212480403
1560.0,0.24847432126716107
1561.0,0.25338256145612903
1562.0,0.2532547336401616
1563.0,0.2474407504545426
1564.0,0.23679686955162704
1565.0,0.22395759323071374
1566.0,0.2115654864508889
1567.0,0.20029456121566847
1568.0,0.1896078067435666
1569.0,0.17969527905550797
1570.0,0.17084933897900723
1571.0,0.16243871812779997
1572.0,0.15400201335063135
1573.0,0.14634235112092142
1574.0,0.14108110968734622
1575.0,0.13961093057646035
1576.0,0.14256311258508947
1577.0,0.14960998330809316
1578.0,0.1591994575740433
1579.0,0.16950747391916932
1580.0,0.18052273066448943
1581.0,0.19367753376152164
1582.0,0.2083837802924371
1583.0,0.22041072658986816
1584.0,0.22313500379569307
1585.0,0.21230737358280938
1586.0,0.19097132130916272
1587.0,0.167405189504363
1588.0,0.1478162879260787
1589.0,0.13352885335678544
1590.0,0.12404960712277746
1591.0,0.11866084677154387
1592.0,0.11671509812015657
1593.0,0.11860524724713595
1594.0,0.1261238071811731
1595.0,0.1392167536897314
1596.0,0.15340100597438855
1597.0,0.16233665031680133
1598.0,0.1607773703987887
1599.0,0.15023354329938166
