0.0,0.0
1.0,0.0
2.0,0.0
3.0,0.0
4.0,0.0
5.0,0.0
6.0,0.0
7.0,0.0
8.0,0.0
9.0,0.0
10.0,0.0
11.0,0.0
12.0,0.0
13.0,0.0
14.0,0.0
15.0,0.0
16.0,0.0
17.0,0.0
18.0,0.0
19.0,0.0
20.0,0.0
21.0,0.0
22.0,0.0
23.0,0.0
24.0,0.0
25.0,0.0
26.0,0.0
27.0,0.0
28.0,0.0
29.0,0.0
30.0,0.0
31.0,0.0
32.0,0.0
33.0,0.0
34.0,0.0
35.0,0.0
36.0,0.0
37.0,0.0
38.0,0.0
39.0,0.0
40.0,0.0
41.0,0.0
42.0,0.0
43.0,0.0
44.0,0.0
45.0,0.0
46.0,0.0
47.0,0.0
48.0,0.0
49.0,0.0
50.0,0.0
51.0,0.0
52.0,0.0
53.0,0.0
54.0,0.0
55.0,0.0
56.0,0.0
57.0,0.0
58.0,0.0
59.0,0.0
60.0,0.0
61.0,0.0
62.0,0.0
63.0,0.0
64.0,0.0
65.0,0.0
66.0,0.0
67.0,0.0
68.0,0.0
69.0,0.0
70.0,0.0
71.0,0.0
72.0,0.0
73.0,0.0
74.0,0.0
75.0,0.0
76.0,0.0
77.0,0.0
78.0,0.0
79.0,0.0
80.0,0.0
81.0,0.0
82.0,0.0
83.0,0.007197080622961705
84.0,0.0011358225857837356
85.0,0.0
86.0,0.005530629518812474
87.0,0.011209257044271753
88.0,0.013906143355065737
89.0,0.014084016713594522
90.0,0.014188164394614955
91.0,0.015202439518006788
92.0,0.01649030160753688
93.0,0.017731014727570674
94.0,0.019083034427370332
95.0,0.02058783524552736
96.0,0.02220699039177898
97.0,0.023999525822796297
98.0,0.026017619517018586
99.0,0.02820086416447512
100.0,0.030495625319245462
101.0,0.032960724947069364
102.0,0.03569164861855409
103.0,0.038723186671821785
104.0,0.04200841877257849
105.0,0.04547759762320269
106.0,0.04916450307938061
107.0,0.053212054312012785
108.0,0.05770728777571525
109.0,0.06263001466257348
110.0,0.06799233965531588
111.0,0.07385204017234721
112.0,0.08017689965499528
113.0,0.08688311102831363
114.0,0.09400263864814806
115.0,0.10165425425356137
116.0,0.10988399217089105
117.0,0.118556977064974
118.0,0.12737056151847218
119.0,0.13622966344321263
120.0,0.14555635647859363
121.0,0.15573377985892084
122.0,0.16645399107195805
123.0,0.17684316795595292
124.0,0.18599720459158955
125.0,0.1929570793802904
126.0,0.19680329074303363
127.0,0.19775869920819128
128.0,0.197398413760726
129.0,0.1971234701763305
130.0,0.19701915525978175
131.0,0.19671418431365265
132.0,0.19624815787256447
133.0,0.19578207631451564
134.0,0.1954638797609851
135.0,0.1957500033085416
136.0,0.19715338410648792
137.0,0.19948421093301824
138.0,0.20189058638670582
139.0,0.20370222738024102
140.0,0.2046869492684633
141.0,0.2045466779927671
142.0,0.20310062573704374
143.0,0.20079793397292134
144.0,0.19839156230504218
145.0,0.196228336470636
146.0,0.1942344361046416
147.0,0.19235905340194734
148.0,0.19062486593008734
149.0,0.18901843273060678
150.0,0.18750598550079034
151.0,0.1860769038318967
152.0,0.18474036013550113
153.0,0.18350330127329695
154.0,0.1823451464966497
155.0,0.18122777222976355
156.0,0.1801915508932208
157.0,0.17935691405250137
158.0,0.17873737915412355
159.0,0.1781696901509641
160.0,0.1774800543795565
161.0,0.17660496228057726
162.0,0.17552036078694336
163.0,0.1742257611358926
164.0,0.17282043969199398
165.0,0.17148379877001643
166.0,0.170385349500843
167.0,0.1695988282386044
168.0,0.169090999873139
169.0,0.1687532155839227
170.0,0.16846370047023093
171.0,0.16812526019577884
172.0,0.167660413683421
173.0,0.16705155175869488
174.0,0.166359336647178
175.0,0.16566510483799282
176.0,0.16499740276425326
177.0,0.1643312556719763
178.0,0.16363310252982277
179.0,0.16289753287798092
180.0,0.16216853943460025
181.0,0.16156971549408605
182.0,0.16126324435542175
183.0,0.1613155874759851
184.0,0.16162340901058456
185.0,0.1619656205805204
186.0,0.16208375361607122
187.0,0.16162649610926147
188.0,0.16030976858675705
189.0,0.15828026461195663
190.0,0.15604971604079745
191.0,0.1539905068243789
192.0,0.15221212558589647
193.0,0.15098124515009206
194.0,0.15056242514534673
195.0,0.15067386373359837
196.0,0.15067072986961547
197.0,0.15018822163524762
198.0,0.14925288635695272
199.0,0.14793565949581572
200.0,0.14632264461913214
201.0,0.14460843774410817
202.0,0.1429812016428382
203.0,0.14148870281012807
204.0,0.140088036942739
205.0,0.1387668170599716
206.0,0.13754150919568833
207.0,0.13642113169538925
208.0,0.13538583117662292
209.0,0.13439551693113824
210.0,0.13344784112929303
211.0,0.13260638971999036
212.0,0.13196571566282947
213.0,0.13159690840860086
214.0,0.13152716647050497
215.0,0.13172396030100292
216.0,0.13207326570567443
217.0,0.13244790005350285
218.0,0.13282629763247442
219.0,0.13327512983763137
220.0,0.13380022362469324
221.0,0.13431300576616553
222.0,0.1347304160667274
223.0,0.1349765464536644
224.0,0.13490988587245764
225.0,0.134473459356847
226.0,0.13386821075461044
227.0,0.13343067638924172
228.0,0.13338109981768512
229.0,0.1337970994029081
230.0,0.13472002691800072
231.0,0.13604131195297897
232.0,0.1374585399099401
233.0,0.13870683635493658
234.0,0.13975707133401177
235.0,0.14069253419958191
236.0,0.14152834391537145
237.0,0.14224759806075063
238.0,0.14284631743050227
239.0,0.14329652518729308
240.0,0.14355570823019065
241.0,0.14365511813157406
242.0,0.1437081415723158
243.0,0.1438100103453219
244.0,0.14398930102384805
245.0,0.14427185677393714
246.0,0.14466336860569098
247.0,0.14504773048558825
248.0,0.14531819794507797
249.0,0.14563057664851475
250.0,0.146204693469486
251.0,0.1469094646283424
252.0,0.14737354283526563
253.0,0.1474040353849179
254.0,0.14687130459390021
255.0,0.1454015570856661
256.0,0.14285429143435893
257.0,0.13977370225383606
258.0,0.1368781859530563
259.0,0.13438673019299432
260.0,0.1322036702694511
261.0,0.13033275032716418
262.0,0.1287879739802386
263.0,0.12749248056997126
264.0,0.12639074601909564
265.0,0.1255207253898904
266.0,0.12492014319458769
267.0,0.12455428397097187
268.0,0.12434897927723304
269.0,0.12425630762258544
270.0,0.12431322453957203
271.0,0.12459569357864134
272.0,0.12508270056968
273.0,0.12564917490297534
274.0,0.1261979015454582
275.0,0.12671591963911422
276.0,0.12722071167540494
277.0,0.12773653016283523
278.0,0.12829673401948447
279.0,0.12895979599622434
280.0,0.1298222255768721
281.0,0.13093395850792344
282.0,0.13222343626318206
283.0,0.13356635820653726
284.0,0.1348998756683113
285.0,0.13617779321720963
286.0,0.13730525840803784
287.0,0.1382547154412722
288.0,0.1391456028384971
289.0,0.14016509840551053
290.0,0.14144206028557338
291.0,0.14300351385556112
292.0,0.14478406379468342
293.0,0.14664584682686835
294.0,0.14841898500396825
295.0,0.14987648582859334
296.0,0.15082988151941096
297.0,0.15132640391939975
298.0,0.15162132429784034
299.0,0.1519294449932311
300.0,0.1522808408031848
301.0,0.15259645059025775
302.0,0.15282641786409154
303.0,0.1530565710392363
304.0,0.15348151830398366
305.0,0.1542745250783545
306.0,0.1555008066765759
307.0,0.15712655730771366
308.0,0.1590652362937869
309.0,0.16124546863930245
310.0,0.163544859271117
311.0,0.16573550877946205
312.0,0.16772361439063954
313.0,0.16972334276014656
314.0,0.17208618889794336
315.0,0.17505004556736034
316.0,0.17880462294053667
317.0,0.18351217209559376
318.0,0.18892746883696418
319.0,0.1944306819533382
320.0,0.19976393478478896
321.0,0.20528807377077363
322.0,0.21126368434069026
323.0,0.21735474523384812
324.0,0.22284810473666897
325.0,0.22704089773614614
326.0,0.22945722152016312
327.0,0.23002364457237176
328.0,0.229064371440151
329.0,0.22691546319804232
330.0,0.22347183397264295
331.0,0.21824506518377923
332.0,0.21080488469601014
333.0,0.20139177027556346
334.0,0.19114790933600503
335.0,0.181387620349691
336.0,0.17266205483441058
337.0,0.16483661136965141
338.0,0.15776286955413224
339.0,0.15137303232230903
340.0,0.14560886034631726
341.0,0.1405320760852392
342.0,0.13633124898176804
343.0,0.13301562990141585
344.0,0.1302684500552888
345.0,0.1277506163673607
346.0,0.12536343574971945
347.0,0.12310839782255908
348.0,0.12096140720565726
349.0,0.11896568949860065
350.0,0.11725813938859808
351.0,0.11601242973675466
352.0,0.11533085568758103
353.0,0.11516179278819738
354.0,0.11533855999821177
355.0,0.11571125000745652
356.0,0.11622585646348602
357.0,0.11689410273746645
358.0,0.117727576204428
359.0,0.11867481019710494
360.0,0.11968950734199019
361.0,0.12083958172402381
362.0,0.12223854805095288
363.0,0.1239120459739946
364.0,0.12576034288136725
365.0,0.12760656843468335
366.0,0.12906334103718115
367.0,0.12955305459025748
368.0,0.12891572006222157
369.0,0.12773075443014217
370.0,0.12681445049924228
371.0,0.1266106906050844
372.0,0.12726354858221925
373.0,0.12880309750841049
374.0,0.1310643341213161
375.0,0.13374840218069625
376.0,0.13657884156535222
377.0,0.13942690210225528
378.0,0.1422770147273707
379.0,0.14520005773563957
380.0,0.14838587067230635
381.0,0.1520446403066768
382.0,0.15626183866604307
383.0,0.1609859441477407
384.0,0.16615424966194614
385.0,0.1717622271874508
386.0,0.17784732700442538
387.0,0.18444671902748597
388.0,0.19155545419586237
389.0,0.19910855570261318
390.0,0.20700728500912915
391.0,0.21536702868230415
392.0,0.22464063994443753
393.0,0.23511596084292652
394.0,0.24647888454715053
395.0,0.25797557062252263
396.0,0.26896127768225464
397.0,0.2796664244389879
398.0,0.2910953057208985
399.0,0.3033192630937568
400.0,0.3147174922141246
401.0,0.3234672614471708
402.0,0.3288521079757931
403.0,0.3308566383429419
404.0,0.3297529432440822
405.0,0.3263713239651429
406.0,0.3214194176696711
407.0,0.31415386947624135
408.0,0.3031983074158813
409.0,0.2889704627329781
410.0,0.2736218159850865
411.0,0.2587616064063937
412.0,0.24467219972630863
413.0,0.2312012992417298
414.0,0.21826242812855595
415.0,0.20595790971422978
416.0,0.1946473555411801
417.0,0.18483099381222018
418.0,0.17678998900252066
419.0,0.17035099265810524
420.0,0.16497446067906638
421.0,0.16009830204505907
422.0,0.15545234832510474
423.0,0.15113060779966817
424.0,0.14726548329700043
425.0,0.14372562400777647
426.0,0.14027548284808308
427.0,0.13677838030504563
428.0,0.13317971074195353
429.0,0.1294922630194907
430.0,0.12585049840401738
431.0,0.12253497259479859
432.0,0.12002324158878133
433.0,0.1187152726306396
434.0,0.11849189556601639
435.0,0.11878579558369207
436.0,0.11912686719518326
437.0,0.11930129654217028
438.0,0.11902912858336298
439.0,0.11811860529195234
440.0,0.11681383642354101
441.0,0.11561458262972552
442.0,0.11483069760816905
443.0,0.11448328678310091
444.0,0.11449113549521098
445.0,0.11469296238392993
446.0,0.11486082432184838
447.0,0.11477099359283399
448.0,0.11427650990286939
449.0,0.11338627812542557
450.0,0.1122410338931743
451.0,0.11099774553058961
452.0,0.1097167959416496
453.0,0.10838113249417261
454.0,0.10696581003154482
455.0,0.10549205224794242
456.0,0.10401861038262553
457.0,0.10253322151219152
458.0,0.10095215503366783
459.0,0.09926978955319377
460.0,0.09759465584317467
461.0,0.09602342521899071
462.0,0.09460300379850109
463.0,0.09341985284909449
464.0,0.09253912232524988
465.0,0.09186312961518858
466.0,0.09121215433338178
467.0,0.09052530868962724
468.0,0.08985220517319642
469.0,0.08920511201697445
470.0,0.08854403412301609
471.0,0.08783485921664375
472.0,0.08695220689468586
473.0,0.08562542015933328
474.0,0.08376260357666893
475.0,0.08167448322738041
476.0,0.07979646837764306
477.0,0.078343433514867
478.0,0.0774322131921594
479.0,0.07720433502115223
480.0,0.07755643896144324
481.0,0.07808045293597085
482.0,0.07836498386679672
483.0,0.07826046222088517
484.0,0.07783321392153317
485.0,0.07724662243286762
486.0,0.07670560775615834
487.0,0.07639479958606968
488.0,0.07649787532030825
489.0,0.07709619965179709
490.0,0.07802666179478315
491.0,0.07895386380417008
492.0,0.07958478746076914
493.0,0.07979429803575436
494.0,0.0795777092767499
495.0,0.07905375256659394
496.0,0.07844380005027168
497.0,0.07804912831785735
498.0,0.07820241221009325
499.0,0.07900182432545799
500.0,0.08017032152907316
501.0,0.08126774693810404
502.0,0.08200988289986713
503.0,0.0822659970120383
504.0,0.08196993426366322
505.0,0.08126763930731964
506.0,0.08054579528164996
507.0,0.08034099256939486
508.0,0.08108114882701392
509.0,0.08275637294031382
510.0,0.08493178244376343
511.0,0.08715627576781429
512.0,0.0892021034854279
513.0,0.09077956796742456
514.0,0.09160493652634302
515.0,0.09185248192875262
516.0,0.09205258862218973
517.0,0.09252237209251865
518.0,0.0932116305668608
519.0,0.0940393866718551
520.0,0.09499163477535663
521.0,0.0960109351957564
522.0,0.09703462717517389
523.0,0.098081809356624
524.0,0.09918998251910227
525.0,0.10031031957486439
526.0,0.10135966955769127
527.0,0.10231802267360174
528.0,0.103221910964686
529.0,0.10410545110173614
530.0,0.10494319996934862
531.0,0.10563504060863499
532.0,0.10603748342996774
533.0,0.10603788812696527
534.0,0.10564463480124212
535.0,0.10498937270332065
536.0,0.10422743462885928
537.0,0.10345159201479293
538.0,0.1027344961526534
539.0,0.10212342027731022
540.0,0.10155501476211562
541.0,0.10087468824425475
542.0,0.0999459716057407
543.0,0.0987232894148557
544.0,0.09722547721841168
545.0,0.09551790332273141
546.0,0.09370789866824153
547.0,0.09186141959469665
548.0,0.0899223631521277
549.0,0.08782268147594716
550.0,0.08564818674165789
551.0,0.0835523956906227
552.0,0.0815761083648828
553.0,0.07967935965546949
554.0,0.07785949587368343
555.0,0.07613541936977078
556.0,0.0745153086848562
557.0,0.07314545771073128
558.0,0.07232775189980045
559.0,0.07213341820594996
560.0,0.07221616888255919
561.0,0.07216790268959275
562.0,0.07183239813301107
563.0,0.07111969090573775
564.0,0.06992466758903723
565.0,0.06838783932942724
566.0,0.0668931050376729
567.0,0.06576235173445832
568.0,0.0650660547972842
569.0,0.06472610288266575
570.0,0.06462128407882486
571.0,0.06461575859498017
572.0,0.0646429944343794
573.0,0.06476590740082058
574.0,0.06505933693249208
575.0,0.06543367873201389
576.0,0.065677532474511
577.0,0.06563317845803837
578.0,0.06526299678109596
579.0,0.06460524857380068
580.0,0.06377097313610919
581.0,0.06291597882392436
582.0,0.06219806668499314
583.0,0.06172930395100934
584.0,0.06148998833707395
585.0,0.061328673834355946
586.0,0.06106145267506663
587.0,0.060580734631546285
588.0,0.05983952286814845
589.0,0.058830640726326655
590.0,0.05764953350798546
591.0,0.05647604049473834
592.0,0.05548654981940146
593.0,0.054757447428313094
594.0,0.054232509514392874
595.0,0.05378095896751248
596.0,0.05330252068559488
597.0,0.052773754033865
598.0,0.052190940836438215
599.0,0.05155426567006283
600.0,0.050894816715602614
601.0,0.050221592334664916
602.0,0.049449615745663006
603.0,0.04849968223639847
604.0,0.04743985253853297
605.0,0.046430432653413345
606.0,0.045576049272447766
607.0,0.044936006397046174
608.0,0.04459002765360001
609.0,0.04455031199955242
610.0,0.044706530609416484
611.0,0.044945850414687155
612.0,0.04526688781638674
613.0,0.04571035067303386
614.0,0.04626878104426754
615.0,0.04689873971448025
616.0,0.047569103882167424
617.0,0.048327747790493286
618.0,0.04926614785577227
619.0,0.05035814161057242
620.0,0.051414778083033436
621.0,0.05220903583496414
622.0,0.05259940469739219
623.0,0.052536205531978186
624.0,0.052099365947715554
625.0,0.05153457747966542
626.0,0.05115456811662519
627.0,0.051199065783368
628.0,0.051722854435180515
629.0,0.052612817414231766
630.0,0.05364184901918159
631.0,0.054558734923238844
632.0,0.05518517754256988
633.0,0.05545324860711762
634.0,0.055547679970128744
635.0,0.055918091179535945
636.0,0.05714717791231841
637.0,0.05971403107986148
638.0,0.06366431181647661
639.0,0.06857730370346751
640.0,0.07389842067994529
641.0,0.07934489873880543
642.0,0.08500555694920714
643.0,0.09111589674918774
644.0,0.09757151550555168
645.0,0.10384561576586279
646.0,0.10957890137205659
647.0,0.11485121236735121
648.0,0.11979127805806264
649.0,0.12434467388134587
650.0,0.12842570303204157
651.0,0.13193257337267053
652.0,0.13460316075943982
653.0,0.13631635748083862
654.0,0.13755138645892137
655.0,0.13901013680165877
656.0,0.1408452084611347
657.0,0.14279144119838036
658.0,0.14482855729104901
659.0,0.14734671003796854
660.0,0.15090386894830896
661.0,0.15576746781917147
662.0,0.16167313458110125
663.0,0.16840901896977015
664.0,0.1763781136435356
665.0,0.18617497059968582
666.0,0.19803033707460152
667.0,0.21195809761153986
668.0,0.22798285734397492
669.0,0.24594595056581933
670.0,0.26549290735113384
671.0,0.28637725000776837
672.0,0.308625000958791
673.0,0.3323539925170881
674.0,0.35758502501874
675.0,0.3842099035725619
676.0,0.4121259934643331
677.0,0.4415160172189574
678.0,0.4724694338026113
679.0,0.5040882161231064
680.0,0.5359223991240467
681.0,0.5704859138582211
682.0,0.6103284051677078
683.0,0.6531246402068045
684.0,0.6937580444650236
685.0,0.729904212721657
686.0,0.7623242836268778
687.0,0.7918314915807988
688.0,0.8177999080001089
689.0,0.8380082515241245
690.0,0.8478872016209741
691.0,0.841618565906172
692.0,0.8177589489699792
693.0,0.7817146646066846
694.0,0.7408204822797138
695.0,0.6984768689726425
696.0,0.6537668930908171
697.0,0.6044532369594077
698.0,0.551459919566158
699.0,0.4997346537354719
700.0,0.45312840788765685
701.0,0.4116055961388754
702.0,0.37398088443375066
703.0,0.33987652356572895
704.0,0.30909853282579836
705.0,0.2815396715293147
706.0,0.25753868209619757
707.0,0.2372900028241244
708.0,0.219899438191108
709.0,0.20385564166062994
710.0,0.18829675084751016
711.0,0.17323049742774407
712.0,0.15885660726264897
713.0,0.14531388080890503
714.0,0.1326778779550721
715.0,0.12116059473550497
716.0,0.11122805540072153
717.0,0.10301263462814239
718.0,0.09593415316212714
719.0,0.08934488068189236
720.0,0.08318640687378767
721.0,0.07767391799433387
722.0,0.07283712398843281
723.0,0.06856166028709451
724.0,0.06473950384862842
725.0,0.06140680604859464
726.0,0.058701131336931806
727.0,0.056578978727115675
728.0,0.05475158590079335
729.0,0.052942665772024444
730.0,0.05105427001367574
731.0,0.04908632990422393
732.0,0.047090463025140694
733.0,0.045183292356003574
734.0,0.043498966291862395
735.0,0.04213367896091644
736.0,0.0410942017520079
737.0,0.04029812011764308
738.0,0.03966893624948817
739.0,0.03923719730281011
740.0,0.03908045694289003
741.0,0.03920172894489235
742.0,0.039502639072981044
743.0,0.03983779593110173
744.0,0.04007135018746724
745.0,0.040124788681773105
746.0,0.04001500573059716
747.0,0.03983080180023216
748.0,0.03967448021575257
749.0,0.03960389209741716
750.0,0.039648679562876266
751.0,0.039820608024096066
752.0,0.040061926520917834
753.0,0.04025925990265228
754.0,0.04032760905385241
755.0,0.04026077742752204
756.0,0.040100146216949545
757.0,0.03987853749319975
758.0,0.03958187432338783
759.0,0.039160794178548175
760.0,0.03858303537962096
761.0,0.03788252782145701
762.0,0.03716603122849588
763.0,0.03657256650747881
764.0,0.03621745572453858
765.0,0.03612512822984962
766.0,0.03621711080518525
767.0,0.03638582133373927
768.0,0.036589103884930724
769.0,0.03687077430865848
770.0,0.03730705863931569
771.0,0.03788241404943335
772.0,0.03842047822690969
773.0,0.03860151414427809
774.0,0.038112302505998785
775.0,0.036942755059000215
776.0,0.03545517261526815
777.0,0.03409726291990575
778.0,0.03310929244757024
779.0,0.032580078184788946
780.0,0.03251236565126264
781.0,0.03274599811490078
782.0,0.03304042279153982
783.0,0.033268112655425536
784.0,0.03345883638921465
785.0,0.03363477193359812
786.0,0.03374611712234504
787.0,0.03375285154780938
788.0,0.03364242092611408
789.0,0.033387015594266795
790.0,0.032973014014936824
791.0,0.032456326665086827
792.0,0.03188771202935767
793.0,0.031208277528372713
794.0,0.030346841914135142
795.0,0.029363054395879357
796.0,0.028397868474738686
797.0,0.02754740073891765
798.0,0.026844747973861605
799.0,0.026294674612938967
800.0,0.02587886801426076
801.0,0.02557081689615906
802.0,0.02535032517542693
803.0,0.0252130637948981
804.0,0.02516870146453634
805.0,0.025228764247728463
806.0,0.025386551093857262
807.0,0.025644408435370303
808.0,0.026120516187710607
809.0,0.026958012348453103
810.0,0.028037158044518257
811.0,0.02898404706391705
812.0,0.02948619766829605
813.0,0.029485667502042123
814.0,0.029100629971115205
815.0,0.02850952373093188
816.0,0.027859902600594816
817.0,0.027208650268784745
818.0,0.026543732230969064
819.0,0.02585168639076807
820.0,0.025183178275349244
821.0,0.024604481536299322
822.0,0.024116151270050512
823.0,0.023694172957713533
824.0,0.023362245918597424
825.0,0.023161239981735388
826.0,0.023110511173262654
827.0,0.023321147545827176
828.0,0.02400343046718431
829.0,0.025131549245102552
830.0,0.026290435887765112
831.0,0.02691724704761128
832.0,0.026666159554545737
833.0,0.025609157447850944
834.0,0.02417151150488009
835.0,0.022870234393218586
836.0,0.022071002547921104
837.0,0.022049126293125998
838.0,0.022886629015068993
839.0,0.024255080522763484
840.0,0.025514294953057043
841.0,0.026010180240825215
842.0,0.0254693999191401
843.0,0.02415660185129806
844.0,0.022652947099243093
845.0,0.021419630761356195
846.0,0.020690562675909324
847.0,0.02065635178239908
848.0,0.02129656844190972
849.0,0.022246098048180257
850.0,0.02318693902264793
851.0,0.02423117958008622
852.0,0.02556874136540596
853.0,0.027027960297212578
854.0,0.028251885359512036
855.0,0.02899534184238503
856.0,0.029030168245205018
857.0,0.028135852949698975
858.0,0.026501160977526805
859.0,0.02476231616681024
860.0,0.02349860185316696
861.0,0.022852265359597085
862.0,0.02268040598824353
863.0,0.02278921779394294
864.0,0.023011772738463804
865.0,0.023274897445108633
866.0,0.023581485753130543
867.0,0.023950863831986968
868.0,0.024364088398265593
869.0,0.024716002460906134
870.0,0.02480999875290349
871.0,0.024523815237564583
872.0,0.023978750288966844
873.0,0.023446147637329356
874.0,0.023112681369127447
875.0,0.02307474869200407
876.0,0.023449530524605383
877.0,0.024223245677933436
878.0,0.025143224072537163
879.0,0.025909229017353708
880.0,0.02640448662587408
881.0,0.02668264997324829
882.0,0.026839139575030396
883.0,0.02695864315091151
884.0,0.027079731146884667
885.0,0.027205572152149332
886.0,0.02733298906056225
887.0,0.027464594439340517
888.0,0.027615897914344406
889.0,0.027810692319198665
890.0,0.028066207239166335
891.0,0.02837720716153891
892.0,0.0287187640642029
893.0,0.029066622926944313
894.0,0.029407970924208687
895.0,0.02973259548232912
896.0,0.03004129108747139
897.0,0.030358733426037593
898.0,0.030737849661162386
899.0,0.031252151839172015
900.0,0.03193131377044778
901.0,0.032711607065657206
902.0,0.0334995727325581
903.0,0.03426792832524497
904.0,0.0350339927704188
905.0,0.035792330258018784
906.0,0.0365198865200671
907.0,0.037190005667032455
908.0,0.03768022362473458
909.0,0.03777953728445596
910.0,0.0374645391983269
911.0,0.03702265427393281
912.0,0.03682552026142771
913.0,0.03708353431050079
914.0,0.037873192729806854
915.0,0.03916139923497022
916.0,0.04072584832583481
917.0,0.042186639508795754
918.0,0.04307257544061771
919.0,0.04310093516694152
920.0,0.04247543564933773
921.0,0.041769276447034404
922.0,0.041492678077631545
923.0,0.04183620958542136
924.0,0.04277610338916324
925.0,0.044082058211206504
926.0,0.045333351978729064
927.0,0.046040873611175565
928.0,0.045782213540954825
929.0,0.04452403907948768
930.0,0.042734338496466684
931.0,0.04107521297456071
932.0,0.03996495034551431
933.0,0.03948395769012217
934.0,0.0395257767571163
935.0,0.0398542023442745
936.0,0.04021765036779032
937.0,0.040418070369450915
938.0,0.040361483069032866
939.0,0.0401138556453787
940.0,0.03983072095675888
941.0,0.0395857212296723
942.0,0.03931235172769432
943.0,0.03896477328394213
944.0,0.03861572130145349
945.0,0.03838843313052498
946.0,0.038407469586859755
947.0,0.03882646438673357
948.0,0.039718359977811396
949.0,0.04092465742806989
950.0,0.0421100808041425
951.0,0.04295902697988371
952.0,0.043358753748005824
953.0,0.04342627660557516
954.0,0.043411177353612856
955.0,0.043526341640969385
956.0,0.04389309323458784
957.0,0.04458363880920663
958.0,0.045571112920962026
959.0,0.04672389266354962
960.0,0.047924470717173845
961.0,0.04917114762460034
962.0,0.0504978703194435
963.0,0.051874960327711744
964.0,0.0532492417669512
965.0,0.0545946004978739
966.0,0.05589393365385101
967.0,0.05712948610630461
968.0,0.05831580391815491
969.0,0.05949798833270639
970.0,0.060704347282543175
971.0,0.061929781564321135
972.0,0.06317748259074421
973.0,0.06445367781313796
974.0,0.06571016420753956
975.0,0.06686310567078585
976.0,0.0678630809855146
977.0,0.06876608535655224
978.0,0.06974314493458886
979.0,0.07105355980952274
980.0,0.07299244734545038
981.0,0.0756660035091728
982.0,0.07884690226875815
983.0,0.08214736614318155
984.0,0.08531901159242036
985.0,0.08828872142592595
986.0,0.09104285473276716
987.0,0.09368608145405324
988.0,0.09644279414753124
989.0,0.09949987755932502
990.0,0.10288458392941599
991.0,0.10653669480381364
992.0,0.11043061670800178
993.0,0.11460469091413059
994.0,0.11913328395248399
995.0,0.12405121677496436
996.0,0.1293044186046787
997.0,0.13475963389706244
998.0,0.1402987924539035
999.0,0.14595056311732738
1000.0,0.15181554618284196
1001.0,0.15781631622606543
1002.0,0.1636871119776764
1003.0,0.16919982234362904
1004.0,0.17428884501572492
1005.0,0.17899982232587272
1006.0,0.1834305402236379
1007.0,0.18767263091885075
1008.0,0.19183358010787346
1009.0,0.1960866600433168
1010.0,0.2004634067666015
1011.0,0.20468761186700543
1012.0,0.20835154269471737
1013.0,0.21120526096225942
1014.0,0.21326055394193258
1015.0,0.21470377175363278
1016.0,0.21576447560037512
1017.0,0.2165647486106406
1018.0,0.21705555614244917
1019.0,0.21711541846814783
1020.0,0.2168346573882912
1021.0,0.2165687267789124
1022.0,0.21657499876631878
1023.0,0.21682407309770987
1024.0,0.21724808969005557
1025.0,0.21788748644537645
1026.0,0.21876190606588716
1027.0,0.21982680608540592
1028.0,0.22104306411556382
1029.0,0.2224452475768632
1030.0,0.2241587719305093
1031.0,0.22637586661246575
1032.0,0.229310179466136
1033.0,0.23305342651801084
1034.0,0.23748233090183465
1035.0,0.24229237130951345
1036.0,0.24714308302936797
1037.0,0.25183977019925274
1038.0,0.25641118252921313
1039.0,0.2611546438302257
1040.0,0.26652331134481033
1041.0,0.2729417908887677
1042.0,0.2806423968906011
1043.0,0.2895758977926527
1044.0,0.29950545697339204
1045.0,0.3101718094471575
1046.0,0.321459514011047
1047.0,0.33340165495207963
1048.0,0.34610807434185265
1049.0,0.35971773238541216
1050.0,0.3743467916295615
1051.0,0.39011010005070423
1052.0,0.40704889809369826
1053.0,0.42494258731107215
1054.0,0.4435727674335198
1055.0,0.4633301541827438
1056.0,0.4848172140829812
1057.0,0.5077791133145504
1058.0,0.5311809139064758
1059.0,0.5542102707972488
1060.0,0.5767200450891619
1061.0,0.5989702265207882
1062.0,0.6209578895166157
1063.0,0.6418885069389544
1064.0,0.6611462073214321
1065.0,0.6793720266333589
1066.0,0.6971648150606787
1067.0,0.7135873433797587
1068.0,0.7271086317272618
1069.0,0.7370516566646312
1070.0,0.7433729492649459
1071.0,0.7460462513333778
1072.0,0.7453040085959532
1073.0,0.7415803984015262
1074.0,0.734690055814419
1075.0,0.7238749235761496
1076.0,0.7094221902752298
1077.0,0.6929574750787494
1078.0,0.6755921323983057
1079.0,0.6571345261256225
1080.0,0.6373325394566426
1081.0,0.6165579569239444
1082.0,0.5953721229201884
1083.0,0.5740870807743932
1084.0,0.5525650032580212
1085.0,0.5305957331493618
1086.0,0.5085201693057544
1087.0,0.4871303995431774
1088.0,0.4670732904012641
1089.0,0.4485007614272114
1090.0,0.4311424813618011
1091.0,0.41455857558763487
1092.0,0.39845581395153773
1093.0,0.3826102342481955
1094.0,0.36671298923873996
1095.0,0.35083006384488813
1096.0,0.33565686061104383
1097.0,0.3221467764370558
1098.0,0.3109088787351325
1099.0,0.30176581511713974
1100.0,0.2938994669151469
1101.0,0.28656409106854686
1102.0,0.2796062223804534
1103.0,0.2731309289163435
1104.0,0.2671245414700416
1105.0,0.2614530893056978
1106.0,0.2558977075589497
1107.0,0.25018273436832117
1108.0,0.24415676699435893
1109.0,0.23799465874462897
1110.0,0.23215397402431567
1111.0,0.22713595841362547
1112.0,0.22319492570519736
1113.0,0.22023532470448423
1114.0,0.2178975272760009
1115.0,0.21579449417902682
1116.0,0.21368988780598
1117.0,0.21151985002274262
1118.0,0.20934064924723858
1119.0,0.20720773961464808
1120.0,0.2051039354102495
1121.0,0.20294117702675937
1122.0,0.20067605498926674
1123.0,0.19839615010306796
1124.0,0.19625254651251364
1125.0,0.19435494395444589
1126.0,0.192778186167993
1127.0,0.19156359043774693
1128.0,0.19064010174072807
1129.0,0.18979882328018668
1130.0,0.18868768775384756
1131.0,0.18700361017895714
1132.0,0.1848008052651607
1133.0,0.18254774748926914
1134.0,0.18090642541858207
1135.0,0.1803382241976533
1136.0,0.18086998244809435
1137.0,0.18202507026670792
1138.0,0.18299775752072853
1139.0,0.18294148837726984
1140.0,0.18113100135084123
1141.0,0.17747373947288894
1142.0,0.17278210065192087
1143.0,0.1683025981045074
1144.0,0.1649339587434778
1145.0,0.16284348011242514
1146.0,0.16166335281925812
1147.0,0.16081351045841638
1148.0,0.1598936774801533
1149.0,0.15879226984576064
1150.0,0.15756277272577943
1151.0,0.1562551235875599
1152.0,0.15473945628125116
1153.0,0.15256159023972607
1154.0,0.14915340888815862
1155.0,0.14452994728414634
1156.0,0.1394541476783778
1157.0,0.1347244653287211
1158.0,0.1306218810104661
1159.0,0.1271543298297609
1160.0,0.12425159847131143
1161.0,0.12167102340361194
1162.0,0.11907771529191916
1163.0,0.11620175088818926
1164.0,0.11298882911972888
1165.0,0.10962564181845211
1166.0,0.106353335689618
1167.0,0.10321803590882464
1168.0,0.10012503267672995
1169.0,0.09708946189898487
1170.0,0.09425827513287621
1171.0,0.09177717676853711
1172.0,0.0897471777626975
1173.0,0.08823558312448124
1174.0,0.08718567879563974
1175.0,0.08639603737051224
1176.0,0.0857019467657544
1177.0,0.08512095397630054
1178.0,0.08470309274410723
1179.0,0.08437494746350951
1180.0,0.0840404161267227
1181.0,0.08368224062870969
1182.0,0.08331515565673364
1183.0,0.08293415168357257
1184.0,0.08253536251830237
1185.0,0.08209653889349189
1186.0,0.08148432923218077
1187.0,0.0805449315921539
1188.0,0.07935863616949854
1189.0,0.07822565849244881
1190.0,0.07738211980634474
1191.0,0.07686184764578921
1192.0,0.07660434877676184
1193.0,0.0765245839405515
1194.0,0.07652704428198184
1195.0,0.07654737855055357
1196.0,0.07657408373804969
1197.0,0.07661721332954086
1198.0,0.07665651163861095
1199.0,0.0766682019832913
1200.0,0.0766701511721524
1201.0,0.07667877966256648
1202.0,0.07665945651898218
1203.0,0.07657067900488465
1204.0,0.07641499798575235
1205.0,0.07620942830575886
1206.0,0.07594426032704779
1207.0,0.07558916387126685
1208.0,0.07508563542108224
1209.0,0.0742437044542549
1210.0,0.07283238169067816
1211.0,0.07093208845195556
1212.0,0.06903828233994666
1213.0,0.06783105309056162
1214.0,0.06775598319058221
1215.0,0.06872989640079591
1216.0,0.07022596069799919
1217.0,0.07168703360453954
1218.0,0.07278886448476463
1219.0,0.07333407853250731
1220.0,0.07330552286151762
1221.0,0.07295626193182844
1222.0,0.0725825754494884
1223.0,0.07221685907742201
1224.0,0.07173383988646845
1225.0,0.07116098831105974
1226.0,0.07067992167534604
1227.0,0.07045902595610584
1228.0,0.07057565889677972
1229.0,0.07101179212056072
1230.0,0.07161673750278894
1231.0,0.0721459831999465
1232.0,0.07233715374471025
1233.0,0.0720224339967038
1234.0,0.07128536962811108
1235.0,0.07042405361151352
1236.0,0.06969388445378882
1237.0,0.06912920039418205
1238.0,0.06866818286715107
1239.0,0.0682911740835433
1240.0,0.06801999959365634
1241.0,0.06789730729092572
1242.0,0.06796166223672995
1243.0,0.06819716126682665
1244.0,0.06849681972221905
1245.0,0.06867511792657055
1246.0,0.06850887029605127
1247.0,0.06789955430088859
1248.0,0.06700366320602788
1249.0,0.0661386975104987
1250.0,0.06555927951147716
1251.0,0.06534775553662056
1252.0,0.06546305665404864
1253.0,0.0657762924796298
1254.0,0.06613579613001483
1255.0,0.06644175664166901
1256.0,0.06667786251884988
1257.0,0.06688492528347648
1258.0,0.067088701051574
1259.0,0.06720233685370233
1260.0,0.06704114285830834
1261.0,0.06655662973587634
1262.0,0.06595840629621483
1263.0,0.06556280825106689
1264.0,0.06559614658124627
1265.0,0.06617779084193978
1266.0,0.06728198494296558
1267.0,0.06863882836341012
1268.0,0.0698029533017129
1269.0,0.07029690566625271
1270.0,0.06990734718706529
1271.0,0.06891581814178396
1272.0,0.06790517477784647
1273.0,0.06730228990931589
1274.0,0.06717560292117558
1275.0,0.06741465576251518
1276.0,0.06784681719641075
1277.0,0.06829415476955411
1278.0,0.06864261476411773
1279.0,0.06885666946514266
1280.0,0.06897764883965629
1281.0,0.06908005763070904
1282.0,0.06920717980235722
1283.0,0.06933668996891032
1284.0,0.06943732941608685
1285.0,0.06953961003868384
1286.0,0.06976432007163069
1287.0,0.07027195259514749
1288.0,0.0711296285100072
1289.0,0.072238147460846
1290.0,0.0733794193977505
1291.0,0.07432323422773124
1292.0,0.07485564467103153
1293.0,0.07487294636339506
1294.0,0.07453140611661149
1295.0,0.07414982389104849
1296.0,0.07391366170955285
1297.0,0.07378453063202448
1298.0,0.07370644940533386
1299.0,0.07372608961343585
1300.0,0.0739546230788215
1301.0,0.0745001024050965
1302.0,0.07541494944891866
1303.0,0.07660963503733842
1304.0,0.07783264578592339
1305.0,0.07874479882342911
1306.0,0.07904035878549745
1307.0,0.07869764925554279
1308.0,0.07805678100876615
1309.0,0.07739365451912544
1310.0,0.07653634446851848
1311.0,0.07526578074299076
1312.0,0.0737789864681
1313.0,0.07254412013600331
1314.0,0.07197351588333076
1315.0,0.07237708720121788
1316.0,0.07388215984537774
1317.0,0.07611862728786487
1318.0,0.0783140720932225
1319.0,0.07980473986877884
1320.0,0.0804315156838099
1321.0,0.08046071207849873
1322.0,0.08026021935049762
1323.0,0.0799889826611779
1324.0,0.07956249504909835
1325.0,0.07896402071009057
1326.0,0.07837155446383101
1327.0,0.0780245247109296
1328.0,0.07813374070177717
1329.0,0.07888099409641644
1330.0,0.08024215450139918
1331.0,0.08185827817187827
1332.0,0.08327999557719343
1333.0,0.08431411592551821
1334.0,0.08502575475411761
1335.0,0.08550940670939405
1336.0,0.08574902085732691
1337.0,0.08559505717671448
1338.0,0.08493684705022983
1339.0,0.08386253468881297
1340.0,0.0826536170274304
1341.0,0.0816577704632731
1342.0,0.08122358133848079
1343.0,0.08157113101637267
1344.0,0.0825479379970141
1345.0,0.08370276057574574
1346.0,0.08470971792881044
1347.0,0.0855869048671325
1348.0,0.08642231591467475
1349.0,0.08718703283117088
1350.0,0.08782935561219632
1351.0,0.08832848624819675
1352.0,0.08867370442226202
1353.0,0.08887585823018584
1354.0,0.08899807935635251
1355.0,0.08908851365467721
1356.0,0.08908069078837119
1357.0,0.08890085498971337
1358.0,0.08864392472449428
1359.0,0.08851752394712556
1360.0,0.08866519595339764
1361.0,0.08909209249523053
1362.0,0.08970713037534836
1363.0,0.09041349526919781
1364.0,0.09119178431024375
1365.0,0.0920725823332747
1366.0,0.09306182412076178
1367.0,0.09408034567372137
1368.0,0.09495940343590964
1369.0,0.09546851844003199
1370.0,0.09543250752702087
1371.0,0.09494491847252104
1372.0,0.09435136900234428
1373.0,0.09395202253317267
1374.0,0.09380665045422398
1375.0,0.09386289658043817
1376.0,0.09409860905599113
1377.0,0.09455056403594372
1378.0,0.0952998332357411
1379.0,0.09642459364324993
1380.0,0.09788350747522803
1381.0,0.09942772801453989
1382.0,0.10068006382674985
1383.0,0.10130130304194998
1384.0,0.10121793881073102
1385.0,0.10069652655903552
1386.0,0.10015450679428187
1387.0,0.09986731694248627
1388.0,0.09987789388600005
1389.0,0.10010339058312187
1390.0,0.10040525747339227
1391.0,0.10066555742706373
1392.0,0.1008050056571394
1393.0,0.1007775023515986
1394.0,0.10062130523365212
1395.0,0.10045356825431317
1396.0,0.10039325338451685
1397.0,0.10048494349164289
1398.0,0.10069241031586665
1399.0,0.10094820353717748
1400.0,0.10122065110355019
1401.0,0.10153288157647114
1402.0,0.10189709138948
1403.0,0.10227799170009744
1404.0,0.1026231523838464
1405.0,0.10287921034904723
1406.0,0.10297306504398168
1407.0,0.10287501966407789
1408.0,0.1026847852248472
1409.0,0.10259920671775155
1410.0,0.10280201963856303
1411.0,0.1033406099072389
1412.0,0.10409453530890192
1413.0,0.10485533484950821
1414.0,0.10546090534564917
1415.0,0.10586571599238845
1416.0,0.10611841399427369
1417.0,0.10635309477657962
1418.0,0.10674016734858799
1419.0,0.10744158324978817
1420.0,0.1085552298000885
1421.0,0.10997018678873269
1422.0,0.11136967128228689
1423.0,0.1124231687457774
1424.0,0.11298820373676527
1425.0,0.11314593353071553
1426.0,0.1130974244021637
1427.0,0.11302693029285504
1428.0,0.11300172644301235
1429.0,0.11302264962849554
1430.0,0.11306515320407215
1431.0,0.11306133997798512
1432.0,0.11291715595876775
1433.0,0.11253335228071815
1434.0,0.11190864729757671
1435.0,0.1112312613718621
1436.0,0.11084836672638257
1437.0,0.1111495740589136
1438.0,0.11227372567744504
1439.0,0.11393214019032097
1440.0,0.11558115704802241
1441.0,0.11678121320376877
1442.0,0.11739390799648841
1443.0,0.11753576303300539
1444.0,0.11749444556688918
1445.0,0.11756445900763357
1446.0,0.11797135627357394
1447.0,0.11883424457538672
1448.0,0.12004224507456032
1449.0,0.12126697373751788
1450.0,0.12205718786239828
1451.0,0.12207647566296845
1452.0,0.12141115877288905
1453.0,0.12055557694873886
1454.0,0.12004946549195364
1455.0,0.12013563741610941
1456.0,0.1207727986071035
1457.0,0.12175100785286899
1458.0,0.12279464931245046
1459.0,0.12369242529293217
1460.0,0.12432512833556905
1461.0,0.12469776777273886
1462.0,0.12494014279276333
1463.0,0.12516742258444138
1464.0,0.12532157012527498
1465.0,0.1252925740876496
1466.0,0.12515767781831597
1467.0,0.12513662734148412
1468.0,0.1253904092285088
1469.0,0.12594009020361496
1470.0,0.12670719998284433
1471.0,0.12757117242391428
1472.0,0.12844244468334684
1473.0,0.12929315691224688
1474.0,0.1301372683155257
1475.0,0.13098028840648396
1476.0,0.1317497705985953
1477.0,0.13215943409478242
1478.0,0.13182950250275643
1479.0,0.1307961690293178
1480.0,0.12964755144555537
1481.0,0.12906709619540804
1482.0,0.12936824779299666
1483.0,0.13045222148781968
1484.0,0.13195851796881689
1485.0,0.13346926102903098
1486.0,0.13471368668177605
1487.0,0.13557816025331432
1488.0,0.13610197774573507
1489.0,0.1364414130415606
1490.0,0.13673221511427153
1491.0,0.13696561626160744
1492.0,0.1370713355473208
1493.0,0.13709964130629096
1494.0,0.13721617427595306
1495.0,0.13757623163926216
1496.0,0.1382185635891253
1497.0,0.13904747330425463
1498.0,0.13991539642531886
1499.0,0.14073591082469614
1500.0,0.1414887057418007
1501.0,0.14217153822709164
1502.0,0.1427728375614581
1503.0,0.14325290851347178
1504.0,0.14353573774919406
1505.0,0.14355208203334652
1506.0,0.14335237005305115
1507.0,0.14311232723964665
1508.0,0.14299449462111535
1509.0,0.14304625170101773
1510.0,0.1432400832638489
1511.0,0.14353528418719239
1512.0,0.1439061021273963
1513.0,0.14435118416979667
1514.0,0.14486990468399008
1515.0,0.14545037552888182
1516.0,0.14607357996895576
1517.0,0.1467420301114829
1518.0,0.14750973254692082
1519.0,0.14840908922659887
1520.0,0.14936435163080428
1521.0,0.15012021845343718
1522.0,0.15027552386834112
1523.0,0.14966808247322932
1524.0,0.14864589792668173
1525.0,0.1478408148803383
1526.0,0.1477281393682277
1527.0,0.1484458386456962
1528.0,0.14984482976890487
1529.0,0.1515373800909779
1530.0,0.1530857179547249
1531.0,0.15415046033779414
1532.0,0.15460852365575564
1533.0,0.15462243821633995
1534.0,0.15454110925258496
1535.0,0.15476831910252203
1536.0,0.15553188964005954
1537.0,0.1567055838022261
1538.0,0.1578895164669261
1539.0,0.15868478590442586
1540.0,0.15893149459438105
1541.0,0.1587066314343599
1542.0,0.15822424803628377
1543.0,0.15769763942484852
1544.0,0.157227674986775
1545.0,0.15680200515924023
1546.0,0.15639062661171596
1547.0,0.1560574057998781
1548.0,0.15610903742200974
1549.0,0.1571031708460394
1550.0,0.15922524914263414
1551.0,0.1618370443263818
1552.0,0.16409557643919953
1553.0,0.16575574561287854
1554.0,0.1669957347624553
1555.0,0.1679168613098121
1556.0,0.16847748246681324
1557.0,0.1685596571099492
1558.0,0.16805783175334407
1559.0,0.16699361659422848
1560.0,0.16562901931406812
1561.0,0.16440989276183768
1562.0,0.16380614726595286
1563.0,0.16404593623075858
1564.0,0.16488198846825047
1565.0,0.16581015667172497
1566.0,0.166627967112009
1567.0,0.16751707539872113
1568.0,0.16855300454806696
1569.0,0.16950860062943227
1570.0,0.1700477116939312
1571.0,0.1699586145253567
1572.0,0.1692697919001752
1573.0,0.16826813619651462
1574.0,0.16736822289010658
1575.0,0.1669379609665336
1576.0,0.16718738887609505
1577.0,0.16803775770123744
1578.0,0.16916951936536537
1579.0,0.17038378977730725
1580.0,0.17185800146419786
1581.0,0.17373612327340263
1582.0,0.175741602694148
1583.0,0.17744094023039084
1584.0,0.1786127114165789
1585.0,0.17927253873526905
1586.0,0.1795597462623122
1587.0,0.17965736222409992
1588.0,0.17969119112250762
1589.0,0.17970472040882102
1590.0,0.17968779572406238
1591.0,0.17964511006429607
1592.0,0.1795938278606745
1593.0,0.1794547393586587
1594.0,0.1791273407513368
1595.0,0.17869226649663655
1596.0,0.17843502295561536
1597.0,0.17868100470687853
1598.0,0.17983186780033414
1599.0,0.18177208278015583
