0.0,0.0
1.0,0.0
2.0,0.0
3.0,0.0
4.0,0.0
5.0,0.0
6.0,0.0
7.0,0.0
8.0,0.0
9.0,0.0
10.0,0.0
11.0,0.0
12.0,0.0
13.0,0.0
14.0,0.0
15.0,0.0
16.0,0.0
17.0,0.0
18.0,0.0
19.0,0.0
20.0,0.0
21.0,0.0
22.0,0.0
23.0,0.0
24.0,0.0
25.0,0.0
26.0,0.0
27.0,0.0
28.0,0.0
29.0,0.0
30.0,0.0
31.0,0.0
32.0,0.0
33.0,0.0
34.0,0.0
35.0,0.0
36.0,0.0
37.0,0.0
38.0,0.0
39.0,0.0
40.0,0.0
41.0,0.0
42.0,0.0
43.0,0.0
44.0,0.0
45.0,0.0
46.0,0.0
47.0,0.0
48.0,0.0
49.0,0.0
50.0,0.0
51.0,0.0
52.0,0.0
53.0,0.0
54.0,0.0
55.0,0.0
56.0,0.0
57.0,0.0
58.0,0.0
59.0,0.0
60.0,0.0
61.0,0.0
62.0,0.0
63.0,0.0
64.0,0.0
65.0,0.0
66.0,0.0
67.0,0.0
68.0,0.0
69.0,0.0
70.0,0.0
71.0,0.0
72.0,0.0
73.0,0.0
74.0,0.0
75.0,0.0
76.0,0.0
77.0,0.0
78.0,0.0
79.0,0.0
80.0,0.0
81.0,0.0
82.0,0.0
83.0,0.0
84.0,0.009240131390561512
85.0,0.019122930414314954
86.0,0.029753093986087317
87.0,0.040597625634586604
88.0,0.051882964086065714
89.0,0.0656821954009855
90.0,0.08277909651472651
91.0,0.09823312929639352
92.0,0.10726078265277081
93.0,0.11422413574985124
94.0,0.12534138774968062
95.0,0.1365318506607533
96.0,0.14039070701994383
97.0,0.1384154751973003
98.0,0.13660192501127566
99.0,0.13635109223162786
100.0,0.13612008711847512
101.0,0.13570134451038343
102.0,0.13558332139025575
103.0,0.13571220656685754
104.0,0.1358476662425016
105.0,0.13603037098992873
106.0,0.13658671985292364
107.0,0.1379215383941025
108.0,0.14026045130034884
109.0,0.1435266673234856
110.0,0.1474521829760176
111.0,0.15186531885854132
112.0,0.1569800913301775
113.0,0.16312695521406004
114.0,0.17007197346310834
115.0,0.17711957539127327
116.0,0.1838751050272193
117.0,0.19039119375804328
118.0,0.19672361080554793
119.0,0.20268412189756907
120.0,0.20786678091003874
121.0,0.2118163369071334
122.0,0.21422824532887663
123.0,0.21526472936375152
124.0,0.21558662994845454
125.0,0.215782534757164
126.0,0.21585480169376983
127.0,0.21560687152989333
128.0,0.2151897364415501
129.0,0.2150246217017792
130.0,0.21550133372908548
131.0,0.21676587849692386
132.0,0.2186251375773306
133.0,0.22052342199320116
134.0,0.22179155278969934
135.0,0.22197165304671385
136.0,0.22103682183692822
137.0,0.21934045872974597
138.0,0.21739543258497757
139.0,0.21572230218138866
140.0,0.21457430969632246
141.0,0.2137693648325569
142.0,0.212825718516174
143.0,0.21129123968093028
144.0,0.2089831144463338
145.0,0.20595766947064323
146.0,0.20247071130685063
147.0,0.19888033819913417
148.0,0.19546236858313798
149.0,0.1922948277858873
150.0,0.18929617996672543
151.0,0.1863708157744321
152.0,0.1833505566431589
153.0,0.17996714326177046
154.0,0.17617267139176998
155.0,0.1723047939913964
156.0,0.16874294831395167
157.0,0.16556924857132718
158.0,0.16270400272598176
159.0,0.1601310251145267
160.0,0.15794509985789204
161.0,0.15630642092112848
162.0,0.15533195632520921
163.0,0.15497554053872284
164.0,0.15496898034233753
165.0,0.15488477105871706
166.0,0.15422586691640103
167.0,0.15273092418714274
168.0,0.15066780604522698
169.0,0.14865233405977887
170.0,0.14715252680472946
171.0,0.14624106680400845
172.0,0.1457492184783143
173.0,0.1454516930777932
174.0,0.1452163510244305
175.0,0.14501988487205336
176.0,0.1448497112478033
177.0,0.14464557223180863
178.0,0.14428598558961353
179.0,0.14353315118224289
180.0,0.1420725608698368
181.0,0.13987493361067138
182.0,0.1373727031339798
183.0,0.1351877964965211
184.0,0.13371351229034012
185.0,0.1329080939258209
186.0,0.1323676042562114
187.0,0.1315516821493059
188.0,0.13009393047434797
189.0,0.12791198587774866
190.0,0.12518145151226392
191.0,0.12223479915351601
192.0,0.11936698020959136
193.0,0.11672388650340881
194.0,0.11429125591313474
195.0,0.11200720782200926
196.0,0.10984102861786066
197.0,0.1077844012355701
198.0,0.10583526541336197
199.0,0.10397467427265278
200.0,0.10219946390653967
201.0,0.10056736400128549
202.0,0.0991332386168226
203.0,0.09786481095905464
204.0,0.09664809196725482
205.0,0.09535464054724291
206.0,0.09384040671286922
207.0,0.09196126584574725
208.0,0.08980187720298952
209.0,0.08776128798273364
210.0,0.08636321459300472
211.0,0.08594330890314622
212.0,0.08637134268538219
213.0,0.08714569700153652
214.0,0.08789722821773091
215.0,0.08866890939295125
216.0,0.08955343736477256
217.0,0.09044495237560042
218.0,0.09120832295965445
219.0,0.09179097101135295
220.0,0.09217361204908298
221.0,0.09236543940136861
222.0,0.09245783993109186
223.0,0.09249270032084098
224.0,0.09224622551981751
225.0,0.09151452900560209
226.0,0.09058381711019296
227.0,0.09010595388433651
228.0,0.09060482379355735
229.0,0.09213880179001362
230.0,0.09432853651166061
231.0,0.09658567276450719
232.0,0.09844793336419053
233.0,0.09977083164899767
234.0,0.10068675562189637
235.0,0.10149883952192729
236.0,0.10249029234661958
237.0,0.10387005163345761
238.0,0.10574030122083963
239.0,0.10796487380638767
240.0,0.11022134012691195
241.0,0.11224887624312263
242.0,0.11400888590839975
243.0,0.11554062778697122
244.0,0.11692910111226154
245.0,0.11857228181025514
246.0,0.12093426625206838
247.0,0.12388348904204421
248.0,0.12665416801031873
249.0,0.12846508475075105
250.0,0.12893080401627377
251.0,0.12796379342499914
252.0,0.1257531125893179
253.0,0.12273070131422015
254.0,0.11923107803838653
255.0,0.11517592088086528
256.0,0.11044441257098836
257.0,0.10541147653847405
258.0,0.10054879886591872
259.0,0.09582708684705948
260.0,0.0910679383395408
261.0,0.08648130659040526
262.0,0.08252660464987813
263.0,0.07954906027790928
264.0,0.07758898967357233
265.0,0.07641299545536559
266.0,0.07572750134633333
267.0,0.07540410864726495
268.0,0.07548482889256482
269.0,0.07602064269266821
270.0,0.07680902142070409
271.0,0.0773815057748249
272.0,0.07728663979221685
273.0,0.07640544889844177
274.0,0.07506723812294377
275.0,0.07385437948587634
276.0,0.07325446937081748
277.0,0.0734103553928601
278.0,0.07417495687468013
279.0,0.0752700278139741
280.0,0.07646540404331166
281.0,0.07767924502449992
282.0,0.07893273302263207
283.0,0.08032281712376968
284.0,0.08197716296582647
285.0,0.08399683369159036
286.0,0.08642306029512188
287.0,0.08919701290584987
288.0,0.09218924800330727
289.0,0.0953598674490082
290.0,0.09882628744308766
291.0,0.10258352331264578
292.0,0.10635881590028731
293.0,0.10995521170395235
294.0,0.11345651067858326
295.0,0.11691790512236869
296.0,0.1201523604863976
297.0,0.12288211603709062
298.0,0.12492537313811644
299.0,0.12625011021727242
300.0,0.12695899169466784
301.0,0.12722551271205926
302.0,0.12717173234276583
303.0,0.12677334448771854
304.0,0.1260159439044532
305.0,0.12518477078549403
306.0,0.12462325563697385
307.0,0.12423509658924642
308.0,0.12380648494950441
309.0,0.12365720852869516
310.0,0.1244368204329998
311.0,0.1265217426502658
312.0,0.12990445050110327
313.0,0.13442554207911023
314.0,0.13981614643036427
315.0,0.14576393925443623
316.0,0.1520684088211914
317.0,0.1587644209019191
318.0,0.16630098842337718
319.0,0.17547263118143983
320.0,0.1873369935963065
321.0,0.2025247352987685
322.0,0.21961241674848958
323.0,0.23541025471959046
324.0,0.24756551377833041
325.0,0.2559509946471614
326.0,0.26126052800782423
327.0,0.2634674764114192
328.0,0.2613216526453961
329.0,0.253503813397468
330.0,0.2407407844012665
331.0,0.22542449523640257
332.0,0.20917532161339786
333.0,0.19225771618617024
334.0,0.17484256111760327
335.0,0.15757344917473887
336.0,0.14144059310178536
337.0,0.12736558917891547
338.0,0.11580362836994591
339.0,0.10648972584158363
340.0,0.098654715724043
341.0,0.09173582314190602
342.0,0.08588272855106485
343.0,0.081306011060498
344.0,0.07761754972067932
345.0,0.07438715807184366
346.0,0.0716655641719556
347.0,0.06958377508866181
348.0,0.06798612201272125
349.0,0.06663891080618957
350.0,0.06543777390460856
351.0,0.06437125675994192
352.0,0.06346002526131737
353.0,0.06273838297893053
354.0,0.062237878887682924
355.0,0.06200303552756534
356.0,0.06204994443882719
357.0,0.062288302470136725
358.0,0.06263388305431308
359.0,0.06321954530260107
360.0,0.06421883276463711
361.0,0.06549671798040947
362.0,0.06664276964570459
363.0,0.06727134764141278
364.0,0.06729580604355621
365.0,0.06697935853400316
366.0,0.0667501417180595
367.0,0.06691334597473542
368.0,0.06755339035320221
369.0,0.06860751703120327
370.0,0.06993055099453531
371.0,0.07139597695025064
372.0,0.07294325176807823
373.0,0.07457330847010422
374.0,0.07629524586956785
375.0,0.07808965925542802
376.0,0.07996542278444711
377.0,0.08197282875762284
378.0,0.08414537571211471
379.0,0.08640554839559587
380.0,0.08844442639351056
381.0,0.08995766111144483
382.0,0.09112760862059444
383.0,0.09255314754513663
384.0,0.09466773638191704
385.0,0.09754020443428188
386.0,0.1011734800013324
387.0,0.10560948107574696
388.0,0.11085869103053585
389.0,0.11690396318789213
390.0,0.12373764634020235
391.0,0.13136038213360984
392.0,0.1397650225604319
393.0,0.1491298759277953
394.0,0.1598989897530368
395.0,0.17203666540655618
396.0,0.18465195613271185
397.0,0.19764649993633424
398.0,0.21254518263428446
399.0,0.22963486813325576
400.0,0.2462540331698069
401.0,0.2592345254570039
402.0,0.2673733331024594
403.0,0.27104711398086495
404.0,0.2709350096548445
405.0,0.2670682025763521
406.0,0.2587732503680943
407.0,0.24590037683176674
408.0,0.22955673276235433
409.0,0.21180563951997378
410.0,0.19455715492762454
411.0,0.17846239172148243
412.0,0.1632136942417168
413.0,0.1490018215754027
414.0,0.13669726961505205
415.0,0.12695536155555195
416.0,0.11968901603193252
417.0,0.11415308391361284
418.0,0.10969116500416586
419.0,0.10645723585892354
420.0,0.10474082287402066
421.0,0.1040168044826586
422.0,0.10337396962679381
423.0,0.10232797375333198
424.0,0.10086694338390527
425.0,0.09913365374205843
426.0,0.09722222650936717
427.0,0.09506071095178192
428.0,0.09253641019440481
429.0,0.08968421817435604
430.0,0.0868407160530967
431.0,0.08452928842303815
432.0,0.08310590598604105
433.0,0.08255512363624885
434.0,0.08262769087430892
435.0,0.08308251001675036
436.0,0.08383396725308707
437.0,0.08491854175817733
438.0,0.08626043902272007
439.0,0.08781590087220013
440.0,0.08996586493030571
441.0,0.09308778382098284
442.0,0.09681685203098468
443.0,0.10029573202093028
444.0,0.10298085500463608
445.0,0.1048107731028495
446.0,0.10587589129247174
447.0,0.10622310151505028
448.0,0.10576627273847031
449.0,0.10436628936808927
450.0,0.1019893014783894
451.0,0.09895914785828328
452.0,0.09594434286742265
453.0,0.09353412549894655
454.0,0.09186226654327997
455.0,0.09062601084136426
456.0,0.08934006500900431
457.0,0.08744719822943996
458.0,0.08459808928528385
459.0,0.08101087929151396
460.0,0.07734999065902312
461.0,0.07416456898595608
462.0,0.07155396249165123
463.0,0.0693843201781025
464.0,0.06753946557928828
465.0,0.06603311681290246
466.0,0.06495111680664735
467.0,0.06426170452314002
468.0,0.06378987693409678
469.0,0.06334235627830057
470.0,0.06280515072135093
471.0,0.06216265309770129
472.0,0.06143677590573601
473.0,0.06059694833704676
474.0,0.05954175438236686
475.0,0.05815082478178163
476.0,0.05648049084150922
477.0,0.05485014356808912
478.0,0.0536782190025038
479.0,0.05322972018099065
480.0,0.05343261544314701
481.0,0.05395477039410004
482.0,0.054560523556791876
483.0,0.055313458836858065
484.0,0.056285032207081254
485.0,0.057337335205110335
486.0,0.05824609127076337
487.0,0.05886544194691094
488.0,0.05919912458600961
489.0,0.0593703332801777
490.0,0.059506395382305524
491.0,0.05966515065118455
492.0,0.059861866689953816
493.0,0.06014331676681371
494.0,0.06065477625135765
495.0,0.06162372827071286
496.0,0.06329025011196066
497.0,0.06563329245521342
498.0,0.0681972028630815
499.0,0.07024479718107755
500.0,0.07110841566496964
501.0,0.07072639647617268
502.0,0.06978540589382798
503.0,0.0691133654472808
504.0,0.0689846192027184
505.0,0.06924617454353454
506.0,0.06974397834815017
507.0,0.07036136828376617
508.0,0.07101517078214846
509.0,0.07168206978845527
510.0,0.07240045850990834
511.0,0.07327791831614593
512.0,0.07443420332267583
513.0,0.07591214476389704
514.0,0.07763869764334773
515.0,0.07946532001986112
516.0,0.08125211780803997
517.0,0.08292178323847559
518.0,0.08448471689983283
519.0,0.08600668761674957
520.0,0.08759446439898708
521.0,0.08941231927609974
522.0,0.09152941834313193
523.0,0.0937602506406702
524.0,0.09582194807839114
525.0,0.09761818003925782
526.0,0.09921695832829246
527.0,0.10065082428483614
528.0,0.10190182277425336
529.0,0.10296288851391726
530.0,0.10383386885718178
531.0,0.10450779228982726
532.0,0.10500558187899489
533.0,0.1053856422162386
534.0,0.10567105243215863
535.0,0.10580093549026051
536.0,0.10565796790198084
537.0,0.10513662048073033
538.0,0.10419224248714296
539.0,0.10285960327083307
540.0,0.1012405816480015
541.0,0.09943643691682899
542.0,0.09746941514165232
543.0,0.09530822470515175
544.0,0.09300321872159857
545.0,0.09066541738805414
546.0,0.08829752483357839
547.0,0.08582257668776026
548.0,0.08326475532514939
549.0,0.08073895806566608
550.0,0.0783030269186829
551.0,0.07595165479591756
552.0,0.07370228554119149
553.0,0.07158351878029827
554.0,0.06958865956604522
555.0,0.06770119660393105
556.0,0.06593515999750722
557.0,0.06430262490387378
558.0,0.06277899172370888
559.0,0.06134428107044385
560.0,0.06002620840329227
561.0,0.05889917281959989
562.0,0.05804926304227405
563.0,0.05753751918095612
564.0,0.057371765447125855
565.0,0.05749097571899166
566.0,0.057811904771083805
567.0,0.05832511983694513
568.0,0.059075527685713225
569.0,0.059991328996734844
570.0,0.06088993205733634
571.0,0.061687374116106405
572.0,0.06242340295507422
573.0,0.06308104341321993
574.0,0.06354916597108887
575.0,0.06372785263756327
576.0,0.06360898040061
577.0,0.06328581596220044
578.0,0.06283064840671805
579.0,0.06216028402854981
580.0,0.061175950348900235
581.0,0.05996882437781194
582.0,0.058812996204105655
583.0,0.058005818942499315
584.0,0.057660292322541634
585.0,0.05762039637088842
586.0,0.05752857321478877
587.0,0.057031539670608866
588.0,0.055957403587926405
589.0,0.054382904164512066
590.0,0.05259812435293143
591.0,0.05092569032993825
592.0,0.04954881311717754
593.0,0.048442147632340005
594.0,0.047475496208939386
595.0,0.04654818924563478
596.0,0.045617209180455684
597.0,0.044696385880769476
598.0,0.04382167753494248
599.0,0.04300217681382258
600.0,0.042191715000390304
601.0,0.04134374069135795
602.0,0.04050072485021909
603.0,0.039789677701722204
604.0,0.039342154915508604
605.0,0.03920101340265812
606.0,0.03928828955593047
607.0,0.039509933683771065
608.0,0.03988429538901413
609.0,0.040464219804643556
610.0,0.041203355741456435
611.0,0.041933655022334676
612.0,0.04244327865059022
613.0,0.042618115885246055
614.0,0.04253662431986664
615.0,0.04252619497345114
616.0,0.04302346629781721
617.0,0.044292078019320946
618.0,0.04621942185122212
619.0,0.04828792110396332
620.0,0.04984552299716674
621.0,0.0504530697795712
622.0,0.05012067996917094
623.0,0.04925458898705891
624.0,0.048364687773911036
625.0,0.0477811767380439
626.0,0.04752458388760755
627.0,0.04746504734179895
628.0,0.04739013669441147
629.0,0.04695182595185832
630.0,0.04595846854095073
631.0,0.044684107754460606
632.0,0.04371038500724411
633.0,0.043500668138073864
634.0,0.04412719461875281
635.0,0.045309827463930946
636.0,0.04659493121158312
637.0,0.047623087800864564
638.0,0.04831763923444246
639.0,0.04887152623110397
640.0,0.04961556465941852
641.0,0.050807565353033865
642.0,0.0525462078655875
643.0,0.054770044939447884
644.0,0.05724032831285024
645.0,0.05966631539724715
646.0,0.06189759405683146
647.0,0.06405037982995632
648.0,0.06649998651718914
649.0,0.06968497770032142
650.0,0.07389267683289655
651.0,0.07910783942138808
652.0,0.08503410378134116
653.0,0.09134991976639915
654.0,0.09801398689101441
655.0,0.10514810663463887
656.0,0.11260602285509363
657.0,0.12010508453728776
658.0,0.12768475761877096
659.0,0.13553481430287265
660.0,0.14354264501285985
661.0,0.15122900632344544
662.0,0.15800846744460384
663.0,0.16384330586223972
664.0,0.16952741149751469
665.0,0.17556504826832842
666.0,0.18129876839599185
667.0,0.18638955072459723
668.0,0.1920109772790909
669.0,0.19954898952913727
670.0,0.20935458151204445
671.0,0.2215334293123874
672.0,0.23658270896465658
673.0,0.2546588429453531
674.0,0.27537395001569265
675.0,0.298571085868822
676.0,0.324842282117368
677.0,0.3553655492898323
678.0,0.39125116562190576
679.0,0.4328599894165108
680.0,0.47988831105703567
681.0,0.532076147934089
682.0,0.5906009417397063
683.0,0.6593691943629927
684.0,0.7389320790744321
685.0,0.8194385780926567
686.0,0.8888445504532432
687.0,0.9460094231446263
688.0,0.9949473038094186
689.0,1.0318539750891327
690.0,1.0460242512033038
691.0,1.0280158733846205
692.0,0.9793214966810495
693.0,0.9138376352478474
694.0,0.8437838253490643
695.0,0.7684159556916867
696.0,0.6853040331674078
697.0,0.600997648294182
698.0,0.5240597649111362
699.0,0.4577207412940244
700.0,0.40089027031959623
701.0,0.3513830305902766
702.0,0.3081097643399562
703.0,0.27159642961754704
704.0,0.2415611216695161
705.0,0.21625056640064344
706.0,0.194311803394819
707.0,0.1754659068854425
708.0,0.1595247675160948
709.0,0.14605317391106376
710.0,0.13472266866677401
711.0,0.12538472352460361
712.0,0.11793674676384899
713.0,0.11208708683425252
714.0,0.10722316509342716
715.0,0.10275487463803998
716.0,0.09851369526039278
717.0,0.09462521846222602
718.0,0.09113844671659915
719.0,0.08803707837853059
720.0,0.08534310837842637
721.0,0.08304239152300599
722.0,0.08103432895472021
723.0,0.07922581997385765
724.0,0.0776061765629508
725.0,0.07618127996663802
726.0,0.07492444298730604
727.0,0.07384363488276327
728.0,0.07298731921214897
729.0,0.07234156934906943
730.0,0.07181653325958562
731.0,0.07136343328946293
732.0,0.07099802831003678
733.0,0.07069660162607135
734.0,0.07036745503725664
735.0,0.06991047601715221
736.0,0.0692943822312394
737.0,0.06859559898512324
738.0,0.06792062674289093
739.0,0.06728421634753577
740.0,0.06663452685782056
741.0,0.06596341044268837
742.0,0.06533843608096736
743.0,0.06486429908911694
744.0,0.06461032645224338
745.0,0.06456088769225961
746.0,0.06461021139890452
747.0,0.06462077304426604
748.0,0.06451291338046361
749.0,0.06431911646930821
750.0,0.064183241220454
751.0,0.0642793324473806
752.0,0.06472060642459951
753.0,0.06546617390918584
754.0,0.06619789184055117
755.0,0.06653903051661411
756.0,0.06664079852824122
757.0,0.067031343605674
758.0,0.06755792673688107
759.0,0.06752213051615459
760.0,0.06713508440326178
761.0,0.06737369921065806
762.0,0.06836275887694324
763.0,0.06927510038212434
764.0,0.06959460726591139
765.0,0.06946104587661911
766.0,0.06913839899167988
767.0,0.06875702057150795
768.0,0.06830616498382844
769.0,0.06773263907771875
770.0,0.06707879570476194
771.0,0.066491726218403
772.0,0.06613660757796139
773.0,0.0660513329532415
774.0,0.06608439318898816
775.0,0.06596266693158725
776.0,0.0654594350831536
777.0,0.06458478654830987
778.0,0.06360116646787296
779.0,0.06282302841998265
780.0,0.0623984799871931
781.0,0.06229082508051786
782.0,0.06236670385724484
783.0,0.0625009187781946
784.0,0.06265036678541619
785.0,0.0628089363349332
786.0,0.06299551278670153
787.0,0.06330115595108507
788.0,0.06382101792383582
789.0,0.0645325984778764
790.0,0.06527646634204531
791.0,0.06584495646538652
792.0,0.06610817302610335
793.0,0.06608002755059184
794.0,0.06585960033648007
795.0,0.06550278337541032
796.0,0.06499607234438681
797.0,0.06430981776687114
798.0,0.06355837779139417
799.0,0.0630586222217785
800.0,0.06293929360125024
801.0,0.06288344628377103
802.0,0.06259332916314539
803.0,0.062213937468576
804.0,0.062034197195065484
805.0,0.06210807707749974
806.0,0.06224620954938492
807.0,0.06222584922081404
808.0,0.062137158831319886
809.0,0.06234889187987725
810.0,0.06293355781075052
811.0,0.06351218593007814
812.0,0.0637632882248215
813.0,0.06370395126786661
814.0,0.06349426135271687
815.0,0.06323100110224514
816.0,0.06285908604796955
817.0,0.06228107801045454
818.0,0.06157749123501011
819.0,0.060961946779741025
820.0,0.06056151545155454
821.0,0.06036850765132219
822.0,0.06033747873640133
823.0,0.06049103600011402
824.0,0.06096457881149585
825.0,0.06179666985935866
826.0,0.06275399929292165
827.0,0.06345983922839729
828.0,0.06364539800158259
829.0,0.06332563645597931
830.0,0.06276777024274438
831.0,0.06226086707517898
832.0,0.06190092170774511
833.0,0.06164956703220751
834.0,0.06147098684871158
835.0,0.061407058270385624
836.0,0.06155698445143541
837.0,0.061930017495715216
838.0,0.062403234287755384
839.0,0.06283961774513283
840.0,0.06318170961893438
841.0,0.06344569605457526
842.0,0.06364841884079495
843.0,0.06371156262928153
844.0,0.06352280085710396
845.0,0.063082741400677
846.0,0.0625842318126818
847.0,0.06236730170746321
848.0,0.06269989032420614
849.0,0.06358969974914212
850.0,0.06475656082849474
851.0,0.06579995611481493
852.0,0.06642282192608932
853.0,0.06657006070199759
854.0,0.06644036733239339
855.0,0.06632990066431493
856.0,0.06646893760174219
857.0,0.06689545996883553
858.0,0.06738197277098681
859.0,0.06755083392790198
860.0,0.06708388596605802
861.0,0.06594011950914958
862.0,0.06448633854064668
863.0,0.06330737313552973
864.0,0.062825948025264
865.0,0.06304800881238751
866.0,0.06365493329481889
867.0,0.06426534698622324
868.0,0.06465067794355764
869.0,0.06480957419245431
870.0,0.06482169522709172
871.0,0.0647425571975174
872.0,0.06459312924119572
873.0,0.064385140460114
874.0,0.0641678711377429
875.0,0.06401095255017325
876.0,0.06395705667257337
877.0,0.06399093263424639
878.0,0.06404915387783722
879.0,0.06407773970034114
880.0,0.06408105970767447
881.0,0.06408061965810877
882.0,0.06405161531600712
883.0,0.06387970543695153
884.0,0.06340833627972822
885.0,0.062648357115308
886.0,0.061847940511707035
887.0,0.061284490306644304
888.0,0.06106003560407382
889.0,0.06111309876262452
890.0,0.061339447899382726
891.0,0.061734200004991524
892.0,0.062378536289228445
893.0,0.06321998566842024
894.0,0.06405183160427175
895.0,0.064725850460953
896.0,0.06524573373382907
897.0,0.06567811617882227
898.0,0.06605632331147193
899.0,0.06633174540120719
900.0,0.0664447628422726
901.0,0.06644243170169487
902.0,0.06643987004220844
903.0,0.06649961687289511
904.0,0.0666118485905165
905.0,0.06674917834526221
906.0,0.06698093574667476
907.0,0.06751475703196987
908.0,0.06846825596977577
909.0,0.06967492208416402
910.0,0.07068551489635642
911.0,0.07100242566824169
912.0,0.07047033325964863
913.0,0.06943708709171792
914.0,0.06856998956059135
915.0,0.06842709566197455
916.0,0.06911574371344233
917.0,0.07025401208074034
918.0,0.07125895843362384
919.0,0.07173299225189506
920.0,0.07159274476530637
921.0,0.07106615036450092
922.0,0.07057667147953721
923.0,0.07040228506874377
924.0,0.07036779613020676
925.0,0.07013972257504171
926.0,0.06986311187068289
927.0,0.06987803003879305
928.0,0.0699545132470483
929.0,0.0696231955034661
930.0,0.06896234670729037
931.0,0.06838758793965213
932.0,0.06802527604622635
933.0,0.06777867941685571
934.0,0.06764903867663406
935.0,0.067699251971143
936.0,0.06792637644522084
937.0,0.06819866259557408
938.0,0.06829565510412304
939.0,0.06805141253280256
940.0,0.06746622095536783
941.0,0.066703495127552
942.0,0.06597558234916345
943.0,0.0654182564187634
944.0,0.06503165887596396
945.0,0.06475570940329974
946.0,0.06454882069722204
947.0,0.06438523563287327
948.0,0.06426238607856079
949.0,0.06420914850102866
950.0,0.06427522571724417
951.0,0.06451619514806924
952.0,0.06493184302492325
953.0,0.06541256010619523
954.0,0.06583066821486537
955.0,0.0661824818685724
956.0,0.06648985114547243
957.0,0.0666174281257099
958.0,0.06651718389637759
959.0,0.06649781821508005
960.0,0.06686997007718631
961.0,0.06753085134551896
962.0,0.0681495032515987
963.0,0.06855484065922296
964.0,0.06891388368110427
965.0,0.06960678681455337
966.0,0.07070463741450941
967.0,0.07177906428362965
968.0,0.07253845138504068
969.0,0.0732212357042263
970.0,0.07416109532581276
971.0,0.07540590470600467
972.0,0.07681195871447656
973.0,0.07819455164981781
974.0,0.07938511233063847
975.0,0.08033141055064234
976.0,0.08115980269956546
977.0,0.08209889190528058
978.0,0.08333087312165414
979.0,0.08487633620264438
980.0,0.08660569757381259
981.0,0.08832491352006597
982.0,0.08988088780448877
983.0,0.09128208356596247
984.0,0.09271643865867225
985.0,0.09439387963641939
986.0,0.0963679707096605
987.0,0.09860661920759115
988.0,0.10114840702842609
989.0,0.10408329350448531
990.0,0.10747358191486717
991.0,0.11129001761950566
992.0,0.11542295322677482
993.0,0.11980763018114746
994.0,0.12447934919577697
995.0,0.12940566666350445
996.0,0.1344091955716758
997.0,0.1393173452143525
998.0,0.1440865641107755
999.0,0.1487786120729655
1000.0,0.15349001588788821
1001.0,0.15830184779269652
1002.0,0.1632388795944263
1003.0,0.16826785736328215
1004.0,0.17339958343933376
1005.0,0.1788411555856108
1006.0,0.1847094448463058
1007.0,0.1905854791874257
1008.0,0.19580774415220784
1009.0,0.2001283084640687
1010.0,0.20367536282456566
1011.0,0.20647700285287077
1012.0,0.2083210502724175
1013.0,0.2088810756918653
1014.0,0.20811443647283642
1015.0,0.20648065746869027
1016.0,0.20452381850937218
1017.0,0.20239735602458764
1018.0,0.2000359818361243
1019.0,0.19744468636992507
1020.0,0.19451521229753166
1021.0,0.19100323989557894
1022.0,0.18697793515874356
1023.0,0.18292056882053953
1024.0,0.1791482037611793
1025.0,0.17556493270515916
1026.0,0.1721504651699996
1027.0,0.1692142371868074
1028.0,0.16715792508263813
1029.0,0.1661605488781235
1030.0,0.166012699870835
1031.0,0.16622302585669702
1032.0,0.16630415037049956
1033.0,0.16611697327995537
1034.0,0.16598626139492906
1035.0,0.1664688301709393
1036.0,0.1679614060913487
1037.0,0.1704722890894496
1038.0,0.17370605814407897
1039.0,0.17734254307868752
1040.0,0.1813103170128169
1041.0,0.18569709771821197
1042.0,0.19050762466827723
1043.0,0.19559261884770512
1044.0,0.20073358215905385
1045.0,0.20595952016815539
1046.0,0.21163999169230782
1047.0,0.21799417720112801
1048.0,0.2248272745016876
1049.0,0.23207206196894048
1050.0,0.24011612874535065
1051.0,0.24944336982497234
1052.0,0.2602363928924841
1053.0,0.27227392512855786
1054.0,0.28513787877491037
1055.0,0.2986049878529944
1056.0,0.31272473348591634
1057.0,0.3274376402218797
1058.0,0.3427084961670366
1059.0,0.35909949757698767
1060.0,0.3770740623206744
1061.0,0.3957496094478984
1062.0,0.4138258307151047
1063.0,0.4314903080326674
1064.0,0.449378267651402
1065.0,0.4664410484465672
1066.0,0.4806900972939364
1067.0,0.4910908454693709
1068.0,0.4979761139356398
1069.0,0.5023359841755122
1070.0,0.5052031395131495
1071.0,0.5070898152008054
1072.0,0.5077101904126896
1073.0,0.5062170202789849
1074.0,0.501527034920115
1075.0,0.4929536192265076
1076.0,0.4810516946373815
1077.0,0.46734400640896945
1078.0,0.4526740572430571
1079.0,0.4366865733204002
1080.0,0.41953796618194583
1081.0,0.4024531546940133
1082.0,0.38633783454653114
1083.0,0.3711192491563059
1084.0,0.3563710816579748
1085.0,0.34174348790559184
1086.0,0.32690994996997985
1087.0,0.3118402702519988
1088.0,0.29707042845125264
1089.0,0.2833301880142907
1090.0,0.2709242158775874
1091.0,0.259698924186236
1092.0,0.24946020190000737
1093.0,0.24016808356568936
1094.0,0.23192822153852136
1095.0,0.2247304699399601
1096.0,0.21825395024879352
1097.0,0.21214645046405767
1098.0,0.20633842762427537
1099.0,0.2009385826912899
1100.0,0.19601397761093406
1101.0,0.19158311205244077
1102.0,0.18763356724961794
1103.0,0.18408888205054946
1104.0,0.1808397070047849
1105.0,0.17784884004998458
1106.0,0.17517053764765655
1107.0,0.17283234279737592
1108.0,0.17078232265262044
1109.0,0.16897004479078884
1110.0,0.1673635350673162
1111.0,0.16587774836416946
1112.0,0.16440300132387975
1113.0,0.1629009003326151
1114.0,0.16142471382790027
1115.0,0.160059161632689
1116.0,0.15884472844641462
1117.0,0.15773777385434137
1118.0,0.1567166848268141
1119.0,0.15590767364226765
1120.0,0.15533739466576885
1121.0,0.15469284202317105
1122.0,0.15379931002451563
1123.0,0.1530451173441853
1124.0,0.15269496816075268
1125.0,0.15229788711629633
1126.0,0.15145928267381914
1127.0,0.15051287345714823
1128.0,0.14992511907222833
1129.0,0.1496905960111234
1130.0,0.1495518854369481
1131.0,0.14932479965908324
1132.0,0.14893736279675174
1133.0,0.14841116301309432
1134.0,0.14780487698117123
1135.0,0.1471523346355556
1136.0,0.14645652382903862
1137.0,0.14571121239527662
1138.0,0.14494164845233332
1139.0,0.14419343353763678
1140.0,0.14348076675628896
1141.0,0.14276892102472438
1142.0,0.1420002867589093
1143.0,0.14111567204374115
1144.0,0.1400627622807926
1145.0,0.1388266985089629
1146.0,0.13744353269046838
1147.0,0.13596774359623126
1148.0,0.1344233383840866
1149.0,0.13272687410502088
1150.0,0.13068910204936596
1151.0,0.1282282264335732
1152.0,0.1255145151729835
1153.0,0.12284220215871791
1154.0,0.12041556058935823
1155.0,0.11827838272695737
1156.0,0.11634445893202358
1157.0,0.11445887979632617
1158.0,0.11250757381493412
1159.0,0.11048338607642694
1160.0,0.1084848164781405
1161.0,0.10665622430453438
1162.0,0.10508813684982038
1163.0,0.10375542483750126
1164.0,0.10254936423829995
1165.0,0.10138396570024973
1166.0,0.10025222140078963
1167.0,0.09918818544029051
1168.0,0.09823408514152647
1169.0,0.09742755044505293
1170.0,0.09676100455333052
1171.0,0.09615965198133582
1172.0,0.0955205478149052
1173.0,0.09477451679496161
1174.0,0.09393670505899596
1175.0,0.09310069117075975
1176.0,0.0924082362567566
1177.0,0.09198646766251067
1178.0,0.09182477305204992
1179.0,0.09174086620529151
1180.0,0.09146908216361102
1181.0,0.09082627505669162
1182.0,0.08988602422233169
1183.0,0.08896015361798104
1184.0,0.0883717249407555
1185.0,0.08822919431803289
1186.0,0.08839900596099252
1187.0,0.08866440658962557
1188.0,0.08898244410263925
1189.0,0.08945670294049224
1190.0,0.08993547352353916
1191.0,0.09007708190614619
1192.0,0.08988170755185126
1193.0,0.08968792006914553
1194.0,0.08967293705954317
1195.0,0.0896929387949263
1196.0,0.08950239679547783
1197.0,0.08904699781015
1198.0,0.08862785060959019
1199.0,0.08852546913905462
1200.0,0.08852791158494203
1201.0,0.08829452703848187
1202.0,0.08793668881946497
1203.0,0.0877862454388656
1204.0,0.08792370599158697
1205.0,0.08820632114936275
1206.0,0.08848330460268754
1207.0,0.08864423073078337
1208.0,0.08862842466357565
1209.0,0.08842602438160918
1210.0,0.08806080429635835
1211.0,0.08760216528950264
1212.0,0.08715257436631463
1213.0,0.08683541844715079
1214.0,0.08674382791815588
1215.0,0.08687639851603988
1216.0,0.0871268520817916
1217.0,0.0873254480992963
1218.0,0.0873364961560188
1219.0,0.08712817939365626
1220.0,0.08680187285815755
1221.0,0.0865580063571797
1222.0,0.08655724581947813
1223.0,0.08680124359817604
1224.0,0.0870885490490732
1225.0,0.08709194904738249
1226.0,0.08660206407905527
1227.0,0.08570704925527034
1228.0,0.08476940522619159
1229.0,0.0842100634423349
1230.0,0.08421168396311973
1231.0,0.0845871686528565
1232.0,0.084872809573255
1233.0,0.08462578836157036
1234.0,0.08376965546072272
1235.0,0.08267761057364034
1236.0,0.08191634473073647
1237.0,0.08183790017647412
1238.0,0.08232595271637252
1239.0,0.08289085159247543
1240.0,0.08306379052386481
1241.0,0.08272752519657312
1242.0,0.08206558395407115
1243.0,0.08133854445242447
1244.0,0.08066126288771713
1245.0,0.07997842886147613
1246.0,0.07929538817026194
1247.0,0.07872525887158272
1248.0,0.07833260992082397
1249.0,0.07810881099144418
1250.0,0.07806932401256314
1251.0,0.07817101231252077
1252.0,0.07817890423766326
1253.0,0.07796971426157932
1254.0,0.07786622504456536
1255.0,0.07813156846676156
1256.0,0.07838637450678872
1257.0,0.07820331519771526
1258.0,0.07783113705046288
1259.0,0.07775895682636677
1260.0,0.07805887602616508
1261.0,0.07842887414877169
1262.0,0.07851824943810316
1263.0,0.0781399860848761
1264.0,0.07737910379702556
1265.0,0.0765597357894503
1266.0,0.0760371398096718
1267.0,0.07596788773966372
1268.0,0.07627942411692437
1269.0,0.07694138279720161
1270.0,0.07803855417204507
1271.0,0.0795154140438856
1272.0,0.08108991297235124
1273.0,0.08238597806466041
1274.0,0.08316128507261596
1275.0,0.08345640891566417
1276.0,0.08349410573685317
1277.0,0.08341142802077993
1278.0,0.08322649458964669
1279.0,0.08299190294677099
1280.0,0.08281145259592165
1281.0,0.08277846318272547
1282.0,0.08290595126911213
1283.0,0.08310796625327808
1284.0,0.08324348051729738
1285.0,0.08319938656674089
1286.0,0.08297901202049583
1287.0,0.08271158466588673
1288.0,0.08258455116252761
1289.0,0.08272671837493611
1290.0,0.08310989696139903
1291.0,0.08354856472672179
1292.0,0.08375605664406452
1293.0,0.08353550436269552
1294.0,0.08303973021431557
1295.0,0.08274063125291513
1296.0,0.0831186714303334
1297.0,0.08427953474932895
1298.0,0.08576437406882159
1299.0,0.08685125835411069
1300.0,0.08711987525776062
1301.0,0.08671520534498256
1302.0,0.08610681697994876
1303.0,0.08571632377945211
1304.0,0.08566220375310186
1305.0,0.08580805658640273
1306.0,0.08605458489757846
1307.0,0.08640342770566474
1308.0,0.08686181976815302
1309.0,0.08737636101736222
1310.0,0.08781941669983206
1311.0,0.0880778681007571
1312.0,0.08814398065932301
1313.0,0.08814847540260906
1314.0,0.08828960054654014
1315.0,0.0886789211206694
1316.0,0.08923417266943653
1317.0,0.08965663813533675
1318.0,0.08960802221861311
1319.0,0.08904628049610247
1320.0,0.08832307895610396
1321.0,0.08792271069560302
1322.0,0.08811880711123869
1323.0,0.08883957917586258
1324.0,0.08976339485599208
1325.0,0.09057486789028828
1326.0,0.09115772926480516
1327.0,0.09154856638350799
1328.0,0.0918711046370537
1329.0,0.09228838786198307
1330.0,0.09287918782089097
1331.0,0.09355533829794627
1332.0,0.09413315860564145
1333.0,0.09448855903930276
1334.0,0.09460882471236279
1335.0,0.0945369520894803
1336.0,0.09431686169850095
1337.0,0.09395693314190122
1338.0,0.09353919186290137
1339.0,0.09328792457343899
1340.0,0.09337853385007626
1341.0,0.09376648594998756
1342.0,0.09423620946233985
1343.0,0.09457272870856676
1344.0,0.09469298987650315
1345.0,0.09467856452868287
1346.0,0.09467548951453111
1347.0,0.09477162035012654
1348.0,0.09497335170134051
1349.0,0.09529005119084669
1350.0,0.0959314165989957
1351.0,0.09718215260921055
1352.0,0.09899640169874017
1353.0,0.10080273420936535
1354.0,0.10161038085904832
1355.0,0.10072774003254537
1356.0,0.09849316590964614
1357.0,0.096145939910109
1358.0,0.09500203942031192
1359.0,0.09554030762583865
1360.0,0.09711519771824258
1361.0,0.0985153126826643
1362.0,0.0989186056997926
1363.0,0.09833113895370044
1364.0,0.09734386826753033
1365.0,0.09661891955848416
1366.0,0.09639263819472985
1367.0,0.09656674271677032
1368.0,0.09705090502896466
1369.0,0.09785920539418835
1370.0,0.09905370869533528
1371.0,0.10041511588221894
1372.0,0.10139480611611609
1373.0,0.10159052844259236
1374.0,0.10108914549134078
1375.0,0.1003482257492331
1376.0,0.09983866968597238
1377.0,0.09974674983989365
1378.0,0.09992793485097856
1379.0,0.1001986267424349
1380.0,0.1005096213676141
1381.0,0.10084229564561249
1382.0,0.10119169511980534
1383.0,0.1016262890217234
1384.0,0.10221409920783477
1385.0,0.10290524926342576
1386.0,0.10350184274263352
1387.0,0.10372919785299366
1388.0,0.10346963614735048
1389.0,0.10291885354248234
1390.0,0.10239101109494965
1391.0,0.10201573663070229
1392.0,0.10176112038913611
1393.0,0.10160869552854458
1394.0,0.10163425902277493
1395.0,0.10198113085501125
1396.0,0.1026201571878235
1397.0,0.10325326434007519
1398.0,0.10356993870989445
1399.0,0.10349904944985919
1400.0,0.10319516235547477
1401.0,0.10288347165555836
1402.0,0.10270835019962762
1403.0,0.10268402263731201
1404.0,0.10284274422307813
1405.0,0.10327161753875322
1406.0,0.10397694661025236
1407.0,0.10482040802428227
1408.0,0.10556102238065086
1409.0,0.10600834360800937
1410.0,0.10615938720224477
1411.0,0.10621821011887916
1412.0,0.10648363718175813
1413.0,0.10711958382261964
1414.0,0.10800767995254149
1415.0,0.10885057716463911
1416.0,0.10941772143577491
1417.0,0.10965826713004909
1418.0,0.1096539613962117
1419.0,0.10946353261251585
1420.0,0.10900698882569423
1421.0,0.10829749167440945
1422.0,0.1076180109540019
1423.0,0.10733961546704987
1424.0,0.1076508679568617
1425.0,0.10839568802683616
1426.0,0.1091741643171359
1427.0,0.10966927823309286
1428.0,0.10986497189548947
1429.0,0.10989938382840528
1430.0,0.10987451080349694
1431.0,0.10981776030532872
1432.0,0.10970721805700073
1433.0,0.10956355312752133
1434.0,0.1094602789695288
1435.0,0.10943618698991193
1436.0,0.1094831436214589
1437.0,0.10961134052361667
1438.0,0.10985187135149405
1439.0,0.11021567132050931
1440.0,0.1106369695301856
1441.0,0.11095205156901586
1442.0,0.11105223113210244
1443.0,0.11103335198345413
1444.0,0.11116723722688862
1445.0,0.11173511563336921
1446.0,0.11275357920319279
1447.0,0.11388936326696772
1448.0,0.11480424686988555
1449.0,0.11547294953122694
1450.0,0.115895086507482
1451.0,0.11588257671666355
1452.0,0.11556883062141846
1453.0,0.11553133354755896
1454.0,0.11599159723390384
1455.0,0.11649288057534736
1456.0,0.11665175721263951
1457.0,0.11661601853554455
1458.0,0.11668602444883153
1459.0,0.11694591841915966
1460.0,0.11719797892937475
1461.0,0.11716641452280536
1462.0,0.11685026014838705
1463.0,0.11650364045659525
1464.0,0.116264328188138
1465.0,0.11615264565493741
1466.0,0.11635909929988152
1467.0,0.11708387496705551
1468.0,0.11821639557012402
1469.0,0.11928729005375517
1470.0,0.11968880547348891
1471.0,0.11918816299429405
1472.0,0.11821167188282924
1473.0,0.11752477552631091
1474.0,0.11765135050735351
1475.0,0.1185427360351971
1476.0,0.11966768851430083
1477.0,0.12039840520845702
1478.0,0.12045894079812045
1479.0,0.1200745813120682
1480.0,0.11976237005017382
1481.0,0.11994182989090106
1482.0,0.12062617537746156
1483.0,0.12146304354387381
1484.0,0.12203278553506709
1485.0,0.12217711269981167
1486.0,0.12204988032568521
1487.0,0.12178367793287075
1488.0,0.12136219395624788
1489.0,0.1208080456285135
1490.0,0.12029385570854387
1491.0,0.1201288750990937
1492.0,0.12052557134749978
1493.0,0.12135700749056148
1494.0,0.1222786437835452
1495.0,0.12306247467476691
1496.0,0.12368168904784935
1497.0,0.1241822343634373
1498.0,0.12460454682719176
1499.0,0.12494229455253054
1500.0,0.1251810507206484
1501.0,0.12535223316483157
1502.0,0.1255320746050022
1503.0,0.12579036671858265
1504.0,0.12605547682955476
1505.0,0.12609889928782125
1506.0,0.12572257081393207
1507.0,0.12497909937025366
1508.0,0.1243678695049414
1509.0,0.12458055908161134
1510.0,0.12583346308444376
1511.0,0.12759956536451902
1512.0,0.12898937480605865
1513.0,0.1293857958576486
1514.0,0.12882321116985057
1515.0,0.12791994670542373
1516.0,0.12740793552743437
1517.0,0.12762544037469042
1518.0,0.1283779591098927
1519.0,0.129108119278051
1520.0,0.12926855792963485
1521.0,0.12874188705327175
1522.0,0.127956276421141
1523.0,0.12751067506199062
1524.0,0.12765497134539464
1525.0,0.1282295484557865
1526.0,0.12895768609188918
1527.0,0.12966287520780295
1528.0,0.1303669973844765
1529.0,0.13115560137726218
1530.0,0.13200293831186127
1531.0,0.13281258502070037
1532.0,0.13350424645171827
1533.0,0.1340075084616772
1534.0,0.1342643952162908
1535.0,0.13428367292170879
1536.0,0.1341243361941233
1537.0,0.13377059846164066
1538.0,0.13317598544507347
1539.0,0.13253708366107686
1540.0,0.13229257432465474
1541.0,0.13284197126855668
1542.0,0.134217105260659
1543.0,0.13594308916315423
1544.0,0.1373421399761624
1545.0,0.1380334262889367
1546.0,0.13807010214298426
1547.0,0.13764331928065965
1548.0,0.1369261019934277
1549.0,0.1360543504098245
1550.0,0.13526451536997822
1551.0,0.135015456588579
1552.0,0.13560214696852635
1553.0,0.13680064658152763
1554.0,0.13804159378955025
1555.0,0.13884975313810796
1556.0,0.13911508808434797
1557.0,0.13906679633184682
1558.0,0.13888426719191407
1559.0,0.13844769944592283
1560.0,0.13781690299700722
1561.0,0.1374374838323478
1562.0,0.13753640105130338
1563.0,0.1378214163277098
1564.0,0.13792712032903043
1565.0,0.1378241876502669
1566.0,0.13783479063642465
1567.0,0.13828433267456852
1568.0,0.13896737072335397
1569.0,0.13934107475984114
1570.0,0.13935133209014122
1571.0,0.13947558296152524
1572.0,0.14001839054298676
1573.0,0.14088978679435699
1574.0,0.14190826280292154
1575.0,0.14285444470438938
1576.0,0.14339360143641794
1577.0,0.1433569242293057
1578.0,0.14299245632028973
1579.0,0.1427857699018594
1580.0,0.14308340628965954
1581.0,0.14386319632347122
1582.0,0.144790531736083
1583.0,0.14556994148856112
1584.0,0.14622168514044248
1585.0,0.14678387533929893
1586.0,0.1470465342338555
1587.0,0.14678264298926452
1588.0,0.14601630999652396
1589.0,0.14513125153479112
1590.0,0.1446593642921596
1591.0,0.14484206341417727
1592.0,0.14543391543746118
1593.0,0.14592856670538185
1594.0,0.14596433369529227
1595.0,0.14558781651288655
1596.0,0.14520242382520865
1597.0,0.1452150169081521
1598.0,0.14594949740945468
1599.0,0.14730783425832272
