0.0,0.0
1.0,0.0
2.0,0.0
3.0,0.0
4.0,0.0
5.0,0.0
6.0,0.0
7.0,0.0
8.0,0.0
9.0,0.0
10.0,0.0
11.0,0.0
12.0,0.0
13.0,0.0
14.0,0.0
15.0,0.0
16.0,0.0
17.0,0.0
18.0,0.0
19.0,0.0
20.0,0.0
21.0,0.0
22.0,0.0
23.0,0.0
24.0,0.0
25.0,0.0
26.0,0.0
27.0,0.0
28.0,0.0
29.0,0.0
30.0,0.0
31.0,0.0
32.0,0.0
33.0,0.0
34.0,0.0
35.0,0.0
36.0,0.0
37.0,0.0
38.0,0.0
39.0,0.0
40.0,0.0
41.0,0.0
42.0,0.0
43.0,0.0
44.0,0.0
45.0,0.0
46.0,0.0
47.0,0.0
48.0,0.0
49.0,0.0
50.0,0.0
51.0,0.0
52.0,0.0
53.0,0.0
54.0,0.0
55.0,0.0
56.0,0.0
57.0,0.0
58.0,0.0
59.0,0.0
60.0,0.0
61.0,0.0
62.0,0.0
63.0,0.0
64.0,0.0
65.0,0.0
66.0,0.0
67.0,0.0
68.0,0.0
69.0,0.0
70.0,0.0
71.0,0.0
72.0,0.0
73.0,0.0
74.0,0.0
75.0,0.0
76.0,0.0
77.0,0.0
78.0,0.0
79.0,0.0
80.0,0.0
81.0,0.0
82.0,0.0
83.0,0.038125878058610396
84.0,0.04125242987892054
85.0,0.045046312467132185
86.0,0.04962092272402207
87.0,0.05455273136483982
88.0,0.05963458356241066
89.0,0.064942344615846
90.0,0.07042407633225004
91.0,0.07529181860117255
92.0,0.07879982102591407
93.0,0.0814342897482952
94.0,0.08411098361061847
95.0,0.08666703245909074
96.0,0.08842694359907581
97.0,0.08946154469073439
98.0,0.09019649060204021
99.0,0.0906065809218797
100.0,0.09053613485744352
101.0,0.09016890646977929
102.0,0.08984147839632992
103.0,0.08974637136213057
104.0,0.08993007907489367
105.0,0.09035009424680557
106.0,0.09082748576872063
107.0,0.09110098762616495
108.0,0.09093279378149485
109.0,0.09025533437250671
110.0,0.08928447747786306
111.0,0.08841210290120603
112.0,0.0879631058714502
113.0,0.08802093261979066
114.0,0.08846998725342278
115.0,0.08912916497106596
116.0,0.0898859858076318
117.0,0.09072915603055423
118.0,0.09166122294650655
119.0,0.09265363403961879
120.0,0.0936511698907994
121.0,0.0945899393855715
122.0,0.09542099175782214
123.0,0.09616219305922494
124.0,0.0969086548913555
125.0,0.09769397914485681
126.0,0.0983957921329389
127.0,0.09893608188304236
128.0,0.09946349276599491
129.0,0.10028373426392842
130.0,0.10166846912434152
131.0,0.10371469694145381
132.0,0.10629156892916261
133.0,0.10903802701552232
134.0,0.11153731248068982
135.0,0.11354327969066044
136.0,0.11507108612132716
137.0,0.11624001378282477
138.0,0.11719988833365563
139.0,0.11829341991272915
140.0,0.11982665144093524
141.0,0.12161071735090087
142.0,0.12304712156471095
143.0,0.12365663241568317
144.0,0.12332386046132249
145.0,0.1221291771744119
146.0,0.12022389391404315
147.0,0.11774925504639192
148.0,0.11474675555050431
149.0,0.11114690774663596
150.0,0.1070136156526468
151.0,0.10272642320704864
152.0,0.09861444436965783
153.0,0.0946022003160138
154.0,0.09056074115851359
155.0,0.08670779807130528
156.0,0.08343530331638219
157.0,0.08099864186612868
158.0,0.0794064440049007
159.0,0.07846872564509597
160.0,0.07792006236143784
161.0,0.07757573012236871
162.0,0.07736516932180446
163.0,0.07729054821952312
164.0,0.07733939543431709
165.0,0.07743841892909348
166.0,0.07749626365159809
167.0,0.0774720378397969
168.0,0.07742497561571621
169.0,0.07745707862432819
170.0,0.07759405082469806
171.0,0.07779147195577424
172.0,0.07803886299959177
173.0,0.07840609663672646
174.0,0.07901652920267677
175.0,0.07996634721404827
176.0,0.08125881352366747
177.0,0.08277655702532552
178.0,0.08433158140477011
179.0,0.08576227383529923
180.0,0.08700682181657815
181.0,0.08808656807019047
182.0,0.08904226657737353
183.0,0.0899574010001149
184.0,0.0909402828385114
185.0,0.0920076453552342
186.0,0.09303874306094073
187.0,0.09385918243974863
188.0,0.0943529808248687
189.0,0.0944933530632715
190.0,0.09433264785212352
191.0,0.09397440646885417
192.0,0.09350459976727699
193.0,0.09293469199244946
194.0,0.09223439392080306
195.0,0.09144306877485174
196.0,0.09063235164397061
197.0,0.08975488305765021
198.0,0.08871515951765749
199.0,0.08756107092810438
200.0,0.08648502781315227
201.0,0.08568149128455377
202.0,0.08522522660279219
203.0,0.08504648011585778
204.0,0.08498065957350284
205.0,0.08487322785565564
206.0,0.08462439497395036
207.0,0.08418820219036778
208.0,0.08360404546695126
209.0,0.08297911595801843
210.0,0.08243668644420853
211.0,0.08204874582532963
212.0,0.08178672845300727
213.0,0.0815478146408072
214.0,0.0812484353504748
215.0,0.08088417264862695
216.0,0.08047893213495952
217.0,0.08003203329425444
218.0,0.07951596295678195
219.0,0.07889477821351726
220.0,0.07814997339001374
221.0,0.07730617004518318
222.0,0.07643538214152769
223.0,0.07564447408171296
224.0,0.07506113530023316
225.0,0.07473466746365315
226.0,0.07455014780434469
227.0,0.07431301104623166
228.0,0.07391185021663703
229.0,0.07336452230866333
230.0,0.07274762101111931
231.0,0.07211798618853649
232.0,0.07146315067765138
233.0,0.07075664354624202
234.0,0.07003185435809894
235.0,0.06937149677996955
236.0,0.06885987275992399
237.0,0.06856590114246582
238.0,0.0685261620016182
239.0,0.06869412766479069
240.0,0.06896232868613891
241.0,0.06928065329916656
242.0,0.06969278935574051
243.0,0.07020147596564988
244.0,0.07071438166845405
245.0,0.07115269131559371
246.0,0.07150648133101346
247.0,0.07177774987973445
248.0,0.0719653092063622
249.0,0.07210502013746552
250.0,0.07225236467024204
251.0,0.07243319322378095
252.0,0.07259459804091342
253.0,0.07259957543548903
254.0,0.07226936147099929
255.0,0.07144205660453176
256.0,0.07012841247101026
257.0,0.06858089830383919
258.0,0.0670970721279533
259.0,0.06577828717336762
260.0,0.06457821049084564
261.0,0.06346925111730514
262.0,0.06239568462162693
263.0,0.06123856856082132
264.0,0.059948941257011036
265.0,0.05863131583608683
266.0,0.05746804553710222
267.0,0.05660205210440719
268.0,0.056112383840978386
269.0,0.05600869849619914
270.0,0.056213405259222686
271.0,0.056628620710386046
272.0,0.05725971721250859
273.0,0.05818119029867567
274.0,0.05934411644206201
275.0,0.06048761800602034
276.0,0.06119740555055696
277.0,0.06122049006955324
278.0,0.06077606891070739
279.0,0.060409797529848985
280.0,0.060545042255008535
281.0,0.061297469100239345
282.0,0.06261311617765782
283.0,0.06435761070942211
284.0,0.06639617822701824
285.0,0.06866606646165678
286.0,0.07118371866860371
287.0,0.0739287313919141
288.0,0.07675581770554374
289.0,0.07954050033746048
290.0,0.08230442628968304
291.0,0.08507167549252322
292.0,0.08775009641141507
293.0,0.09027636338617856
294.0,0.09270489696174453
295.0,0.09508060213239675
296.0,0.09732121816759746
297.0,0.09920113718628966
298.0,0.10047739049742682
299.0,0.10107806492993701
300.0,0.10119702164544547
301.0,0.1012361555142153
302.0,0.10157113427749308
303.0,0.10231636008123869
304.0,0.10340422579779451
305.0,0.10492836770220845
306.0,0.10699883269308419
307.0,0.109319142989359
308.0,0.11166318841786207
309.0,0.11459527258527741
310.0,0.1188810028934926
311.0,0.12450697602166136
312.0,0.13108895994683714
313.0,0.13875232315361835
314.0,0.14824382918601095
315.0,0.1604990352352123
316.0,0.17595389178063353
317.0,0.1942219528779462
318.0,0.2144884792772478
319.0,0.23626222409050743
320.0,0.26017060707531736
321.0,0.28721543513194503
322.0,0.3155826451679231
323.0,0.34006944118698956
324.0,0.3552815949449498
325.0,0.3590486928699641
326.0,0.3535321119688084
327.0,0.34242379872617745
328.0,0.3257494826373689
329.0,0.30062067144743065
330.0,0.26779678573695
331.0,0.23244055460189986
332.0,0.1991447114157911
333.0,0.1696773501536848
334.0,0.14429317258995375
335.0,0.12255746323885756
336.0,0.10392652474799827
337.0,0.0882551023585092
338.0,0.07586124659618662
339.0,0.06668724830312231
340.0,0.05962389272671023
341.0,0.05360161550525513
342.0,0.04872273388629302
343.0,0.04532905011641527
344.0,0.04292808948753567
345.0,0.04094550678306312
346.0,0.0394573267485253
347.0,0.038648680679938326
348.0,0.03831126783361777
349.0,0.03810502619809457
350.0,0.037849066454973726
351.0,0.03752049439277418
352.0,0.03719118052275039
353.0,0.036975093930043876
354.0,0.03695869577447519
355.0,0.03718533965577649
356.0,0.03765027911795493
357.0,0.038306635451251465
358.0,0.03915854193716458
359.0,0.040372901419492666
360.0,0.042089532047191694
361.0,0.044131625239785775
362.0,0.046157767990460556
363.0,0.04803113792726585
364.0,0.04982173850452556
365.0,0.051580374106251645
366.0,0.053281638506706204
367.0,0.05486581633177723
368.0,0.05630654699586954
369.0,0.05765271103119578
370.0,0.058984916700696007
371.0,0.06034655870952052
372.0,0.06170796478989066
373.0,0.06301157174913417
374.0,0.06434697624608923
375.0,0.06598850585610821
376.0,0.0681879969637396
377.0,0.07101506536028135
378.0,0.07443588415943603
379.0,0.07834125258559457
380.0,0.08238325716018108
381.0,0.08622619217842377
382.0,0.09010241465728498
383.0,0.0946925348026253
384.0,0.10040181697277921
385.0,0.10719253707918157
386.0,0.11503484682428228
387.0,0.12417230416499415
388.0,0.13508674806403353
389.0,0.14827945418513713
390.0,0.16404581022492265
391.0,0.18185358567774612
392.0,0.20013866000195857
393.0,0.2182528475194251
394.0,0.23791449808231743
395.0,0.2596137717664767
396.0,0.2796061969070198
397.0,0.29322704514049414
398.0,0.29898345895078426
399.0,0.2983037421333947
400.0,0.2931436979596755
401.0,0.28373264823582683
402.0,0.2683438991763537
403.0,0.2468383544873936
404.0,0.222157904418165
405.0,0.19733924165309635
406.0,0.17340880151765786
407.0,0.15047475099983837
408.0,0.12881259301677753
409.0,0.1090262811252513
410.0,0.0919468526061102
411.0,0.07830100012277268
412.0,0.06812877709488574
413.0,0.06042053924849301
414.0,0.05389123218066246
415.0,0.048172268122200754
416.0,0.043571320949588065
417.0,0.03995264712412207
418.0,0.036882916140387655
419.0,0.034326498946838715
420.0,0.03242916969959633
421.0,0.031035387235538336
422.0,0.029818932419274774
423.0,0.028593376098257545
424.0,0.027338497890573327
425.0,0.026100241046753105
426.0,0.024942262497200024
427.0,0.02389938621098924
428.0,0.022980128852196913
429.0,0.022190258537488537
430.0,0.02156009107390581
431.0,0.02114672082922576
432.0,0.02100403325725545
433.0,0.02113935933389198
434.0,0.021480156382910107
435.0,0.02190326554468272
436.0,0.022301450073006324
437.0,0.02264530111910021
438.0,0.022986487308685334
439.0,0.02344499728034618
440.0,0.02419024461251916
441.0,0.025307995948086026
442.0,0.026681708352746837
443.0,0.028132013145061557
444.0,0.029652809730319626
445.0,0.03132046869349151
446.0,0.03307241991772297
447.0,0.034724975194812845
448.0,0.03611101531215574
449.0,0.03714368048862263
450.0,0.037808523009638315
451.0,0.038094517891551785
452.0,0.037928201104922316
453.0,0.03718373955092004
454.0,0.03576734221846956
455.0,0.03380747479629079
456.0,0.03164459110250549
457.0,0.02952585184114364
458.0,0.027447024821665375
459.0,0.025382698351927413
460.0,0.023412123697740587
461.0,0.021559738694066542
462.0,0.01976341707162054
463.0,0.018007565050472706
464.0,0.01639226715597425
465.0,0.015096314743094585
466.0,0.014252224339623282
467.0,0.013835950823758186
468.0,0.013659106827643347
469.0,0.013471208102301319
470.0,0.013095560544492194
471.0,0.012497921951643995
472.0,0.01177454332924896
473.0,0.011055588113189366
474.0,0.010429377763132242
475.0,0.009913956018435727
476.0,0.009486706151432614
477.0,0.009146388335090627
478.0,0.008972641033492643
479.0,0.009104533558707106
480.0,0.009546645769747425
481.0,0.010085726404704884
482.0,0.010466121788801241
483.0,0.01058105269234745
484.0,0.010483286411154175
485.0,0.01030116512906079
486.0,0.01014557607199118
487.0,0.010047431426367603
488.0,0.009997030133396576
489.0,0.00998087947249296
490.0,0.009981231984730651
491.0,0.009977822824037724
492.0,0.009938766994059184
493.0,0.009885739710668986
494.0,0.009983853533794343
495.0,0.010356579236793742
496.0,0.010822676151114416
497.0,0.011084665443217706
498.0,0.01110462453243144
499.0,0.01110947302105278
500.0,0.011342080699440885
501.0,0.011847472493806716
502.0,0.012422362341585724
503.0,0.01282512168443542
504.0,0.013020642855237088
505.0,0.0132052924456013
506.0,0.013645770420299755
507.0,0.014422991469436638
508.0,0.015343892171354123
509.0,0.016213302815859865
510.0,0.0170439079712702
511.0,0.017891859019463406
512.0,0.01872989234026226
513.0,0.01953887825344411
514.0,0.020363949934213206
515.0,0.02127955497473867
516.0,0.022346088423756558
517.0,0.023594826475636203
518.0,0.025018449770556783
519.0,0.02656806908322936
520.0,0.028254638337598073
521.0,0.03027999935459942
522.0,0.03278563313826723
523.0,0.035489678531204445
524.0,0.037954788989864534
525.0,0.04011488722821031
526.0,0.04212420233038484
527.0,0.04391050568359425
528.0,0.04526327051264233
529.0,0.046107694958061746
530.0,0.046494573163327155
531.0,0.04646721972117318
532.0,0.04594664450319856
533.0,0.04473529935018337
534.0,0.04276163935654068
535.0,0.04021936519508155
536.0,0.037394708881899566
537.0,0.0344601739840329
538.0,0.03147204034872314
539.0,0.028445617185808875
540.0,0.02545058325249517
541.0,0.022628361990669532
542.0,0.020090402928655854
543.0,0.017849310293577184
544.0,0.01583931644246872
545.0,0.013963131347335983
546.0,0.01212520283876703
547.0,0.010293449223051698
548.0,0.008530697414139157
549.0,0.006967386196211955
550.0,0.005737292464510491
551.0,0.004876094611931531
552.0,0.0042783856081094335
553.0,0.0037797118161730925
554.0,0.0032846449599637922
555.0,0.002784911839158369
556.0,0.0023004323095757173
557.0,0.00185642375963109
558.0,0.0014684925166389695
559.0,0.001137645933171158
560.0,0.0008574000189416064
561.0,0.000628960447410315
562.0,0.00046878578167294793
563.0,0.0003996453913557574
564.0,0.0004233523487703478
565.0,0.0004660847018451847
566.0,0.0004170618098274653
567.0,0.0002808565154385906
568.0,0.00018987226059230533
569.0,0.0002290717101363915
570.0,0.0003442136596080725
571.0,0.00041097430037451144
572.0,0.00036766425334516795
573.0,0.00032477408505679484
574.0,0.00043811673854979305
575.0,0.0006540834239585486
576.0,0.0007836403155113969
577.0,0.0007851077521272287
578.0,0.0007413871557275103
579.0,0.0006543417611531432
580.0,0.00047934628096200915
581.0,0.0002536672867983203
582.0,7.19293771949403e-05
583.0,0.0
584.0,4.544151377244843e-05
585.0,0.0001754252647717114
586.0,0.00035285540312311736
587.0,0.0005699004167421112
588.0,0.000837553451163417
589.0,0.0011581464769461758
590.0,0.0014997937746379503
591.0,0.0018005672658911592
592.0,0.002006629324190032
593.0,0.0021112096140330494
594.0,0.0021695122028398545
595.0,0.0022694866302898076
596.0,0.0024850620265262496
597.0,0.002827761046095695
598.0,0.0032349697466044353
599.0,0.003599064362327445
600.0,0.0038088429405706836
601.0,0.0038305826891931183
602.0,0.0037598684439716507
603.0,0.003727888801843951
604.0,0.0037507563950005124
605.0,0.0037786141078349905
606.0,0.00384776772844439
607.0,0.0040714682292538745
608.0,0.004542390128351115
609.0,0.005288545324781971
610.0,0.00628281213409812
611.0,0.007447776661035493
612.0,0.0086895764998461
613.0,0.00995099538233346
614.0,0.011247110420764123
615.0,0.012693296742577409
616.0,0.014453441323844518
617.0,0.016616278119146163
618.0,0.019134353260303827
619.0,0.021895125221659345
620.0,0.02483118523264473
621.0,0.027997237834750964
622.0,0.031428169765599756
623.0,0.034791451120341266
624.0,0.037441817575094835
625.0,0.03885104736245745
626.0,0.0389491983693903
627.0,0.038133475468033515
628.0,0.03681591904754393
629.0,0.03484481928672212
630.0,0.031897002225766476
631.0,0.028354365641759444
632.0,0.025022714083093145
633.0,0.02225790724390868
634.0,0.01994318315240553
635.0,0.017979275057896954
636.0,0.01638573274928505
637.0,0.015219796014176418
638.0,0.014517311176431014
639.0,0.014250656618066446
640.0,0.014301780865528205
641.0,0.014509898302940319
642.0,0.014812858466177373
643.0,0.015316403091881564
644.0,0.01621264602221223
645.0,0.017648445997596608
646.0,0.019673474022565467
647.0,0.02225854300116338
648.0,0.02537603989023371
649.0,0.02905511768372527
650.0,0.03335854236884276
651.0,0.03829882682704694
652.0,0.04373256530837307
653.0,0.04947997608253666
654.0,0.05559778870713096
655.0,0.062219412159693996
656.0,0.06912596107158124
657.0,0.07590499793256399
658.0,0.08244608979154465
659.0,0.08891611615196503
660.0,0.09540369846241864
661.0,0.10156615816757214
662.0,0.10658629217591041
663.0,0.11023542788988289
664.0,0.11362590331317485
665.0,0.11783302164639503
666.0,0.12254266298311459
667.0,0.1274230801884233
668.0,0.1334501029476552
669.0,0.14172875433536664
670.0,0.15241098920710558
671.0,0.16555403082974782
672.0,0.18173321874156165
673.0,0.20124341673590265
674.0,0.22377398944728152
675.0,0.2490548509655947
676.0,0.27759957947774627
677.0,0.31111693484835734
678.0,0.3516722148325092
679.0,0.40022423001167184
680.0,0.45574136109210606
681.0,0.5154197528888259
682.0,0.5775681195924
683.0,0.6450997949376629
684.0,0.7191890205739916
685.0,0.7901836574668144
686.0,0.843498614058249
687.0,0.8720372418620822
688.0,0.8783530447911152
689.0,0.8682074882133572
690.0,0.8429395267526619
691.0,0.7961511883729241
692.0,0.7260942226215147
693.0,0.6451668953639557
694.0,0.5672015314341352
695.0,0.4943004109664414
696.0,0.4237794166777842
697.0,0.357323437429494
698.0,0.298782462101286
699.0,0.25048793646164136
700.0,0.21176046855472141
701.0,0.17978199613209764
702.0,0.1525787941342055
703.0,0.13024010468263225
704.0,0.11254279102532544
705.0,0.09804892346250715
706.0,0.08560797370969357
707.0,0.07493131259046863
708.0,0.06588665795142772
709.0,0.058196030930086046
710.0,0.05160920527514477
711.0,0.04597535973768551
712.0,0.04122696383371298
713.0,0.03726262714694902
714.0,0.03383640220434621
715.0,0.030698648351304786
716.0,0.027786072419002675
717.0,0.025156572890727313
718.0,0.022818299601479256
719.0,0.02074571493692927
720.0,0.01894047262020388
721.0,0.017401520524520736
722.0,0.016099020105533157
723.0,0.015026671145858483
724.0,0.014215861457957668
725.0,0.013626764165631605
726.0,0.013115870787184902
727.0,0.012558651181114794
728.0,0.011936931388482078
729.0,0.011293637316904803
730.0,0.010674398073392807
731.0,0.010118762066251369
732.0,0.009643856665506434
733.0,0.00923893386113929
734.0,0.008857510679415648
735.0,0.00840723029591492
736.0,0.00782489367856451
737.0,0.007166333601890187
738.0,0.006578091820063539
739.0,0.006188099314795692
740.0,0.0060284106773879215
741.0,0.006038498708786116
742.0,0.006127935054344905
743.0,0.0062548880054592165
744.0,0.006419334013193112
745.0,0.006614142082125241
746.0,0.006814786248108218
747.0,0.006988664944091477
748.0,0.007115595778717773
749.0,0.007201082151709531
750.0,0.0072742680850026165
751.0,0.007368859416945359
752.0,0.00750309049221648
753.0,0.007665076109714786
754.0,0.007805216215070895
755.0,0.007860985611830754
756.0,0.007795683952948704
757.0,0.007634658826440127
758.0,0.007480798556375595
759.0,0.007461178208660921
760.0,0.007645816879083778
761.0,0.00801680502494051
762.0,0.008511659483817269
763.0,0.009097169869879379
764.0,0.009824314760858183
765.0,0.01073019744662182
766.0,0.01169356255886217
767.0,0.012494925746562996
768.0,0.012983839150111615
769.0,0.01316136033669299
770.0,0.013141211228496402
771.0,0.013062567132171757
772.0,0.012997913110780523
773.0,0.012952051121167665
774.0,0.012902316451849555
775.0,0.012720616521578992
776.0,0.012191677482651847
777.0,0.011274998140743508
778.0,0.010240349265624213
779.0,0.009528331510950935
780.0,0.00946223412951791
781.0,0.01001060700279896
782.0,0.01080224160822997
783.0,0.011385103528433374
784.0,0.011515014053148323
785.0,0.011213896475208887
786.0,0.010690200710492842
787.0,0.010184916424612223
788.0,0.009827712684325474
789.0,0.009630101940018065
790.0,0.00950977573500289
791.0,0.009344107846347094
792.0,0.009056297693654264
793.0,0.00866143286766248
794.0,0.008252476499123002
795.0,0.007933272056324311
796.0,0.0077594255110391835
797.0,0.007722130103376218
798.0,0.007773446161137648
799.0,0.007876312598700405
800.0,0.008022782963109626
801.0,0.0082209946147985
802.0,0.008433107381715224
803.0,0.008549676648660381
804.0,0.008451995672433904
805.0,0.008095601749561934
806.0,0.007575288886979309
807.0,0.0070827561351541335
808.0,0.006775566111452802
809.0,0.006680207928731641
810.0,0.006722148297627489
811.0,0.00680661689623574
812.0,0.006876579626518095
813.0,0.006935055787596123
814.0,0.0070035351715570515
815.0,0.007099258553232013
816.0,0.0072504316238335975
817.0,0.007468077659193453
818.0,0.0077068017304323805
819.0,0.007882384227527878
820.0,0.007922989985578457
821.0,0.007828880813468136
822.0,0.007686586656493216
823.0,0.0076137106515156705
824.0,0.007681503378297469
825.0,0.00787594118652328
826.0,0.008122010551732534
827.0,0.008343860939642483
828.0,0.008519786763142398
829.0,0.008671214962445689
830.0,0.008817906009340043
831.0,0.008939112992464304
832.0,0.008975942043496346
833.0,0.008898235883110006
834.0,0.008761201764013127
835.0,0.008727589012874057
836.0,0.00897246896505477
837.0,0.00950900193605142
838.0,0.0101395241471888
839.0,0.010570345266390085
840.0,0.010604474838361633
841.0,0.010258209988954076
842.0,0.009736073258787392
843.0,0.00927942456735878
844.0,0.009023807030454606
845.0,0.008973383722111553
846.0,0.009038306627631235
847.0,0.009123718677321674
848.0,0.009179587347685661
849.0,0.0091930704836162
850.0,0.009209361892670534
851.0,0.009325730160369888
852.0,0.009548318550799503
853.0,0.009708382196070203
854.0,0.009727466687458247
855.0,0.009809833438821858
856.0,0.010069333682946463
857.0,0.010258059867064295
858.0,0.010172347061854853
859.0,0.00996543703879156
860.0,0.009852423637945182
861.0,0.009846178741227313
862.0,0.009888411788166171
863.0,0.009973440268433664
864.0,0.010115019794937369
865.0,0.010305867666886709
866.0,0.010494983031961946
867.0,0.010609346600257419
868.0,0.01060580011196341
869.0,0.010498441788140037
870.0,0.010340750731214488
871.0,0.010184818542302396
872.0,0.010047161554829057
873.0,0.009914472996673376
874.0,0.00978091288969729
875.0,0.009656275355272706
876.0,0.009551947351053885
877.0,0.009471538035240298
878.0,0.009408803643776567
879.0,0.009356312114562934
880.0,0.009314919911321662
881.0,0.009285269967910126
882.0,0.009258500687763044
883.0,0.009223439747985729
884.0,0.009175193537281481
885.0,0.009111563321110655
886.0,0.00902919170377156
887.0,0.0089277255785941
888.0,0.008813823733316156
889.0,0.008709787943632738
890.0,0.008625462490032626
891.0,0.008480371015370358
892.0,0.008156895680426116
893.0,0.007675365882006735
894.0,0.007247018964864349
895.0,0.007175004603630741
896.0,0.007627100626000902
897.0,0.008457291725565683
898.0,0.00929637256691454
899.0,0.00982849802905647
900.0,0.009975558900645082
901.0,0.009867915369365224
902.0,0.009700616227700173
903.0,0.009562713167704129
904.0,0.00944091688630791
905.0,0.009332560529645054
906.0,0.009296641731559488
907.0,0.009441843330316863
908.0,0.009820975636260415
909.0,0.010355570005196976
910.0,0.010859824650389066
911.0,0.011148029945908217
912.0,0.01115725289365209
913.0,0.010993812737163586
914.0,0.010893774880354187
915.0,0.011079223190487292
916.0,0.011616512464596718
917.0,0.012354881003794449
918.0,0.01294859629205758
919.0,0.013120891087532144
920.0,0.013042786959193586
921.0,0.013129928189080722
922.0,0.013317583592765567
923.0,0.013178290762396114
924.0,0.012799930638189405
925.0,0.012656432852385324
926.0,0.012728405225482464
927.0,0.012578652982700445
928.0,0.012059693436492644
929.0,0.011392218754846403
930.0,0.01080333109646682
931.0,0.010390508923826106
932.0,0.010151778362797986
933.0,0.010023093114856718
934.0,0.009944017274814379
935.0,0.009883592569130989
936.0,0.009835431329428601
937.0,0.009785536478371479
938.0,0.009692329607513844
939.0,0.009523929725348046
940.0,0.009294886740639136
941.0,0.009080907864335006
942.0,0.008982149745728626
943.0,0.009052602736864063
944.0,0.009265941231986513
945.0,0.009550155025392831
946.0,0.00984710617640136
947.0,0.010150394619062503
948.0,0.010474769867384812
949.0,0.01076767776760347
950.0,0.010916486981071491
951.0,0.010836592247881888
952.0,0.010562479452065635
953.0,0.010271396814509018
954.0,0.010171455862685572
955.0,0.010355403815280911
956.0,0.010759456672436232
957.0,0.011245958428274097
958.0,0.011703188976861192
959.0,0.012109220392014591
960.0,0.012489711196958658
961.0,0.012836230096202925
962.0,0.013123472959818513
963.0,0.013349311001513403
964.0,0.013538138931890903
965.0,0.013718935054638781
966.0,0.013875803241783252
967.0,0.013953805711310385
968.0,0.013979592524328122
969.0,0.014098062740189599
970.0,0.014451896615892745
971.0,0.015068651706509728
972.0,0.015850481637025043
973.0,0.016656469719754402
974.0,0.017420555632556983
975.0,0.018172678706747464
976.0,0.018931776301029622
977.0,0.01965202325304795
978.0,0.02025277539921002
979.0,0.02071042937979644
980.0,0.021138438878824967
981.0,0.021725589220551726
982.0,0.02260051955537335
983.0,0.02375124527473664
984.0,0.02505331857041032
985.0,0.026348710384241872
986.0,0.027536033278910604
987.0,0.028632845373474436
988.0,0.029755397590656547
989.0,0.031055400012685044
990.0,0.03263166043122477
991.0,0.03444777173108178
992.0,0.03633945539043931
993.0,0.03808321188892828
994.0,0.03953604866439346
995.0,0.040808061460821735
996.0,0.042235903498628186
997.0,0.04414634520581426
998.0,0.0466386425500181
999.0,0.04958026455515944
1000.0,0.05273262737155317
1001.0,0.05588980593296668
1002.0,0.059002359024973666
1003.0,0.0621739678337694
1004.0,0.06560622341219198
1005.0,0.06954432055610386
1006.0,0.0740623308982849
1007.0,0.07888084496347887
1008.0,0.08364501267324868
1009.0,0.08837366512174948
1010.0,0.09319048818501637
1011.0,0.09778988108682694
1012.0,0.10163187720167226
1013.0,0.10442730185788725
1014.0,0.10625076410170492
1015.0,0.10734752747173117
1016.0,0.10781550079597568
1017.0,0.1074523596275364
1018.0,0.10623335930715593
1019.0,0.1046171812849823
1020.0,0.10303505721776522
1021.0,0.10149200480924117
1022.0,0.0999454814237807
1023.0,0.09855843052731192
1024.0,0.09732295244835676
1025.0,0.09602119072761081
1026.0,0.09477042562883214
1027.0,0.09409343502375062
1028.0,0.09433892269111983
1029.0,0.09546559375691974
1030.0,0.09740029910787429
1031.0,0.10020357859768579
1032.0,0.10394835412262221
1033.0,0.1086398872387993
1034.0,0.11420191892112642
1035.0,0.12059889055507679
1036.0,0.12797937951196306
1037.0,0.13645454359624695
1038.0,0.14580868819782275
1039.0,0.15568119104221323
1040.0,0.16591598056697354
1041.0,0.1765783709639025
1042.0,0.18777509126437428
1043.0,0.19952741151346942
1044.0,0.21174536654168397
1045.0,0.2244782204987864
1046.0,0.23798307418118528
1047.0,0.2520979165307269
1048.0,0.2661669179027246
1049.0,0.28035415903223204
1050.0,0.2959272322387907
1051.0,0.3134385969402895
1052.0,0.33219853355934625
1053.0,0.35226291936350695
1054.0,0.3750431197640627
1055.0,0.4016850695250729
1056.0,0.43216683585571836
1057.0,0.4657931662592364
1058.0,0.5023273836739868
1059.0,0.5430906021589006
1060.0,0.5891450918423977
1061.0,0.6382332969778634
1062.0,0.687398747790924
1063.0,0.7380006905449479
1064.0,0.7919355229519496
1065.0,0.8451469862111289
1066.0,0.8917614942699578
1067.0,0.9312105889658935
1068.0,0.9651509938629188
1069.0,0.9917086626204854
1070.0,1.007035423319894
1071.0,1.008965677922706
1072.0,0.9985807583968058
1073.0,0.9790841240210332
1074.0,0.9516863750339567
1075.0,0.9142239823946602
1076.0,0.8672388547862784
1077.0,0.8162960363857279
1078.0,0.7653553275940623
1079.0,0.7136519458188699
1080.0,0.6609410217065075
1081.0,0.6098305782816066
1082.0,0.5622698357513477
1083.0,0.5180466160497831
1084.0,0.4765210340663113
1085.0,0.43761427296389743
1086.0,0.40148862048756184
1087.0,0.36823866932982174
1088.0,0.3376814644204844
1089.0,0.3095284325761392
1090.0,0.28374902079085274
1091.0,0.26039802373453275
1092.0,0.2392368808540131
1093.0,0.21991890805595635
1094.0,0.202348967048836
1095.0,0.18658988511519997
1096.0,0.17262459812591108
1097.0,0.16056921147419223
1098.0,0.1507472191555974
1099.0,0.14286534284360242
1100.0,0.13568562093535266
1101.0,0.12799957425085737
1102.0,0.1195527004687373
1103.0,0.11096501063145961
1104.0,0.10311852725030407
1105.0,0.09666179081487664
1106.0,0.09165720513849736
1107.0,0.08766729308465816
1108.0,0.08413553513490975
1109.0,0.08073569850093552
1110.0,0.07748967471881435
1111.0,0.07451415143787014
1112.0,0.07185614306278275
1113.0,0.06953226119175994
1114.0,0.06751172222332649
1115.0,0.06568981591135926
1116.0,0.06395573611935701
1117.0,0.0622822114129902
1118.0,0.06071928482256455
1119.0,0.05931793285693428
1120.0,0.058098248518660224
1121.0,0.05705507927261683
1122.0,0.05616593133036454
1123.0,0.055407858039328337
1124.0,0.05477685754542308
1125.0,0.05428028750852517
1126.0,0.053819001053171646
1127.0,0.05319223186255086
1128.0,0.05245865389839244
1129.0,0.05199810038373692
1130.0,0.051871483360506204
1131.0,0.051640300912975556
1132.0,0.0512043346773546
1133.0,0.05105052574457217
1134.0,0.05137616088001842
1135.0,0.05178701059105167
1136.0,0.0519725448456206
1137.0,0.052026252873218326
1138.0,0.05214131699267467
1139.0,0.05239322121877223
1140.0,0.05274263204455619
1141.0,0.053046795123267564
1142.0,0.05309974954429461
1143.0,0.0527700974609137
1144.0,0.052104167919020956
1145.0,0.051282092505679104
1146.0,0.0504729805217406
1147.0,0.04973876020138185
1148.0,0.04903155671574978
1149.0,0.04825092944291407
1150.0,0.04733140895924908
1151.0,0.04627815056733034
1152.0,0.045141780036436714
1153.0,0.04392838679875273
1154.0,0.0425624600023507
1155.0,0.041023263036697316
1156.0,0.03942224517266092
1157.0,0.03788860353692692
1158.0,0.03646888269564191
1159.0,0.0351648045340575
1160.0,0.03399455373334595
1161.0,0.033032937448470925
1162.0,0.032360383233872275
1163.0,0.03192714515331791
1164.0,0.031585026736251236
1165.0,0.031277800555271636
1166.0,0.031062452684945
1167.0,0.030959765153386977
1168.0,0.030846882156703045
1169.0,0.030451858155397103
1170.0,0.0296028403048558
1171.0,0.02848031851107257
1172.0,0.02753104276267699
1173.0,0.027163397150533744
1174.0,0.027452596118784547
1175.0,0.028089219957022314
1176.0,0.028656929917235216
1177.0,0.028978033069123194
1178.0,0.029098856825175656
1179.0,0.02909833753131528
1180.0,0.028994596106439632
1181.0,0.028731239358980504
1182.0,0.028323382780210876
1183.0,0.027930627259025252
1184.0,0.02773023893469022
1185.0,0.027780237131479063
1186.0,0.027990615678833146
1187.0,0.028204289239235687
1188.0,0.028332637053474732
1189.0,0.02840471494837323
1190.0,0.02846947090870002
1191.0,0.028509030616479386
1192.0,0.028417735582028036
1193.0,0.02814375039652424
1194.0,0.02789932149900047
1195.0,0.027931060901302547
1196.0,0.0280835055329896
1197.0,0.028021701678170724
1198.0,0.027781778904986065
1199.0,0.027640811158539107
1200.0,0.027650355175381662
1201.0,0.027653008930839905
1202.0,0.02754280156706968
1203.0,0.02740565760476949
1204.0,0.02748504637246478
1205.0,0.02782062880997417
1206.0,0.02806359972012784
1207.0,0.028023382654366186
1208.0,0.02801628735824227
1209.0,0.028202392531855525
1210.0,0.02821819900491352
1211.0,0.027970545199913086
1212.0,0.027960011365761768
1213.0,0.028407327656730347
1214.0,0.028887051551136016
1215.0,0.029034696547909584
1216.0,0.028940592200996727
1217.0,0.028815225672551154
1218.0,0.028748364062520564
1219.0,0.028751706770802334
1220.0,0.028773029081452885
1221.0,0.02869356063418689
1222.0,0.028424012095678033
1223.0,0.02800443288819003
1224.0,0.027600329040092908
1225.0,0.027406159186069527
1226.0,0.02751012146204048
1227.0,0.02783319369034247
1228.0,0.028213619088405757
1229.0,0.028552814117618952
1230.0,0.02883464264285141
1231.0,0.0290679537740096
1232.0,0.029245761805408166
1233.0,0.02933040525806397
1234.0,0.029320796566633
1235.0,0.02928825585237682
1236.0,0.029303207507695397
1237.0,0.029376609903581374
1238.0,0.02951119868925195
1239.0,0.02972413248769351
1240.0,0.02996501550690968
1241.0,0.03012858715366852
1242.0,0.030193709217002714
1243.0,0.03025398925741183
1244.0,0.030397992286135503
1245.0,0.030615099314388473
1246.0,0.03079136025151348
1247.0,0.030842057640796047
1248.0,0.030888085365791844
1249.0,0.03112110940844333
1250.0,0.03150226777717954
1251.0,0.03181715821180131
1252.0,0.031957561554996794
1253.0,0.031959028418884705
1254.0,0.03186757579215702
1255.0,0.03170501939289038
1256.0,0.03148499337820634
1257.0,0.03126038693612647
1258.0,0.03114349339881118
1259.0,0.031216297281984676
1260.0,0.03145499603654166
1261.0,0.031752942662510504
1262.0,0.0320024918183821
1263.0,0.03215867522623143
1264.0,0.03225679120280754
1265.0,0.032368914461360664
1266.0,0.03254103797788355
1267.0,0.03277112063926483
1268.0,0.033025806490603334
1269.0,0.033290855942724025
1270.0,0.033586154220137006
1271.0,0.03392495424572659
1272.0,0.0342758635671954
1273.0,0.034549873225403864
1274.0,0.03466602275196684
1275.0,0.03464221970963052
1276.0,0.03458378421218058
1277.0,0.03458855639722161
1278.0,0.03469068868975448
1279.0,0.034870135237891474
1280.0,0.03510903453460127
1281.0,0.03544900764184427
1282.0,0.035918505566094716
1283.0,0.03644532751416993
1284.0,0.036898554739709585
1285.0,0.03718388989102771
1286.0,0.03730521346113168
1287.0,0.037349679299077045
1288.0,0.03738123824150521
1289.0,0.037372028380927944
1290.0,0.03731169728512798
1291.0,0.03728974612149687
1292.0,0.03743943634859448
1293.0,0.03783389588281755
1294.0,0.03839315998578006
1295.0,0.03893243553728289
1296.0,0.039349302202486044
1297.0,0.039677352424650966
1298.0,0.039923779850601984
1299.0,0.040009347531917865
1300.0,0.039855248607863776
1301.0,0.03948996693560617
1302.0,0.0391050424313393
1303.0,0.03892645030925404
1304.0,0.039018803860137306
1305.0,0.039293235436435765
1306.0,0.03967448354034419
1307.0,0.04014544598613561
1308.0,0.04070216825230814
1309.0,0.04126016263949399
1310.0,0.04161119944671238
1311.0,0.041603392895782146
1312.0,0.04130582205294196
1313.0,0.04097498049374701
1314.0,0.04087970964811021
1315.0,0.04112203803136359
1316.0,0.04157820989173564
1317.0,0.04200387059477178
1318.0,0.04222009457205596
1319.0,0.04221175675196964
1320.0,0.04212441328383255
1321.0,0.042188020217172176
1322.0,0.042556760692612716
1323.0,0.04317894787190997
1324.0,0.04382008737934703
1325.0,0.04422099803651822
1326.0,0.044275275547142265
1327.0,0.04408418167066076
1328.0,0.04385906757471894
1329.0,0.04374043532796011
1330.0,0.04374544077896345
1331.0,0.04386782321912056
1332.0,0.04411783654656144
1333.0,0.04451173892975391
1334.0,0.04502663439389075
1335.0,0.045568748336850456
1336.0,0.046034402957996184
1337.0,0.04638738488711243
1338.0,0.04665448616960224
1339.0,0.046872990480527434
1340.0,0.04708231597790341
1341.0,0.04731494621251602
1342.0,0.047543407322644095
1343.0,0.04767638941875706
1344.0,0.04764274369736106
1345.0,0.04746890116223634
1346.0,0.04730079986035294
1347.0,0.047319968935871995
1348.0,0.04758896702291907
1349.0,0.04801839880325065
1350.0,0.048522671103921805
1351.0,0.049097228022819524
1352.0,0.04973028478935793
1353.0,0.050321202306176836
1354.0,0.05064589580190913
1355.0,0.050522762644990254
1356.0,0.05003979313985967
1357.0,0.04952529235931634
1358.0,0.04931239444812187
1359.0,0.04951729422709879
1360.0,0.049991782173298194
1361.0,0.05047411009760734
1362.0,0.05081884223455302
1363.0,0.051034810537941844
1364.0,0.0511783573816869
1365.0,0.05128857194032011
1366.0,0.05135688083800459
1367.0,0.051374485639972885
1368.0,0.05138147275629988
1369.0,0.05143998484056078
1370.0,0.05158781446178447
1371.0,0.051814513535920675
1372.0,0.05207250860994627
1373.0,0.05231599328528788
1374.0,0.05253120085095078
1375.0,0.052721788603168306
1376.0,0.052890744408740004
1377.0,0.053039037127192754
1378.0,0.05316706747800308
1379.0,0.053279866796699576
1380.0,0.053388172907793616
1381.0,0.05350352469581707
1382.0,0.05364369211540389
1383.0,0.053845626179881874
1384.0,0.05413543923570269
1385.0,0.0544887232955395
1386.0,0.05482574441585743
1387.0,0.05504300950598039
1388.0,0.05509008562684829
1389.0,0.055016890319148595
1390.0,0.054948725313077956
1391.0,0.05500837313104996
1392.0,0.055236842067495316
1393.0,0.055572951860240596
1394.0,0.05589573986619083
1395.0,0.05610813732408659
1396.0,0.05620101315251209
1397.0,0.05624889715597434
1398.0,0.056322837149996925
1399.0,0.05642629570433936
1400.0,0.05655483869217487
1401.0,0.05674453582812965
1402.0,0.05705034004602376
1403.0,0.05749414819333087
1404.0,0.05800503157217263
1405.0,0.05845381243686326
1406.0,0.058766272606712855
1407.0,0.05896867055139925
1408.0,0.05912636386160912
1409.0,0.0592796322264829
1410.0,0.05941720124895738
1411.0,0.0595287279606117
1412.0,0.059690971401877915
1413.0,0.06000017061305683
1414.0,0.06044667372916328
1415.0,0.06086443728807211
1416.0,0.060991164965094644
1417.0,0.060710653250546406
1418.0,0.06021573136393815
1419.0,0.05988018252707224
1420.0,0.05998947620363277
1421.0,0.060559132639624993
1422.0,0.061352904850105146
1423.0,0.062084097627663114
1424.0,0.06262934237571838
1425.0,0.06300236561910437
1426.0,0.06325553425362081
1427.0,0.06346035670734991
1428.0,0.0636707641260669
1429.0,0.06389400373591156
1430.0,0.06409569306194944
1431.0,0.06423814565576591
1432.0,0.06430616811754863
1433.0,0.0642909785458258
1434.0,0.06418779414982317
1435.0,0.0640018366516721
1436.0,0.0638001362461284
1437.0,0.0637734250288786
1438.0,0.0641020081640955
1439.0,0.0647650613045811
1440.0,0.0655471408107337
1441.0,0.06620777595005956
1442.0,0.06663224293091526
1443.0,0.06687128491877088
1444.0,0.06703009738204635
1445.0,0.06711826595137732
1446.0,0.06713793576704202
1447.0,0.06719723056336718
1448.0,0.0673616505126145
1449.0,0.0675339732032405
1450.0,0.06761208318445774
1451.0,0.06763640181573363
1452.0,0.06770379137137589
1453.0,0.06784748990726261
1454.0,0.06800506393749413
1455.0,0.06808428637848135
1456.0,0.06812521412945935
1457.0,0.06828749305026931
1458.0,0.06859889377285094
1459.0,0.06890466267647051
1460.0,0.06909907521112255
1461.0,0.06923055634309282
1462.0,0.06939639150878431
1463.0,0.06965283587153312
1464.0,0.06999766377388353
1465.0,0.07036742197369698
1466.0,0.07066233979108952
1467.0,0.07082355265024336
1468.0,0.07089061050159405
1469.0,0.07095470005842426
1470.0,0.07106379367013224
1471.0,0.07121118702385518
1472.0,0.07137801344542447
1473.0,0.07154780236895376
1474.0,0.07171216587626672
1475.0,0.07187973811272096
1476.0,0.07207138346468783
1477.0,0.07229289046032303
1478.0,0.07251864827213517
1479.0,0.07269795008237181
1480.0,0.07280490007189844
1481.0,0.07295840841729877
1482.0,0.07336036594645379
1483.0,0.0739832211293487
1484.0,0.07453451617505694
1485.0,0.07482228526134045
1486.0,0.07491872504095147
1487.0,0.074941095926372
1488.0,0.07492386164986146
1489.0,0.07487884127667042
1490.0,0.07485031941083957
1491.0,0.07494410602239117
1492.0,0.0752480771091934
1493.0,0.07572508546577719
1494.0,0.07620575516337735
1495.0,0.07647606058954083
1496.0,0.07645566888140905
1497.0,0.07629715601434865
1498.0,0.07627297248453464
1499.0,0.07656768225057332
1500.0,0.07715242751516835
1501.0,0.07782401022511773
1502.0,0.07842007530948578
1503.0,0.07897071762392424
1504.0,0.07944034151605193
1505.0,0.07959675108197323
1506.0,0.07949793569059989
1507.0,0.07960858495369144
1508.0,0.08000813040333554
1509.0,0.08018085317779075
1510.0,0.08003012008711982
1511.0,0.08012558089087427
1512.0,0.0805930829162794
1513.0,0.0808614067740944
1514.0,0.08065627271890131
1515.0,0.08032636781423
1516.0,0.08024161697090498
1517.0,0.08046467834462175
1518.0,0.0808773563219006
1519.0,0.08132965832250456
1520.0,0.08175574607547087
1521.0,0.08216024114259034
1522.0,0.08250893841231864
1523.0,0.08273876004373089
1524.0,0.08282296424433648
1525.0,0.08281720207882917
1526.0,0.08284785598308524
1527.0,0.08301523285753797
1528.0,0.08331110187290798
1529.0,0.08363061433341469
1530.0,0.08385595093099593
1531.0,0.08393917185142478
1532.0,0.0839419686408879
1533.0,0.08403286203756855
1534.0,0.08438404769175403
1535.0,0.0849963873777655
1536.0,0.085678204783371
1537.0,0.086242766479263
1538.0,0.08665602041268909
1539.0,0.08698105345553901
1540.0,0.08727580345590395
1541.0,0.08751933089143603
1542.0,0.08764207820002129
1543.0,0.08764821523640158
1544.0,0.08763810337150728
1545.0,0.08772582450025679
1546.0,0.08794522361165745
1547.0,0.08821291422185845
1548.0,0.08840445964349018
1549.0,0.08847191012791511
1550.0,0.0884876424773543
1551.0,0.08859296664138337
1552.0,0.08887773673744369
1553.0,0.08929641037931858
1554.0,0.08972858693743563
1555.0,0.090096916476839
1556.0,0.09039506283706011
1557.0,0.09065137312379803
1558.0,0.09083951352491162
1559.0,0.09085951794265695
1560.0,0.09071308950552541
1561.0,0.09058133710815938
1562.0,0.09067711230136608
1563.0,0.09107466780461324
1564.0,0.09165462326454578
1565.0,0.09220161117257139
1566.0,0.0925943925397179
1567.0,0.09288014112793047
1568.0,0.09314858083853456
1569.0,0.09343574854296716
1570.0,0.09373441669385416
1571.0,0.09400634806924936
1572.0,0.09419626773493887
1573.0,0.09427586843941589
1574.0,0.0942731814192339
1575.0,0.09430636616515578
1576.0,0.09457915199992295
1577.0,0.09519852462067807
1578.0,0.09602423403692638
1579.0,0.09679570547657787
1580.0,0.0973639845409764
1581.0,0.09773033399089334
1582.0,0.09795653225709772
1583.0,0.09807807488517688
1584.0,0.0980643468911429
1585.0,0.09795454248561142
1586.0,0.09792434042267213
1587.0,0.09812586240469715
1588.0,0.09854836839012424
1589.0,0.09903551375583232
1590.0,0.09941074895988725
1591.0,0.09961739125501756
1592.0,0.09974821163389244
1593.0,0.09991454113109786
1594.0,0.10014798485526236
1595.0,0.1004293073779453
1596.0,0.10072775583544674
1597.0,0.10102556307278307
1598.0,0.10133063763718969
1599.0,0.10164160673219166
