0.0,0.0
1.0,0.0
2.0,0.0
3.0,0.0
4.0,0.0
5.0,0.0
6.0,0.0
7.0,0.0
8.0,0.0
9.0,0.0
10.0,0.0
11.0,0.0
12.0,0.0
13.0,0.0
14.0,0.0
15.0,0.0
16.0,0.0
17.0,0.0
18.0,0.0
19.0,0.0
20.0,0.0
21.0,0.0
22.0,0.0
23.0,0.0
24.0,0.0
25.0,0.0
26.0,0.0
27.0,0.0
28.0,0.0
29.0,0.0
30.0,0.0
31.0,0.0
32.0,0.0
33.0,0.0
34.0,0.0
35.0,0.0
36.0,0.0
37.0,0.0
38.0,0.0
39.0,0.0
40.0,0.0
41.0,0.0
42.0,0.0
43.0,0.0
44.0,0.0
45.0,0.0
46.0,0.0
47.0,0.0
48.0,0.0
49.0,0.0
50.0,0.0
51.0,0.0
52.0,0.0
53.0,0.0
54.0,0.0
55.0,0.0
56.0,0.0
57.0,0.0
58.0,0.0
59.0,0.0
60.0,0.0
61.0,0.0
62.0,0.0
63.0,0.0
64.0,0.0
65.0,0.0
66.0,0.0
67.0,0.0
68.0,0.0
69.0,0.0
70.0,0.0
71.0,0.0
72.0,0.0
73.0,0.0
74.0,0.0
75.0,0.0
76.0,0.0
77.0,0.0
78.0,0.0
79.0,0.0
80.0,0.0
81.0,0.0
82.0,0.0
83.0,0.0
84.0,0.0
85.0,0.0
86.0,0.0
87.0,0.0
88.0,0.0
89.0,0.0
90.0,0.0
91.0,0.0
92.0,0.0
93.0,0.0
94.0,0.0
95.0,0.0
96.0,0.0
97.0,0.08824065363634437
98.0,0.08907403059522953
99.0,0.08946724694868424
100.0,0.08932363842875465
101.0,0.088987267911314
102.0,0.08868117716652021
103.0,0.08858127190987945
104.0,0.08876414886211072
105.0,0.08918980711893695
106.0,0.08967145192392842
107.0,0.0899476210274536
108.0,0.08978253357778496
109.0,0.08910855697397432
110.0,0.0881410450537832
111.0,0.08727192213221086
112.0,0.08682621214484199
113.0,0.0868873428236113
114.0,0.08733968654890215
115.0,0.08800214501471205
116.0,0.08876224594801019
117.0,0.08960869352283013
118.0,0.0905440332150601
119.0,0.09153971314868695
120.0,0.09254051433114356
121.0,0.0934825454594651
122.0,0.09431685567068887
123.0,0.09506131107046618
124.0,0.09581102328167634
125.0,0.09659959417985645
126.0,0.09730465007372227
127.0,0.09784817899485862
128.0,0.09837882531498687
129.0,0.09920229851512241
130.0,0.10059026134260204
131.0,0.10263971339194122
132.0,0.10521980587706156
133.0,0.1079694807259402
134.0,0.11047197921873214
135.0,0.11248115572145266
136.0,0.11401216770999406
137.0,0.11518429719448613
138.0,0.1161473698334316
139.0,0.11724409576574117
140.0,0.1187805179123046
141.0,0.12056777070574853
142.0,0.12200735806815796
143.0,0.12262004833285059
144.0,0.12229045205733138
145.0,0.12109894071438333
146.0,0.1191968256630982
147.0,0.11672535126965164
148.0,0.1137260125130898
149.0,0.11012932171366827
150.0,0.10599918288924697
151.0,0.10171513997833775
152.0,0.09760630694075695
153.0,0.093597204952044
154.0,0.08955888412459595
155.0,0.08570907563256083
156.0,0.08243971173793202
157.0,0.08000617741309385
158.0,0.07841710294240228
159.0,0.07748250423825502
160.0,0.07693695687537544
161.0,0.07659573682220591
162.0,0.07638828447266233
163.0,0.07631676808652274
164.0,0.07636871628257952
165.0,0.07647083702373977
166.0,0.07653177525774933
167.0,0.07651063922257414
168.0,0.07646666304024052
169.0,0.07650184835572066
170.0,0.07664189912807971
171.0,0.07684239509626617
172.0,0.07709285724231504
173.0,0.07746315824680212
174.0,0.07807665444522591
175.0,0.07902953235419195
176.0,0.08032505482652674
177.0,0.08184585075602147
178.0,0.08340392382842378
179.0,0.0848376612170317
180.0,0.0860852504215105
181.0,0.08716803416344374
182.0,0.0881267664240688
183.0,0.08904493086537324
184.0,0.09003083898745387
185.0,0.09110122405298188
186.0,0.09213534057261467
187.0,0.09295879503046989
188.0,0.09345560475975838
189.0,0.09359898460745063
190.0,0.09344128327071317
191.0,0.09308604202697543
192.0,0.0926192317300509
193.0,0.0920523166249971
194.0,0.0913550074882455
195.0,0.09056666754231005
196.0,0.08975893187656585
197.0,0.08888444102050344
198.0,0.08784769147588976
199.0,0.08669657314683678
200.0,0.08562349655750588
201.0,0.08482292281964962
202.0,0.08436961719375138
203.0,0.08419382602780136
204.0,0.08413095707155187
205.0,0.0840264732049312
206.0,0.0837805844395735
207.0,0.08334733203745959
208.0,0.08276611196063278
209.0,0.08214411536341075
210.0,0.0816046150264327
211.0,0.08121959984950673
212.0,0.08096050418425835
213.0,0.08072450834425333
214.0,0.08042804329123704
215.0,0.08006669109182639
216.0,0.07966435734571722
217.0,0.07922036153769145
218.0,0.07870719049801936
219.0,0.07808890131767611
220.0,0.07734698832221511
221.0,0.07650607307054813
222.0,0.0756381695251773
223.0,0.07485014208876828
224.0,0.07426968019581526
225.0,0.07394608551288309
226.0,0.07376443527234355
227.0,0.0735301641981205
228.0,0.07313186531753692
229.0,0.07258739562369536
230.0,0.07197334880540451
231.0,0.07134656472719594
232.0,0.07069457622580613
233.0,0.06999091236901316
234.0,0.06926896272060752
235.0,0.06861144094733665
236.0,0.06810264899727067
237.0,0.06781150571491314
238.0,0.06777459117428723
239.0,0.06794537770280248
240.0,0.06821639585461456
241.0,0.06853753386322713
242.0,0.06895247958050704
243.0,0.06946397211624347
244.0,0.06997968000999574
245.0,0.07042078811320457
246.0,0.07077737284981457
247.0,0.07105143238484686
248.0,0.07124177896290697
249.0,0.07138427341056375
250.0,0.07153439772501477
251.0,0.07171800232534924
252.0,0.07188217945439836
253.0,0.07188992542601168
254.0,0.0715624763036807
255.0,0.07073793254449302
256.0,0.06942704578337242
257.0,0.06788228525372332
258.0,0.06640120898048046
259.0,0.06508517019365889
260.0,0.06388783594402209
261.0,0.06278161526848781
262.0,0.06171078373593689
263.0,0.06055639890337965
264.0,0.05926949909293882
265.0,0.0579545974305051
266.0,0.05679404715513206
267.0,0.05593077001116967
268.0,0.05544381430159456
269.0,0.05534283777579007
270.0,0.05555024962290946
271.0,0.05596816642328972
272.0,0.056601960539750217
273.0,0.05752612750537634
274.0,0.058691743793342764
275.0,0.05983793176700226
276.0,0.06055040198636111
277.0,0.060576165445300686
278.0,0.060134419491519195
279.0,0.05977081958084622
280.0,0.05990873204131228
281.0,0.06066382288697065
282.0,0.06198213022993773
283.0,0.06372928129237174
284.0,0.06577050160575862
285.0,0.06804303890130899
286.0,0.0705633364342888
287.0,0.07331099074875315
288.0,0.07614071491865781
289.0,0.07892803167197064
290.0,0.08169458801071038
291.0,0.08446446386518876
292.0,0.0871455077008399
293.0,0.08967439385748377
294.0,0.09210554288005116
295.0,0.09448385976282586
296.0,0.09672708377527013
297.0,0.09860960703632694
298.0,0.09988846085494979
299.0,0.10049173206006673
300.0,0.10061328181330301
301.0,0.10065500498492175
302.0,0.10099256931616947
303.0,0.1017403769530061
304.0,0.102830820767774
305.0,0.10435753703552109
306.0,0.10643057265485105
307.0,0.10875344984470113
308.0,0.11110005843190056
309.0,0.11403470202313332
310.0,0.11832298802028698
311.0,0.1239515131025153
312.0,0.13053604524687168
313.0,0.1382019529379546
314.0,0.14769599971976993
315.0,0.1599537427835151
316.0,0.1754111326086012
317.0,0.1936817232506998
318.0,0.21395077545990843
319.0,0.23572704234819616
320.0,0.2596379436731553
321.0,0.28668528633505314
322.0,0.31505500724142255
323.0,0.3395443103960013
324.0,0.3547589675545949
325.0,0.3585285651453637
326.0,0.3530144801750835
327.0,0.34190865912844925
328.0,0.3252368315007583
329.0,0.30011050503705883
330.0,0.26728910031793796
331.0,0.23193534643936872
332.0,0.19864197677486187
333.0,0.16917708529947859
334.0,0.1437953737875916
335.0,0.12206212675346056
336.0,0.10343364684468748
337.0,0.08776467930240567
338.0,0.07537327465241145
339.0,0.06620172373679653
340.0,0.059140811802954926
341.0,0.05312097448919136
342.0,0.04824452904304186
343.0,0.04485327771109778
344.0,0.042454745785272904
345.0,0.04047458804897616
346.0,0.03898882924773521
347.0,0.038182600677566174
348.0,0.03784760159478462
349.0,0.03764376998792149
350.0,0.03739021653858178
351.0,0.03706404703528445
352.0,0.03673713198928391
353.0,0.03652344048572173
354.0,0.036509433684418446
355.0,0.03673846518510621
356.0,0.03720578853179218
357.0,0.0378645250147173
358.0,0.03871880791538009
359.0,0.03993554007757891
360.0,0.04165453965026973
361.0,0.043698998052976674
362.0,0.04572750227888538
363.0,0.04760322995604567
364.0,0.04939618453878145
365.0,0.05115717041110465
366.0,0.05286078134727742
367.0,0.0544473019731877
368.0,0.055890371703240335
369.0,0.057238871069647965
370.0,0.058573408335350664
371.0,0.0599373782054987
372.0,0.061301108412313426
373.0,0.06260703576312258
374.0,0.06394475691676438
375.0,0.06558859944859116
376.0,0.06779039974315139
377.0,0.07061977359174307
378.0,0.07404289410806875
379.0,0.07795056051651934
380.0,0.08199485933851897
381.0,0.08584008486929584
382.0,0.0897185941258123
383.0,0.09431099731392895
384.0,0.10002255879198026
385.0,0.10681555447140106
386.0,0.11466013605464129
387.0,0.12379986149861374
388.0,0.13471656976603477
389.0,0.1479115365206411
390.0,0.1636801494590504
391.0,0.18149017807561874
392.0,0.19977750182869708
393.0,0.21789393504015062
394.0,0.237557827562151
395.0,0.25925933947053936
396.0,0.2792539991004327
397.0,0.29287707808837826
398.0,0.2986357189182607
399.0,0.2979582253855845
400.0,0.2928004007616997
401.0,0.2833915668528066
402.0,0.26800502987341
403.0,0.2465016935296476
404.0,0.2218234480707377
405.0,0.19700698618110885
406.0,0.17307874318623118
407.0,0.15014688607409363
408.0,0.12848691776183574
409.0,0.10870279180623357
410.0,0.09162554548813756
411.0,0.07798187147096622
412.0,0.06781182317436653
413.0,0.060105756324382115
414.0,0.05357861651808094
415.0,0.04786181598626968
416.0,0.04326302860542849
417.0,0.03964651083685507
418.0,0.0365789321751343
419.0,0.03402466356872007
420.0,0.03212947917373345
421.0,0.03073783782705229
422.0,0.02952352039328665
423.0,0.02830009771988838
424.0,0.027047349424944203
425.0,0.025811218758985087
426.0,0.024655362652414192
427.0,0.023614605074306634
428.0,0.02269746268873861
429.0,0.021909703612375604
430.0,0.021281643652259312
431.0,0.02087037717616675
432.0,0.020729789637905026
433.0,0.020867212013371175
434.0,0.02121010162634003
435.0,0.02163529961718441
436.0,0.022035569239700833
437.0,0.022381501645108617
438.0,0.022724765459128722
439.0,0.023185349320345584
440.0,0.023932666807195663
441.0,0.025052484562560692
442.0,0.026428259652140747
443.0,0.027880623394495763
444.0,0.029403475194915193
445.0,0.03107318563836952
446.0,0.03282718460800446
447.0,0.034481783895618894
448.0,0.03586986428860742
449.0,0.03690456600584101
450.0,0.037571441332744454
451.0,0.03785946528566675
452.0,0.03769517383516717
453.0,0.036952733882415864
454.0,0.035538354416337396
455.0,0.033580501125651724
456.0,0.031419627828480595
457.0,0.029302895228853966
458.0,0.02722607113623199
459.0,0.025163743858471393
460.0,0.023195164661382987
461.0,0.021344771379928427
462.0,0.019550437744822992
463.0,0.017796569976136774
464.0,0.016183252599221
465.0,0.014889276969045101
466.0,0.014047159613398627
467.0,0.013632855410479414
468.0,0.013457976992431508
469.0,0.013272040110277522
470.0,0.012898350660777463
471.0,0.012302666441359425
472.0,0.011581238457515602
473.0,0.010864230145128315
474.0,0.010239962963864535
475.0,0.009726480653082431
476.0,0.009301166485114809
477.0,0.008962780632929379
478.0,0.008790961560609004
479.0,0.00892477858022217
480.0,0.00936881155078223
481.0,0.009909809210380496
482.0,0.010292117884238727
483.0,0.010408958342667904
484.0,0.010313097881478633
485.0,0.010132878684510321
486.0,0.009979187977686876
487.0,0.009882937947430517
488.0,0.00983442753494776
489.0,0.00982016401965348
490.0,0.009822399942621615
491.0,0.009820870457780143
492.0,0.00978369056877415
493.0,0.009732535491477554
494.0,0.009832517785817604
495.0,0.010207108225152764
496.0,0.010675066140930237
497.0,0.010938912699611392
498.0,0.010960725320524084
499.0,0.01096742360596542
500.0,0.01120187734629459
501.0,0.011709111467722577
502.0,0.012285839907684781
503.0,0.012690434107838766
504.0,0.012887786401065776
505.0,0.01307426337897638
506.0,0.013516565006342324
507.0,0.014295605973267747
508.0,0.015218322858094824
509.0,0.016089545950631223
510.0,0.01692195981919331
511.0,0.01777171584565932
512.0,0.018611550409852073
513.0,0.019422333831548844
514.0,0.020249199285953944
515.0,0.021166594365236463
516.0,0.022234914118132484
517.0,0.023485434739011345
518.0,0.02491083686805219
519.0,0.0264622312799661
520.0,0.0281505718986972
521.0,0.030177700545182026
522.0,0.032685098223454355
523.0,0.03539090377611718
524.0,0.03785777065962393
525.0,0.04001962158793746
526.0,0.04203068564520077
527.0,0.043818734218620065
528.0,0.04517324053299907
529.0,0.04601940272887048
530.0,0.04640801494970896
531.0,0.046382391788249114
532.0,0.04586354311608967
533.0,0.04465392077401074
534.0,0.04268197985642539
535.0,0.04014142103614463
536.0,0.03731847632926212
537.0,0.03438564930281599
538.0,0.03139921980404782
539.0,0.02837449704279621
540.0,0.025381159776266253
541.0,0.02256063144634539
542.0,0.020024361581357564
543.0,0.01778495440842584
544.0,0.015776642284585377
545.0,0.01390213518184169
546.0,0.012065880930782855
547.0,0.010235797837698707
548.0,0.00847471281653843
549.0,0.006913064651484557
550.0,0.005684630237777488
551.0,0.0048250879683139625
552.0,0.004229030812728393
553.0,0.0037320051341496463
554.0,0.0032385826564190062
555.0,0.002740490179213309
556.0,0.002257647558351422
557.0,0.0018152721822486534
558.0,0.0014289703782194574
559.0,0.0010997494988356227
560.0,0.0008211255538111278
561.0,0.0005943042166059731
562.0,0.00043574405031576724
563.0,0.0003682144245668456
564.0,0.00039352841167074326
565.0,0.00043786405955595353
566.0,0.0003904407274697014
567.0,0.0002558312581333183
568.0,0.00016643909346061858
569.0,0.00020722689829937024
570.0,0.0003239534681867551
571.0,0.0003922949944899917
572.0,0.00035056209811848427
573.0,0.00030924534560902717
574.0,0.0004241576800020075
575.0,0.0006416903114318112
576.0,0.00077280941412676
577.0,0.0007758353270057861
578.0,0.0007336694719903142
579.0,0.0006481750839212458
580.0,0.0004747268753564904
581.0,0.0002505914179402602
582.0,7.039331020539108e-05
583.0,0.0
584.0,4.697384588311926e-05
585.0,0.00017848619411406363
586.0,0.00035744119481825876
587.0,0.0005760073359110801
588.0,0.0008451777629273072
589.0,0.0011672844464260534
590.0,0.0015104416669548398
591.0,0.0018127213461661684
592.0,0.002020285857544213
593.0,0.0021263648655874684
594.0,0.0021861624377155775
595.0,0.0022876281136079146
596.0,0.002504691023407779
597.0,0.0028488738216617265
598.0,0.0032575625659760493
599.0,0.0036231334906256935
600.0,0.003834384642916633
601.0,0.0038575932307078342
602.0,0.0037883440897762133
603.0,0.0037578258170593987
604.0,0.003782151044747939
605.0,0.003811462657235448
606.0,0.003882066442618931
607.0,0.004107213373323579
608.0,0.004579577967437076
609.0,0.005327172124005214
610.0,0.006322874158579739
611.0,0.0074892701758965535
612.0,0.008732497770207653
613.0,0.009995340673316588
614.0,0.011292875997489862
615.0,0.012740478870166869
616.0,0.014502036267418722
617.0,0.01666628214382619
618.0,0.019185762631210773
619.0,0.021947936203914248
620.0,0.024885394091368654
621.0,0.028052840835064978
622.0,0.03148516317262495
623.0,0.03484983119919868
624.0,0.03750158059090554
625.0,0.03891218958034251
626.0,0.03901171605447078
627.0,0.038197364885430504
628.0,0.03688117646237847
629.0,0.034911440964115276
630.0,0.031964984430839345
631.0,0.028423704639633063
632.0,0.025093406138888594
633.0,0.022329948622746995
634.0,0.020016570119407794
635.0,0.01805400387818426
636.0,0.016461799687978437
637.0,0.015297197336396978
638.0,0.014596043147299786
639.0,0.01433071550270451
640.0,0.014383162929056614
641.0,0.014592599810480153
642.0,0.014896875682849683
643.0,0.015401732282807445
644.0,0.01629928345251272
645.0,0.017736387932392787
646.0,0.019762716726978387
647.0,0.022349082740314122
648.0,0.025467872929243324
649.0,0.02914824028771485
650.0,0.033452950802933375
651.0,0.038394517356359625
652.0,0.04382953419802891
653.0,0.0495782195976567
654.0,0.055697303112836286
655.0,0.06232019372110566
656.0,0.06922800605382033
657.0,0.07600830260075156
658.0,0.08255065041080177
659.0,0.08902192898741275
660.0,0.09551075977917804
661.0,0.10167446423076429
662.0,0.10669583925065637
663.0,0.11034621224130375
664.0,0.11373792120639163
665.0,0.11794626934652884
666.0,0.12265713675528647
667.0,0.1275387762977543
668.0,0.13356701765926643
669.0,0.14184688391437913
670.0,0.15253032991864043
671.0,0.16567457893892606
672.0,0.18185497051350438
673.0,0.2013663684357309
674.0,0.2238981373401164
675.0,0.24918019131655728
676.0,0.27772610855195756
677.0,0.31124464891093845
678.0,0.3518011101485812
679.0,0.40035430284635576
680.0,0.45587260771052296
681.0,0.5155521695560968
682.0,0.5777017025736461
683.0,0.6452345404980053
684.0,0.7193249249785512
685.0,0.7903207169807124
686.0,0.8436368249466063
687.0,0.8721766003900201
688.0,0.8784935472237545
689.0,0.8683491308158193
690.0,0.8430823057900676
691.0,0.7962951001103945
692.0,0.7262392633241709
693.0,0.6453130612969187
694.0,0.5673488188625262
695.0,0.4944488161553814
696.0,0.4239289358923942
697.0,0.35747406693489514
698.0,0.2989341981625993
699.0,0.250640775343988
700.0,0.21191440652322235
701.0,0.17993702945187398
702.0,0.1527349190703783
703.0,0.13039731750032257
704.0,0.11270108798965436
705.0,0.09820830083859575
706.0,0.08576842776266287
707.0,0.07509283958543975
708.0,0.06604925415352168
709.0,0.058359692604423946
710.0,0.05177392868684766
711.0,0.04614114115187445
712.0,0.04139379951550906
713.0,0.03743051336147329
714.0,0.03400533521671974
715.0,0.03086862442664863
716.0,0.02795708782243793
717.0,0.025328623887375015
718.0,0.02299138245646047
719.0,0.02091982591536508
720.0,0.019115607987215337
721.0,0.01757767654522894
722.0,0.01627619304505913
723.0,0.015204857269323302
724.0,0.014395057030482425
725.0,0.013806965452337339
726.0,0.013297074053192692
727.0,0.012740852691545734
728.0,0.01212012740845718
729.0,0.01147782411154516
730.0,0.01085957190781947
731.0,0.010304919205585433
732.0,0.009830993374868952
733.0,0.009427046405651313
734.0,0.00904659532419827
735.0,0.008597283306089193
736.0,0.0080159113192515
737.0,0.007358312138210962
738.0,0.00677102751713915
739.0,0.006381988437747219
740.0,0.006223249491336416
741.0,0.006234283478852687
742.0,0.0063246620456505614
743.0,0.006452553483125054
744.0,0.006617934242340223
745.0,0.006813673327874636
746.0,0.00701524477558102
747.0,0.007190047018408696
748.0,0.007317897665000503
749.0,0.007404300115078866
750.0,0.007478398390579566
751.0,0.007573898329851031
752.0,0.007709034277571941
753.0,0.007871921032641088
754.0,0.008012958540689105
755.0,0.008069621605261937
756.0,0.008005209879313926
757.0,0.007845070950860455
758.0,0.007692093143972095
759.0,0.0076733515245546585
760.0,0.007858865188395847
761.0,0.00823072459279195
762.0,0.008726446575329144
763.0,0.009312820750172784
764.0,0.010040825695054129
765.0,0.0109475646998414
766.0,0.01191178239622645
767.0,0.012713994433193057
768.0,0.013203752951128522
769.0,0.013382115517217796
770.0,0.013362804053650174
771.0,0.013284993867075559
772.0,0.013221170020555423
773.0,0.013176134470934756
774.0,0.013127222506729874
775.0,0.012946341546693607
776.0,0.012418217743121851
777.0,0.01150234990168994
778.0,0.010468508792168138
779.0,0.00975729506821342
780.0,0.009691997982620035
781.0,0.01024116741686179
782.0,0.011033594848374559
783.0,0.0116172458597808
784.0,0.011747941740819626
785.0,0.01144760578432516
786.0,0.010924687906175151
787.0,0.010420177771981648
788.0,0.01006374444850304
789.0,0.009866900386124866
790.0,0.009747337128159977
791.0,0.009582428451675534
792.0,0.009295373776275151
793.0,0.008901260692696852
794.0,0.008493052331691925
795.0,0.00817459216154888
796.0,0.008001486154040435
797.0,0.007964927549275247
798.0,0.008016976675055493
799.0,0.008120572445758145
800.0,0.008267768408428328
801.0,0.008466701923499215
802.0,0.008679532818919033
803.0,0.008796816479488337
804.0,0.008699846162007113
805.0,0.008344159163001422
806.0,0.00782454948940614
807.0,0.00733271619168939
808.0,0.007026221887217549
809.0,0.006931555688846958
810.0,0.006974184307214415
811.0,0.007059337420415354
812.0,0.007129980930411464
813.0,0.007189134136324299
814.0,0.007258286830241115
815.0,0.007354679786993029
816.0,0.007506518697792647
817.0,0.007724826838471574
818.0,0.007964209280150653
819.0,0.008140446412807367
820.0,0.008181703071540244
821.0,0.00808824106523326
822.0,0.007946590339182769
823.0,0.007874354030250691
824.0,0.007942782718199051
825.0,0.008137852752712463
826.0,0.008384550609330396
827.0,0.008607025753770106
828.0,0.008783572598920833
829.0,0.008935618084995989
830.0,0.009082922683783273
831.0,0.009204739483921559
832.0,0.009242174617088691
833.0,0.009165070803958508
834.0,0.009028635297238838
835.0,0.008995617423598043
836.0,0.00924108851839811
837.0,0.009778208897135154
838.0,0.010409314781134021
839.0,0.01084071583831786
840.0,0.010875421613393027
841.0,0.010529729232210128
842.0,0.010008161235389168
843.0,0.009552077542427373
844.0,0.009297021269111083
845.0,0.009247155489476966
846.0,0.00931263218882665
847.0,0.009398594297468171
848.0,0.009455009291904279
849.0,0.009469035017028032
850.0,0.009485865280396646
851.0,0.009602768667531347
852.0,0.009825888442517347
853.0,0.009986479737465526
854.0,0.010006088143652114
855.0,0.010088975074935308
856.0,0.010348991764100604
857.0,0.010538230658380165
858.0,0.010453026828453504
859.0,0.010246622045794088
860.0,0.01013411015047265
861.0,0.010128363024400788
862.0,0.010171090107106706
863.0,0.010256608888262353
864.0,0.010398674980775235
865.0,0.010590005683854847
866.0,0.010779600145181423
867.0,0.010894439074849285
868.0,0.01089136421304876
869.0,0.010784473780839895
870.0,0.010627246880649976
871.0,0.010471775113594525
872.0,0.01033457481309892
873.0,0.010202339207042041
874.0,0.010069228317285808
875.0,0.009945036265202156
876.0,0.00984115000844532
877.0,0.009761178705214812
878.0,0.009698878591455212
879.0,0.009646817605066763
880.0,0.009605852209771754
881.0,0.009576625339427547
882.0,0.009550275397468846
883.0,0.009515630061000993
884.0,0.00946779571872726
885.0,0.009404573636108055
886.0,0.009322606417441606
887.0,0.009221540956057872
888.0,0.009108036039694706
889.0,0.00900439344404716
890.0,0.008920457449603958
891.0,0.00877575169921968
892.0,0.008452658353674494
893.0,0.007971506809775236
894.0,0.007543534412274039
895.0,0.007471890835802686
896.0,0.007924353908056153
897.0,0.008754908322625335
898.0,0.009594348744099632
899.0,0.010126830051488081
900.0,0.010274243033444291
901.0,0.010166947877653085
902.0,0.009999993376597752
903.0,0.00986243122233249
904.0,0.009740972111788121
905.0,0.00963294919109818
906.0,0.009597360094106597
907.0,0.009742887659079033
908.0,0.0101223421963587
909.0,0.01065725506175244
910.0,0.01116182446852279
911.0,0.011450340790741254
912.0,0.011459871030305518
913.0,0.011296734430758446
914.0,0.011196996396011571
915.0,0.011382740793328239
916.0,0.011920322419742307
917.0,0.012658979576365761
918.0,0.013252979747175653
919.0,0.013425555690318072
920.0,0.013347728974768436
921.0,0.013435143882565545
922.0,0.013623069229281429
923.0,0.013484042607064081
924.0,0.013105944956130558
925.0,0.012962705908720715
926.0,0.013034933285333172
927.0,0.012885432311187522
928.0,0.012366720298737158
929.0,0.011699489415969433
930.0,0.011110841821589418
931.0,0.010698255978069338
932.0,0.010459758011282932
933.0,0.01033130162270443
934.0,0.010252450907145938
935.0,0.010192247591067446
936.0,0.010144304006091037
937.0,0.010094623074880946
938.0,0.010001626388991436
939.0,0.0098334329569148
940.0,0.00960459268741612
941.0,0.009390812791443298
942.0,0.009292249918289294
943.0,0.009362894419998172
944.0,0.00957642069081513
945.0,0.009860818525037007
946.0,0.010157949981982162
947.0,0.010461414995700996
948.0,0.01078596308020209
949.0,0.011079040081720573
950.0,0.011228014661609484
951.0,0.011148281559961865
952.0,0.010874326660808634
953.0,0.010583398185036133
954.0,0.010483607660117827
955.0,0.010667702304739402
956.0,0.011071898119042037
957.0,0.011558539097148254
958.0,0.012015905133124782
959.0,0.01242206830078868
960.0,0.012802687123364312
961.0,0.013149330305361195
962.0,0.013436693716850481
963.0,0.013662648571540148
964.0,0.013851589580033435
965.0,0.01403249504601825
966.0,0.01418946884152067
967.0,0.01426757318452683
968.0,0.014293458136144646
969.0,0.014412022755727283
970.0,0.014765947300272655
971.0,0.015382789324852944
972.0,0.016164702454452604
973.0,0.016970770001387386
974.0,0.017734931643516458
975.0,0.018487126712154495
976.0,0.01924629256600526
977.0,0.01996660404271329
978.0,0.020567416978686116
979.0,0.021025128014204357
980.0,0.021453190833285785
981.0,0.022040390760186497
982.0,0.02291536694530314
983.0,0.02406613478008253
984.0,0.025368246456293347
985.0,0.02666367291578313
986.0,0.02785102672123113
987.0,0.028947865991695326
988.0,0.030070441649898867
989.0,0.03137046377806983
990.0,0.03294674016787312
991.0,0.03476286370411473
992.0,0.036654555864977956
993.0,0.03839831713009365
994.0,0.03985115493730666
995.0,0.04112316503060383
996.0,0.04255100063040021
997.0,0.044461432164697307
998.0,0.04695371560113323
999.0,0.04989531996362772
1000.0,0.05304766140249566
1001.0,0.05620481485150444
1002.0,0.05931733909622777
1003.0,0.06248891532286091
1004.0,0.06592113458424198
1005.0,0.06985919167623342
1006.0,0.07437715823161506
1007.0,0.0791956247751307
1008.0,0.08395974122834327
1009.0,0.08868833868540787
1010.0,0.09350510302235963
1011.0,0.09810443346297616
1012.0,0.10194636338174846
1013.0,0.10474171810701154
1014.0,0.10656510668499834
1015.0,0.1076617926543148
1016.0,0.1081296848429706
1017.0,0.10776645880406367
1018.0,0.10654736987833659
1019.0,0.10493109951593745
1020.0,0.10334887937361589
1021.0,0.10180572715510847
1022.0,0.10025910022478565
1023.0,0.0988719420485756
1024.0,0.09763635295500026
1025.0,0.09633447648475518
1026.0,0.09508359290159846
1027.0,0.09440648007725994
1028.0,0.09465184179049321
1029.0,0.09577838316727826
1030.0,0.097712955094339
1031.0,0.10051609742537777
1032.0,0.10426073205666253
1033.0,0.10895212054430901
1034.0,0.11451400386322662
1035.0,0.1209108233988885
1036.0,0.12829115652260736
1037.0,0.13676616103884492
1038.0,0.14612014233749546
1039.0,0.15599247814408176
1040.0,0.16622709689615894
1041.0,0.1768893127855258
1042.0,0.18808585484355655
1043.0,0.1998379931153318
1044.0,0.21205576243134747
1045.0,0.2247884269413721
1046.0,0.2382930874418142
1047.0,0.2524077328745201
1048.0,0.2664765335948033
1049.0,0.28066357033771716
1050.0,0.2962364354228033
1051.0,0.3137475882679508
1052.0,0.3325073092957772
1053.0,0.35257147577382864
1054.0,0.3753514531133961
1055.0,0.40199317607853924
1056.0,0.43247471187843867
1057.0,0.4661008080163316
1058.0,0.5026347874305781
1059.0,0.543397764180109
1060.0,0.5894520083933443
1061.0,0.6385399643236692
1062.0,0.6877051621967103
1063.0,0.7383068482758356
1064.0,0.7922414202730595
1065.0,0.8454526193875824
1066.0,0.8920668595668759
1067.0,0.9315156826483973
1068.0,0.9654558121961294
1069.0,0.9920132018695237
1070.0,1.007339679749881
1071.0,1.0092696477987633
1072.0,0.9988844379840539
1073.0,0.9793875095845933
1074.0,0.9519894628389499
1075.0,0.9145267687062076
1076.0,0.8675413358695011
1077.0,0.8165982085057469
1078.0,0.7656571870159987
1079.0,0.7139534888078447
1080.0,0.6612422445276419
1081.0,0.6101314772000215
1082.0,0.5625704070321642
1083.0,0.5183468559581224
1084.0,0.4768209388672944
1085.0,0.43791383892264524
1086.0,0.40178784386919564
1087.0,0.36853754639946257
1088.0,0.3379799914432533
1089.0,0.30982660581715715
1090.0,0.2840468365152409
1091.0,0.2606954782074121
1092.0,0.23953397034050475
1093.0,0.2202156288211814
1094.0,0.2026453153579155
1095.0,0.186885857233255
1096.0,0.17292019031806263
1097.0,0.16086442000556145
1098.0,0.15104204029130533
1099.0,0.14315977284877007
1100.0,0.1359796560751012
1101.0,0.1282932107903078
1102.0,0.1198459346730107
1103.0,0.11125783876567706
1104.0,0.10341094557958663
1105.0,0.09695379560434537
1106.0,0.09194879265327333
1107.0,0.08795845958986244
1108.0,0.08442627689566339
1109.0,0.0810260117823596
1110.0,0.07777955578602994
1111.0,0.0748035965559983
1112.0,0.07214514849694455
1113.0,0.06982082320707643
1114.0,0.06779983708491875
1115.0,0.06597747988434835
1116.0,0.064242945468864
1117.0,0.06256896240413617
1118.0,0.061005573720470545
1119.0,0.05960375592672139
1120.0,0.05838360202544949
1121.0,0.05733995948152931
1122.0,0.05645033450652135
1123.0,0.05569178044785049
1124.0,0.05506029545143168
1125.0,0.05456323717714127
1126.0,0.05410145874951632
1127.0,0.053474193851745164
1128.0,0.05274011644555743
1129.0,0.05227905975399369
1130.0,0.052151935818975786
1131.0,0.05192024272477905
1132.0,0.05148376210761304
1133.0,0.05132943505840663
1134.0,0.05165454834255
1135.0,0.0520648724674014
1136.0,0.052249877400909556
1137.0,0.05230305237256756
1138.0,0.052417579701205266
1139.0,0.05266894340160528
1140.0,0.0530178099668127
1141.0,0.05332142505006864
1142.0,0.05337382774076131
1143.0,0.0530436201921671
1144.0,0.052377131450182114
1145.0,0.05155449310186908
1146.0,0.05074481444808048
1147.0,0.05001002372299268
1148.0,0.04930224609775263
1149.0,0.04852104095043002
1150.0,0.047600938857399175
1151.0,0.046547095121235664
1152.0,0.045410135511218315
1153.0,0.044196149459531694
1154.0,0.042829626114248065
1155.0,0.04128982886483418
1156.0,0.039688206982158344
1157.0,0.03815395759290595
1158.0,0.03673362526322364
1159.0,0.03542893187836297
1160.0,0.03425806211949624
1161.0,0.033295823141587105
1162.0,0.0326226424990754
1163.0,0.03218877425572906
1164.0,0.03184602194099145
1165.0,0.031538158127462
1166.0,0.03132216888970659
1167.0,0.03121883625584084
1168.0,0.031105304421970265
1169.0,0.030709627848598722
1170.0,0.029859953691112898
1171.0,0.028736771855506223
1172.0,0.027786832330408254
1173.0,0.027418519206683693
1174.0,0.027707046928474234
1175.0,0.028342995785372818
1176.0,0.028910027029367596
1177.0,0.029230447730158537
1178.0,0.029350585300234995
1179.0,0.029349376085519692
1180.0,0.029244941004910166
1181.0,0.02898088686683828
1182.0,0.028572329162576918
1183.0,0.02817886878102062
1184.0,0.027977771861436018
1185.0,0.028027057728096334
1186.0,0.02823672021044294
1187.0,0.028449673970959086
1188.0,0.02857729825043282
1189.0,0.02864864887568705
1190.0,0.028712673831490634
1191.0,0.028751498799867894
1192.0,0.028659465291135472
1193.0,0.028384737896471682
1194.0,0.028139563054909
1195.0,0.028170552778293202
1196.0,0.028322243996183452
1197.0,0.028259682992688835
1198.0,0.028018999335949535
1199.0,0.027877266971068966
1200.0,0.027886042634598984
1201.0,0.027887924301865777
1202.0,0.02777694111502515
1203.0,0.027639017594775613
1204.0,0.02771762306964263
1205.0,0.02805241847944484
1206.0,0.028294598627012377
1207.0,0.028253587063785633
1208.0,0.028245693535317744
1209.0,0.02843099674170805
1210.0,0.02844599751266417
1211.0,0.02819753427068296
1212.0,0.02818618726467189
1213.0,0.02863268664890179
1214.0,0.029111589901689848
1215.0,0.0292584105219669
1216.0,0.029163478063678555
1217.0,0.029037279688978603
1218.0,0.0289695824978147
1219.0,0.02897208589008419
1220.0,0.028992565149843517
1221.0,0.02891224991680738
1222.0,0.02864185085764947
1223.0,0.02822141739463345
1224.0,0.027816455556129376
1225.0,0.027621423976820145
1226.0,0.02772452079262628
1227.0,0.028046723825884516
1228.0,0.028426276294025145
1229.0,0.028764594658436726
1230.0,0.02904554278398863
1231.0,0.029277969780587332
1232.0,0.02945488994254751
1233.0,0.02953864179088596
1234.0,0.029528137760258706
1235.0,0.029494697971927337
1236.0,0.029508746818291756
1237.0,0.02958124267034465
1238.0,0.029714921177303226
1239.0,0.029926940962153835
1240.0,0.03016690623290011
1241.0,0.030329556396310124
1242.0,0.030393753241416598
1243.0,0.030453104328719026
1244.0,0.03059617466945707
1245.0,0.030812345274845512
1246.0,0.03098766605422703
1247.0,0.031037419550887173
1248.0,0.031082499648381605
1249.0,0.03131457232865283
1250.0,0.031694775600129815
1251.0,0.03200870720261342
1252.0,0.03214814797879185
1253.0,0.03214864854078373
1254.0,0.03205622587728108
1255.0,0.03189269570636058
1256.0,0.0316716921851437
1257.0,0.03144610450165207
1258.0,0.031328225988046084
1259.0,0.031400041160049984
1260.0,0.031637747468558394
1261.0,0.03193469791359974
1262.0,0.03218324715366495
1263.0,0.0323384269108289
1264.0,0.03243553550184072
1265.0,0.032546647639950604
1266.0,0.032717756301151354
1267.0,0.03294682037233154
1268.0,0.03320048389859001
1269.0,0.03346450729075176
1270.0,0.033758775773326845
1271.0,0.034096542269199594
1272.0,0.034446414326072664
1273.0,0.03471938298480642
1274.0,0.03483448777701577
1275.0,0.03480963626544687
1276.0,0.03475014856388546
1277.0,0.03475386480993605
1278.0,0.034854937428599554
1279.0,0.035033320567988274
1280.0,0.03527115272107083
1281.0,0.03561005494980766
1282.0,0.036078478260672994
1283.0,0.036604221860484204
1284.0,0.03705636700288088
1285.0,0.0373406163361771
1286.0,0.03746085035338026
1287.0,0.037504222903545846
1288.0,0.037534684823315304
1289.0,0.03752437420520043
1290.0,0.03746293861698392
1291.0,0.03743987922605729
1292.0,0.03758845749098046
1293.0,0.03798180132815019
1294.0,0.03853994599918039
1295.0,0.03907809838387198
1296.0,0.03949383814738499
1297.0,0.03982075773298079
1298.0,0.040066050787483765
1299.0,0.040150480362472665
1300.0,0.0399952395972127
1301.0,0.03962881234887024
1302.0,0.03924273853363958
1303.0,0.03906299336571165
1304.0,0.03915419013587327
1305.0,0.03942746119657114
1306.0,0.03980754505000009
1307.0,0.04027733951043306
1308.0,0.04083289005636819
1309.0,0.04138970898843773
1310.0,0.0417395666056609
1311.0,0.04173057712985649
1312.0,0.04143181962726318
1313.0,0.041099787673436215
1314.0,0.041003322698288436
1315.0,0.041244453217151894
1316.0,0.04169942347825512
1317.0,0.04212387884714347
1318.0,0.042338893755400925
1319.0,0.04232934313140895
1320.0,0.042240783124487306
1321.0,0.042303169784163416
1322.0,0.042670686251061504
1323.0,0.04329164568693739
1324.0,0.04393155371607413
1325.0,0.04433122916006607
1326.0,0.04438426772263192
1327.0,0.04419193116321333
1328.0,0.04396557064945545
1329.0,0.043845688250001624
1330.0,0.04384943981343107
1331.0,0.04397056463113533
1332.0,0.04421931660124441
1333.0,0.04461195389222619
1334.0,0.04512558052927336
1335.0,0.04566642191026448
1336.0,0.046130800234562674
1337.0,0.04648250213195249
1338.0,0.046748319647836906
1339.0,0.04696553645727777
1340.0,0.047173570718290515
1341.0,0.04740490598166093
1342.0,0.04763206838566788
1343.0,0.047763748040780776
1344.0,0.04772879614350581
1345.0,0.04755364369762317
1346.0,0.047384228750102904
1347.0,0.04740208044510618
1348.0,0.04766975741675853
1349.0,0.04809786434681644
1350.0,0.04860080806233503
1351.0,0.04917403266120122
1352.0,0.04980575337282916
1353.0,0.05039533109985866
1354.0,0.05071868107092266
1355.0,0.05059420065445651
1356.0,0.05010988015489972
1357.0,0.049594024645051284
1358.0,0.04937976826967275
1359.0,0.049583305849586666
1360.0,0.050056427861844124
1361.0,0.05053738611733244
1362.0,0.050880744850578315
1363.0,0.05109533601538843
1364.0,0.05123750198567584
1365.0,0.051346331935972454
1366.0,0.0514132524904414
1367.0,0.05142946521431525
1368.0,0.051435056517668845
1369.0,0.0514921690540774
1370.0,0.051638595392569805
1371.0,0.05186388744909584
1372.0,0.05212047177063229
1373.0,0.05236254195860583
1374.0,0.05257633130202175
1375.0,0.05276549709711333
1376.0,0.05293302721068015
1377.0,0.053079890502249136
1378.0,0.05320648769129671
1379.0,0.05331785011335153
1380.0,0.05342471559292496
1381.0,0.05353862301454889
1382.0,0.05367734233285724
1383.0,0.05387782456117781
1384.0,0.05416618204596231
1385.0,0.054518006799883834
1386.0,0.054853564879407554
1387.0,0.05506936319385737
1388.0,0.05511496880417322
1389.0,0.055040299251042514
1390.0,0.054970656264661924
1391.0,0.05502882236744508
1392.0,0.055255805853822615
1393.0,0.05559042646162115
1394.0,0.05591172154774573
1395.0,0.056122622350936874
1396.0,0.05621399778977881
1397.0,0.05626037766877859
1398.0,0.05633280980345978
1399.0,0.05643475676358187
1400.0,0.056561784422318094
1401.0,0.05674996249429469
1402.0,0.057054243913331644
1403.0,0.05749652552690266
1404.0,0.0580058786371294
1405.0,0.05845312549832611
1406.0,0.05876404792980282
1407.0,0.05896490440123739
1408.0,0.059121052503316535
1409.0,0.05927277192518063
1410.0,0.05940878826976648
1411.0,0.059518758568653275
1412.0,0.05967944186227301
1413.0,0.0599870771909265
1414.0,0.060432012689628584
1415.0,0.06084820489625416
1416.0,0.06097335748611446
1417.0,0.06069126694952506
1418.0,0.06019476250599676
1419.0,0.05985762737733181
1420.0,0.05996533102721438
1421.0,0.0605333937016497
1422.0,0.06132556841569407
1423.0,0.06205515996193728
1424.0,0.06259879974379885
1425.0,0.06297021428611224
1426.0,0.06322177048467711
1427.0,0.06342497676757572
1428.0,0.06363376428058332
1429.0,0.06385538024983961
1430.0,0.06405544220041018
1431.0,0.06419626368388043
1432.0,0.06426265130043803
1433.0,0.06424582314861109
1434.0,0.06414099643762541
1435.0,0.06395339288961242
1436.0,0.06375004269932782
1437.0,0.06372167796245823
1438.0,0.06404860384317634
1439.0,0.06470999599428429
1440.0,0.06549041077618026
1441.0,0.06614937745637053
1442.0,0.06657217224321177
1443.0,0.06680953830217395
1444.0,0.06696667110167706
1445.0,0.06705315627235675
1446.0,0.06707113895449121
1447.0,0.06712874288240721
1448.0,0.06729146822836642
1449.0,0.06746209258082542
1450.0,0.06753850048899669
1451.0,0.06756111331234767
1452.0,0.06762679332518612
1453.0,0.06776877858339006
1454.0,0.06792463560105988
1455.0,0.0680021372946065
1456.0,0.06804134056326491
1457.0,0.06820189126687637
1458.0,0.06851156003738056
1459.0,0.06881559325404378
1460.0,0.06900826636686051
1461.0,0.06913800434211653
1462.0,0.06930209261621488
1463.0,0.06955678635249159
1464.0,0.06989985989349094
1465.0,0.07026785999707442
1466.0,0.07056101598335808
1467.0,0.07072046327652406
1468.0,0.07078575182700798
1469.0,0.07084806834809251
1470.0,0.07095538518917585
1471.0,0.07110099803739521
1472.0,0.07126604021858202
1473.0,0.07143404116684987
1474.0,0.07159661296402244
1475.0,0.07176238975545735
1476.0,0.07195223592752602
1477.0,0.07217194000838403
1478.0,0.07239589117054004
1479.0,0.07257338259624169
1480.0,0.07267851846635431
1481.0,0.07283020895746173
1482.0,0.0732303448974449
1483.0,0.07385137475628907
1484.0,0.07440084074306758
1485.0,0.07468677703554244
1486.0,0.0747813802864659
1487.0,0.07480191090831992
1488.0,0.07478283263336392
1489.0,0.07473596452684854
1490.0,0.07470559119281435
1491.0,0.0747975226012837
1492.0,0.07509963475012474
1493.0,0.07557478043386845
1494.0,0.07605358372374955
1495.0,0.07632201900731504
1496.0,0.07629975342170636
1497.0,0.07613936294229011
1498.0,0.07611329806524131
1499.0,0.07640612274916626
1500.0,0.07698897919676866
1501.0,0.07765866935484644
1502.0,0.07825283815246398
1503.0,0.07880158044527301
1504.0,0.07926930058089231
1505.0,0.07942380265542628
1506.0,0.07932307603778671
1507.0,0.07943181033973307
1508.0,0.07982943709335302
1509.0,0.08000023743690518
1510.0,0.07984757818045234
1511.0,0.07994110908354585
1512.0,0.08040667747341111
1513.0,0.08067306396080735
1514.0,0.08046598880031654
1515.0,0.08013413905546855
1516.0,0.08004743963708795
1517.0,0.0802685487008702
1518.0,0.0806792706333356
1519.0,0.08112961285424716
1520.0,0.08155373709264217
1521.0,0.08195626491031137
1522.0,0.08230299119571047
1523.0,0.08253083810791462
1524.0,0.08261306385443314
1525.0,0.08260531949995982
1526.0,0.08263398748037096
1527.0,0.08279937469609985
1528.0,0.08309325031786706
1529.0,0.08341076564989204
1530.0,0.08363410138411265
1531.0,0.08371531770630189
1532.0,0.08371610616264648
1533.0,0.08380498749132967
1534.0,0.08415415734263876
1535.0,0.0847644774908949
1536.0,0.08544427162386611
1537.0,0.08600680631224494
1538.0,0.08641802950327888
1539.0,0.08674102806885772
1540.0,0.0870337398570727
1541.0,0.08727522534557583
1542.0,0.08739592697225322
1543.0,0.0874000145918467
1544.0,0.0873878495752867
1545.0,0.08747351381749152
1546.0,0.08769085230746858
1547.0,0.08795647856136708
1548.0,0.08814595589181733
1549.0,0.08821133455018183
1550.0,0.08822499133868172
1551.0,0.08832823620689251
1552.0,0.08861092327225562
1553.0,0.08902751014855435
1554.0,0.08945759620621636
1555.0,0.08982383151028571
1556.0,0.0901198799002939
1557.0,0.09037408848193995
1558.0,0.09056012344308273
1559.0,0.09057801868597831
1560.0,0.09042947733911809
1561.0,0.09029560829714448
1562.0,0.09038926311086463
1563.0,0.0907846944997463
1564.0,0.09136252211043445
1565.0,0.09190737843433672
1566.0,0.09229802448248095
1567.0,0.09258163401681234
1568.0,0.09284793093865626
1569.0,0.09313295211944977
1570.0,0.09342947001181875
1571.0,0.09369924739381705
1572.0,0.09388700933123068
1573.0,0.09396444857255287
1574.0,0.09395959635433715
1575.0,0.09399061216734635
1576.0,0.09426122533432191
1577.0,0.09487842155240646
1578.0,0.0957019508311053
1579.0,0.09647123839832837
1580.0,0.09703732985541955
1581.0,0.09740148796315024
1582.0,0.0976254911522894
1583.0,0.09774483496842443
1584.0,0.0977289044275674
1585.0,0.09761689374033389
1586.0,0.09758448166081364
1587.0,0.09778378989137877
1588.0,0.09820407839046706
1589.0,0.09868900253495738
1590.0,0.09906201278291563
1591.0,0.09926642638707034
1592.0,0.09939501434009065
1593.0,0.09955910767656258
1594.0,0.09979031150511465
1595.0,0.10006939039730625
1596.0,0.10036559148943741
1597.0,0.1006611476265245
1598.0,0.10096396735580301
1599.0,0.10127267788079787
