0.0,0.0
1.0,0.0
2.0,0.0
3.0,0.0
4.0,0.0
5.0,0.0
6.0,0.0
7.0,0.0
8.0,0.0
9.0,0.0
10.0,0.0
11.0,0.0
12.0,0.0
13.0,0.0
14.0,0.0
15.0,0.0
16.0,0.0
17.0,0.0
18.0,0.0
19.0,0.0
20.0,0.0
21.0,0.0
22.0,0.0
23.0,0.0
24.0,0.0
25.0,0.0
26.0,0.0
27.0,0.0
28.0,0.0
29.0,0.0
30.0,0.0
31.0,0.0
32.0,0.0
33.0,0.0
34.0,0.0
35.0,0.0
36.0,0.0
37.0,0.0
38.0,0.0
39.0,0.0
40.0,0.0
41.0,0.0
42.0,0.0
43.0,0.0
44.0,0.0
45.0,0.0
46.0,0.0
47.0,0.0
48.0,0.0
49.0,0.0
50.0,0.0
51.0,0.0
52.0,0.0
53.0,0.0
54.0,0.0
55.0,0.0
56.0,0.0
57.0,0.0
58.0,0.0
59.0,0.0
60.0,0.0
61.0,0.0
62.0,0.0
63.0,0.0
64.0,0.0
65.0,0.0
66.0,0.0
67.0,0.0
68.0,0.0
69.0,0.0
70.0,0.0
71.0,0.0
72.0,0.0
73.0,0.0
74.0,0.0
75.0,0.0
76.0,0.0
77.0,0.0
78.0,0.0
79.0,0.0
80.0,0.0
81.0,0.0
82.0,0.0
83.0,0.0
84.0,0.0
85.0,0.0
86.0,0.0
87.0,0.0
88.0,0.0
89.0,0.0
90.0,0.0
91.0,0.0
92.0,0.0
93.0,0.0
94.0,0.0
95.0,0.0
96.0,0.0
97.0,0.0
98.0,0.0
99.0,0.0
100.0,0.0
101.0,0.0
102.0,0.0
103.0,0.0
104.0,0.0
105.0,0.0
106.0,0.0
107.0,0.0
108.0,0.0
109.0,0.0
110.0,0.0
111.0,0.0
112.0,0.0
113.0,0.0
114.0,0.0
115.0,0.0
116.0,0.0
117.0,0.0
118.0,0.0
119.0,0.0
120.0,0.0
121.0,0.0
122.0,0.0
123.0,0.0
124.0,0.0
125.0,0.0
126.0,0.0
127.0,0.0
128.0,0.0
129.0,0.0
130.0,0.0
131.0,0.0
132.0,0.0
133.0,0.0
134.0,0.0
135.0,0.0
136.0,0.0
137.0,0.0
138.0,0.0
139.0,0.0
140.0,0.0
141.0,0.0
142.0,0.0
143.0,0.0
144.0,0.0
145.0,0.0
146.0,0.0
147.0,0.0
148.0,0.0
149.0,0.0
150.0,0.0
151.0,0.0
152.0,0.0
153.0,0.0
154.0,0.0
155.0,0.0
156.0,0.0
157.0,0.0
158.0,0.0
159.0,0.0
160.0,0.0
161.0,0.0
162.0,0.0
163.0,0.0
164.0,0.0
165.0,0.0
166.0,0.0
167.0,0.0
168.0,0.0
169.0,0.0
170.0,0.0
171.0,0.0
172.0,0.0
173.0,0.0
174.0,0.0
175.0,0.0
176.0,0.0
177.0,0.0
178.0,0.0
179.0,0.0
180.0,0.0
181.0,0.0
182.0,0.0
183.0,0.0
184.0,0.0
185.0,0.0
186.0,0.0
187.0,0.0
188.0,0.0
189.0,0.0
190.0,0.0
191.0,0.0
192.0,0.0
193.0,0.0
194.0,0.0
195.0,0.0
196.0,0.0
197.0,0.0
198.0,0.0
199.0,0.0
200.0,0.0
201.0,0.0
202.0,0.0
203.0,0.0
204.0,0.0
205.0,0.0
206.0,0.0
207.0,0.0
208.0,0.0
209.0,0.0
210.0,0.0
211.0,0.0
212.0,0.0
213.0,0.0
214.0,0.0
215.0,0.0
216.0,0.0
217.0,0.049696570582383505
218.0,0.04966426942210203
219.0,0.05001906762771143
220.0,0.05070273717314034
221.0,0.05195316711168277
222.0,0.05384168207870654
223.0,0.0560864833791789
224.0,0.05814506132976222
225.0,0.05956164454698362
226.0,0.060208557872735075
227.0,0.06023372005030856
228.0,0.05991946403642408
229.0,0.05951728015251387
230.0,0.05920244787929843
231.0,0.05915020823337864
232.0,0.059423213751104584
233.0,0.05987257989053592
234.0,0.06024528788549477
235.0,0.06036890221490055
236.0,0.06016562861995256
237.0,0.05959281346824244
238.0,0.058725833253088874
239.0,0.05780129717236328
240.0,0.05727914234880861
241.0,0.05768350886209035
242.0,0.05912128502280255
243.0,0.06113357154438881
244.0,0.06314191928175111
245.0,0.06476981303017913
246.0,0.06545221403959585
247.0,0.06458281634178512
248.0,0.062367610667592596
249.0,0.059798807537223414
250.0,0.05767713597009605
251.0,0.05616120011761286
252.0,0.05524397277322555
253.0,0.054898908208598135
254.0,0.05489376471762154
255.0,0.0547900537126937
256.0,0.054070927593873164
257.0,0.052465806089602336
258.0,0.050153678099350715
259.0,0.04762910038479127
260.0,0.04535205739825461
261.0,0.043797993212003394
262.0,0.043574407693420365
263.0,0.0447982816943026
264.0,0.04673938263353264
265.0,0.048453404929597585
266.0,0.049527403170547206
267.0,0.049864639077393705
268.0,0.04934754476091387
269.0,0.048164625600495996
270.0,0.04684852263228974
271.0,0.04577179398755563
272.0,0.04487767838654627
273.0,0.04403234641993651
274.0,0.043290111775686486
275.0,0.04276790736064827
276.0,0.04254042698159945
277.0,0.04264268846935525
278.0,0.04306908349882696
279.0,0.04377561315575065
280.0,0.04470863173695719
281.0,0.04582912925131262
282.0,0.04719391701752278
283.0,0.049021528627092095
284.0,0.05139507826829831
285.0,0.0539472371879206
286.0,0.05607958221888101
287.0,0.057412729957617106
288.0,0.05793723448924306
289.0,0.0578674823320126
290.0,0.05753591550919717
291.0,0.05725702620778092
292.0,0.05730907283696246
293.0,0.05791709369812166
294.0,0.059037798284777315
295.0,0.06033961500512035
296.0,0.06149510978659285
297.0,0.06239539197653336
298.0,0.06292274204036376
299.0,0.06291941894137981
300.0,0.06265422713157201
301.0,0.06266118988236316
302.0,0.06280103825226618
303.0,0.06237209227739523
304.0,0.061392559311072424
305.0,0.06077716418084853
306.0,0.061209160376446727
307.0,0.0631134460403753
308.0,0.06767081203484344
309.0,0.07573852682840443
310.0,0.08605205785303732
311.0,0.0961686540332208
312.0,0.10478588898024249
313.0,0.1118397649417634
314.0,0.11720606404546939
315.0,0.12089287769993348
316.0,0.1235288515543509
317.0,0.12623423102671222
318.0,0.13008038252861348
319.0,0.13521567460296577
320.0,0.14065431633010708
321.0,0.1452108407752291
322.0,0.14834734869552874
323.0,0.1493875118142004
324.0,0.14729873345377315
325.0,0.1422754495829901
326.0,0.13599909192071435
327.0,0.12975820426843196
328.0,0.12343813449671988
329.0,0.11660947941328204
330.0,0.10935567964954221
331.0,0.10210010411970552
332.0,0.09533219558238323
333.0,0.08939498182171676
334.0,0.08435389890777992
335.0,0.08007196750709164
336.0,0.0763585357422547
337.0,0.0731090569508421
338.0,0.0702081570922398
339.0,0.06734036282666905
340.0,0.06432450071117622
341.0,0.06148087487234952
342.0,0.05947771099069936
343.0,0.05889809715782461
344.0,0.05997963183494794
345.0,0.06259032830415287
346.0,0.06614518157141644
347.0,0.06978959081504618
348.0,0.07267280083510633
349.0,0.07427445435909358
350.0,0.07471339187187993
351.0,0.07460298444471682
352.0,0.07451883221259664
353.0,0.07467313211795815
354.0,0.07533380365863404
355.0,0.0768481238011787
356.0,0.07900947262167861
357.0,0.08108284464560259
358.0,0.08253159562478687
359.0,0.08332768791163336
360.0,0.08358071653561852
361.0,0.08339045204899073
362.0,0.08296945360650597
363.0,0.08248678478396296
364.0,0.08183490608760693
365.0,0.08084507665889686
366.0,0.07966114228152404
367.0,0.07862178844681084
368.0,0.07791486608906849
369.0,0.07763201422168814
370.0,0.07794961819094134
371.0,0.07889110789065107
372.0,0.0801291526965435
373.0,0.08102891502283127
374.0,0.0809548874631508
375.0,0.07980997985531302
376.0,0.07816783779620153
377.0,0.07670699126716662
378.0,0.07581507942165223
379.0,0.07625698634938122
380.0,0.07903858258096828
381.0,0.08391160577346798
382.0,0.08923577777878283
383.0,0.09363066633736072
384.0,0.09683046522865951
385.0,0.0988269257076054
386.0,0.09959890367373092
387.0,0.0996024789792703
388.0,0.09971506065444358
389.0,0.10080586308439696
390.0,0.10318275019598405
391.0,0.10638182182915026
392.0,0.10957049325552715
393.0,0.11222846778295782
394.0,0.11404636666392437
395.0,0.1144700667878405
396.0,0.11330691253973152
397.0,0.11126509919585251
398.0,0.10917979161776098
399.0,0.10711479686407477
400.0,0.10477233753956333
401.0,0.1021732007889525
402.0,0.09955680219257253
403.0,0.09714361283698364
404.0,0.09518860788994046
405.0,0.09393403131690346
406.0,0.09333350404075849
407.0,0.09303490677979236
408.0,0.09272215410371915
409.0,0.09226563549521456
410.0,0.09140595662789516
411.0,0.08986308804454221
412.0,0.0878727457554252
413.0,0.08618755538782771
414.0,0.08557656691554154
415.0,0.08635176066879385
416.0,0.08828864162386296
417.0,0.09078701272515012
418.0,0.09321192730206593
419.0,0.09505536476945364
420.0,0.09587530177922299
421.0,0.09559876756558564
422.0,0.09469746958088843
423.0,0.09377645006997831
424.0,0.0930517127071619
425.0,0.09244042520768297
426.0,0.09190513767234545
427.0,0.09149419635166271
428.0,0.09131639787221221
429.0,0.09166820013491786
430.0,0.09295673572605914
431.0,0.09522881927654993
432.0,0.09801275728696465
433.0,0.10075868893079953
434.0,0.10318196803968152
435.0,0.10501235718495189
436.0,0.10600464891401731
437.0,0.10636044206826119
438.0,0.10672914248728627
439.0,0.1077886328143261
440.0,0.10988389331741591
441.0,0.11304080582594997
442.0,0.11690150538648691
443.0,0.12069082649724315
444.0,0.12359583655524059
445.0,0.12519869416132634
446.0,0.12558236534809056
447.0,0.1250493447189193
448.0,0.12383656753680344
449.0,0.12194683539380136
450.0,0.11904872619829096
451.0,0.1146330719804298
452.0,0.10884239566990034
453.0,0.10291324845413441
454.0,0.09868188361647776
455.0,0.09758825714113156
456.0,0.09977858684939007
457.0,0.10406091012514741
458.0,0.10864610774297807
459.0,0.11210412879383845
460.0,0.1132944900008753
461.0,0.11157667591116782
462.0,0.1076671795143456
463.0,0.10334021252146108
464.0,0.10011124573070784
465.0,0.09846776761753784
466.0,0.09844834531946828
467.0,0.09985756242724456
468.0,0.10194161487682102
469.0,0.10392415686194867
470.0,0.10587276392431774
471.0,0.10831517268722068
472.0,0.11113027099439116
473.0,0.11351138592369658
474.0,0.11470457393166747
475.0,0.1141989964323697
476.0,0.11157421273973753
477.0,0.1070718836252482
478.0,0.1018983132949988
479.0,0.0978778021533358
480.0,0.09663250444057184
481.0,0.09851369505110227
482.0,0.10241995758782167
483.0,0.10685258710839173
484.0,0.1109340691503583
485.0,0.11351340800723769
486.0,0.11307989502555187
487.0,0.10982528780722695
488.0,0.10597776212623944
489.0,0.10348980288393274
490.0,0.10263013084684053
491.0,0.1031253248836321
492.0,0.10483451233813938
493.0,0.10724630964974449
494.0,0.1096568312142099
495.0,0.11181742380369189
496.0,0.11390998399643426
497.0,0.11593327820457305
498.0,0.11763575787806249
499.0,0.11889213841821805
500.0,0.11960456777523515
501.0,0.11940737925676631
502.0,0.11817025850486595
503.0,0.11652220499018838
504.0,0.11520255366209112
505.0,0.11422895422287213
506.0,0.11331212287201968
507.0,0.1125578661083648
508.0,0.11225368934999869
509.0,0.11253407343392652
510.0,0.1136960080343182
511.0,0.11624896331718321
512.0,0.12008998845814822
513.0,0.12426525657134616
514.0,0.1278677215682961
515.0,0.13067800397652032
516.0,0.1327341053502225
517.0,0.1340443082914676
518.0,0.13487440796436634
519.0,0.13559815079632836
520.0,0.13616849198440234
521.0,0.13623840614873206
522.0,0.13584177752389062
523.0,0.13550606192699668
524.0,0.1357748896772501
525.0,0.13704503321932043
526.0,0.13974105484206806
527.0,0.1437945013663516
528.0,0.1481782066220629
529.0,0.15135140409831097
530.0,0.1521167766821319
531.0,0.15023266543759992
532.0,0.1463432074097905
533.0,0.14153812353412537
534.0,0.1366672231728901
535.0,0.13194716372917425
536.0,0.12708395413024726
537.0,0.1219630682518662
538.0,0.1171050626033692
539.0,0.1131680497316189
540.0,0.11043629739092714
541.0,0.10893182356124564
542.0,0.1085485337867511
543.0,0.10888933157449923
544.0,0.1095573922726453
545.0,0.11087097555549694
546.0,0.11352634857108906
547.0,0.11729024589094947
548.0,0.12098685873377751
549.0,0.12379667359423763
550.0,0.12562371908319206
551.0,0.12637878337049005
552.0,0.12598951429681637
553.0,0.12483576659312444
554.0,0.1233581981683825
555.0,0.12142180352673647
556.0,0.11870786551617768
557.0,0.11543173174125965
558.0,0.11214840672964133
559.0,0.10919443816486887
560.0,0.10649157393095754
561.0,0.10371408872508911
562.0,0.10082736426540159
563.0,0.0984126408433875
564.0,0.09738946865262862
565.0,0.09846402333928675
566.0,0.10174219675430632
567.0,0.10667369985520841
568.0,0.11220504142659987
569.0,0.11731837447966564
570.0,0.1215451001236573
571.0,0.12502496535562613
572.0,0.1279973157055842
573.0,0.13037740290783773
574.0,0.13178845424828572
575.0,0.13179893150154925
576.0,0.1301775197860775
577.0,0.12720036705371693
578.0,0.12372136237020523
579.0,0.12092357789888056
580.0,0.11994672916484705
581.0,0.12114468789270723
582.0,0.12375098117916147
583.0,0.12651847865611957
584.0,0.12871588698671635
585.0,0.13016898857956938
586.0,0.13078001346633897
587.0,0.13064373424807016
588.0,0.13017044403058137
589.0,0.13017459248359844
590.0,0.13158930168937755
591.0,0.13452986639173375
592.0,0.13801007639304874
593.0,0.14095346003213566
594.0,0.1428594651314074
595.0,0.14267229874795717
596.0,0.1389720158888159
597.0,0.1323937416539765
598.0,0.12574875612105302
599.0,0.12125973275754959
600.0,0.11913782321594296
601.0,0.11890964847717733
602.0,0.12016259527961629
603.0,0.12219594770834491
604.0,0.12437075977929166
605.0,0.12670931629889848
606.0,0.12954261581417462
607.0,0.13266028064957108
608.0,0.13533056832596668
609.0,0.13691150031443172
610.0,0.13709505012513523
611.0,0.13581572889689641
612.0,0.13344024745325683
613.0,0.1307724526878705
614.0,0.1288691484396686
615.0,0.12864794609571673
616.0,0.1301542174817138
617.0,0.1324326289936805
618.0,0.13430374421000452
619.0,0.13518170169827134
620.0,0.13486581820260413
621.0,0.1332921320269077
622.0,0.13089585172518484
623.0,0.1285043901073709
624.0,0.126727908978011
625.0,0.12564447837217552
626.0,0.125142601327702
627.0,0.12515363975497573
628.0,0.1255150604890723
629.0,0.12617908198672498
630.0,0.12762675778825008
631.0,0.13031988056125676
632.0,0.1337275427594879
633.0,0.1366189909762115
634.0,0.13816542563787249
635.0,0.138314221521566
636.0,0.13739150893263416
637.0,0.1359152572240951
638.0,0.13444245736719182
639.0,0.13326979676942724
640.0,0.13231985014062822
641.0,0.13145185962414213
642.0,0.13082312449779077
643.0,0.13086437637314366
644.0,0.1320261582908115
645.0,0.1344973151854269
646.0,0.13807103356674522
647.0,0.1421828809671866
648.0,0.14615780023989305
649.0,0.14936919618129557
650.0,0.1514819377888933
651.0,0.15270313367570632
652.0,0.1535842906381183
653.0,0.1544880270733662
654.0,0.1553698229710011
655.0,0.15610697730669543
656.0,0.15674570801691773
657.0,0.157514781006694
658.0,0.15854548201522195
659.0,0.1595013602927755
660.0,0.16003254811641027
661.0,0.16052720997037123
662.0,0.16182892464597826
663.0,0.1644133907808219
664.0,0.16836699849817588
665.0,0.1738175326805298
666.0,0.18079007667072078
667.0,0.1890110807544046
668.0,0.19809997770666565
669.0,0.20784830578722827
670.0,0.21824879097497527
671.0,0.22939708530660707
672.0,0.2414823956726494
673.0,0.2547494955989227
674.0,0.2695747340370674
675.0,0.2862191931801284
676.0,0.30394022886912614
677.0,0.3215175052281983
678.0,0.33969912499732924
679.0,0.3608068921809125
680.0,0.3849289741631401
681.0,0.40901371988706686
682.0,0.4299090273219027
683.0,0.4457918131661197
684.0,0.45480375979161713
685.0,0.455934408267183
686.0,0.45096804677748226
687.0,0.44216676718885806
688.0,0.42834596877789854
689.0,0.40683434235609933
690.0,0.37798416060134604
691.0,0.3454662936460949
692.0,0.313556138555536
693.0,0.2851795058307759
694.0,0.2612411819366045
695.0,0.24102773639916605
696.0,0.22360646896585865
697.0,0.20854240239791522
698.0,0.19608338489168198
699.0,0.1865887213921936
700.0,0.17987126411570895
701.0,0.17505024299140018
702.0,0.1709150176538703
703.0,0.16651130125451002
704.0,0.16156167471872562
705.0,0.156367115369856
706.0,0.15141432282567435
707.0,0.14705956296351733
708.0,0.1433808798684293
709.0,0.14038402206405026
710.0,0.13806694083596
711.0,0.13629271385483976
712.0,0.13493764930306068
713.0,0.13416216382124346
714.0,0.13417373849294595
715.0,0.13478027240439514
716.0,0.13553091913439558
717.0,0.13616863514214272
718.0,0.13668884744914056
719.0,0.13713357496506368
720.0,0.1375042481886577
721.0,0.1377372463585338
722.0,0.1376462601083964
723.0,0.13696600003378567
724.0,0.13563836207120983
725.0,0.13395031926867762
726.0,0.13230303791150605
727.0,0.13093249428206924
728.0,0.12993232932008913
729.0,0.12932062299307034
730.0,0.12900280512698634
731.0,0.12877778797655973
732.0,0.1283206146971581
733.0,0.1273636261518616
734.0,0.12599383389392554
735.0,0.12460678726929039
736.0,0.12351124605197825
737.0,0.12288312528274242
738.0,0.12314661672496155
739.0,0.12461993614359605
740.0,0.12683467545642252
741.0,0.12876574043438044
742.0,0.12962855556417271
743.0,0.12928725654993625
744.0,0.12808407216580234
745.0,0.12663986501984476
746.0,0.12557485348848063
747.0,0.12536223183992
748.0,0.1263064478695159
749.0,0.12827249841903446
750.0,0.13065801391735743
751.0,0.13264241618603356
752.0,0.13360503141769192
753.0,0.13347405567096443
754.0,0.13269477822601267
755.0,0.13181498829036647
756.0,0.1311882939797063
757.0,0.1314264944834408
758.0,0.13324002315126066
759.0,0.13634300367119412
760.0,0.13942987052187628
761.0,0.14143432978261705
762.0,0.14220846258413838
763.0,0.1419707020383335
764.0,0.14097745422186775
765.0,0.13962435979725374
766.0,0.1382854073797055
767.0,0.13709627468483182
768.0,0.13598410455319593
769.0,0.13489054111123303
770.0,0.13385372955203026
771.0,0.1329576432936757
772.0,0.13225043206317402
773.0,0.13168834875903937
774.0,0.13119486096192035
775.0,0.1307387026149635
776.0,0.13015340926253113
777.0,0.1290679201489481
778.0,0.12738355283041014
779.0,0.12555642938249373
780.0,0.12423683455927102
781.0,0.12380146494279876
782.0,0.12431989122161416
783.0,0.12562156111482048
784.0,0.12720873329274715
785.0,0.12842757568511148
786.0,0.1287582370945985
787.0,0.12806412178920817
788.0,0.12662840799229869
789.0,0.12486804454724978
790.0,0.12293301403890876
791.0,0.12067916984453651
792.0,0.11804604240492064
793.0,0.11521510248449247
794.0,0.11245874433383105
795.0,0.11022246158733753
796.0,0.10927676834266405
797.0,0.11000769404711283
798.0,0.11172815508085016
799.0,0.1133199830613874
800.0,0.11432413842385207
801.0,0.1148372729659486
802.0,0.11487600782178922
803.0,0.11447865788061547
804.0,0.11384887560308883
805.0,0.11288141506677897
806.0,0.11100112194015857
807.0,0.10805034873837031
808.0,0.10482712865668814
809.0,0.10254718953282116
810.0,0.10207383753868644
811.0,0.10372518213747396
812.0,0.10721931539122799
813.0,0.1115891484419868
814.0,0.1155376329496738
815.0,0.11783869057955111
816.0,0.11795145654738026
817.0,0.11640194630839666
818.0,0.11427607666619223
819.0,0.1122152844305368
820.0,0.11016676953223198
821.0,0.10800691783777193
822.0,0.10580667505221904
823.0,0.10372039732551581
824.0,0.10201987514450486
825.0,0.1011218935284607
826.0,0.1012009423323732
827.0,0.10188685494019172
828.0,0.10249247716984088
829.0,0.10248180719426533
830.0,0.10164002188580057
831.0,0.10001724428390901
832.0,0.09797290738623478
833.0,0.09606367352906364
834.0,0.09497596854251417
835.0,0.09526678737185687
836.0,0.09682898190584606
837.0,0.09891772715407499
838.0,0.10090583620357312
839.0,0.10275375822385456
840.0,0.1045947563830311
841.0,0.1063911945255821
842.0,0.10805583726391298
843.0,0.10927687275571919
844.0,0.10905446980579261
845.0,0.10648334094455982
846.0,0.10214449470077845
847.0,0.09781835574645815
848.0,0.09491000274440346
849.0,0.09384977070002913
850.0,0.09465440035601709
851.0,0.09690839740323576
852.0,0.09967620423046937
853.0,0.10218301327744407
854.0,0.10444830152001214
855.0,0.10676447029232154
856.0,0.10888680642560683
857.0,0.11020927888153491
858.0,0.1102624798918212
859.0,0.1087365084120581
860.0,0.10548342418062012
861.0,0.10104407839821128
862.0,0.09665815289272886
863.0,0.09357189265629151
864.0,0.09230931241248465
865.0,0.09246599615072643
866.0,0.09318377782009131
867.0,0.09398413634760475
868.0,0.09505854559955626
869.0,0.09660386474741839
870.0,0.09839627307169671
871.0,0.09999711670247327
872.0,0.1007185327310348
873.0,0.09933210808053297
874.0,0.09507741164043891
875.0,0.08896291712886348
876.0,0.08315428962618654
877.0,0.0792107663587166
878.0,0.0776117796454967
879.0,0.07846576827759405
880.0,0.08128284595754284
881.0,0.08479744976981944
882.0,0.08784672300300543
883.0,0.09021567840932353
884.0,0.09223566130672245
885.0,0.09397805305152447
886.0,0.09528217550291691
887.0,0.09599492378213867
888.0,0.09602902999551947
889.0,0.09540692918075602
890.0,0.09438185777211429
891.0,0.09330624223455425
892.0,0.09217435846427378
893.0,0.09063823248754108
894.0,0.08870068550447693
895.0,0.08699941133207792
896.0,0.08639881321623251
897.0,0.08746838327151787
898.0,0.09027986119155625
899.0,0.09437007695343386
900.0,0.09893746045988325
901.0,0.1030959682976611
902.0,0.10597843201327456
903.0,0.10729074398880939
904.0,0.10768944224141716
905.0,0.10827803013660448
906.0,0.1097341739410593
907.0,0.11214138282760902
908.0,0.11537416186848456
909.0,0.11908624372555171
910.0,0.12272838075548309
911.0,0.1257971305566884
912.0,0.1280623996764886
913.0,0.12961363664767658
914.0,0.13073124314410728
915.0,0.13189201199290657
916.0,0.13358393977657868
917.0,0.13591308156553894
918.0,0.13848208080193095
919.0,0.14066569893095018
920.0,0.14195782747212227
921.0,0.1419904366062031
922.0,0.14063806525949962
923.0,0.1382341643195582
924.0,0.13518851578885216
925.0,0.1312140695027484
926.0,0.1256488680390419
927.0,0.11859866266584446
928.0,0.11105186375473725
929.0,0.10399908760596716
930.0,0.09829694444511575
931.0,0.09510077530266578
932.0,0.09483669409965456
933.0,0.0961995902027675
934.0,0.09715679348172307
935.0,0.09664236852139238
936.0,0.09476931924497889
937.0,0.09206005557791008
938.0,0.0891945393003527
939.0,0.08679111158919911
940.0,0.08526883852865716
941.0,0.08479800183709577
942.0,0.08512847231020254
943.0,0.08572080950517916
944.0,0.08615187010274386
945.0,0.08636574711941836
946.0,0.08643412544304041
947.0,0.08633803008440893
948.0,0.08605486896312617
949.0,0.0855672281811714
950.0,0.08474021582926716
951.0,0.08345636821792873
952.0,0.08195394756061297
953.0,0.08063576196214814
954.0,0.07949849869730188
955.0,0.07825095478499644
956.0,0.07692405994830667
957.0,0.07594833969421103
958.0,0.0757804244300278
959.0,0.07674183969130183
960.0,0.07905779248280792
961.0,0.08250252826670437
962.0,0.08623690100474005
963.0,0.08943671192001651
964.0,0.09193978476509818
965.0,0.0939550255055138
966.0,0.09548354138167914
967.0,0.09631656565868682
968.0,0.09621268755325785
969.0,0.09497085337610797
970.0,0.09254803201569803
971.0,0.08930702154683784
972.0,0.08598825045231256
973.0,0.08346789479170857
974.0,0.08228777542127205
975.0,0.08222817675118049
976.0,0.08244350603622003
977.0,0.08206627068397226
978.0,0.08067999593273983
979.0,0.07820006450776587
980.0,0.07493289971108472
981.0,0.07172172205056357
982.0,0.0696240145497092
983.0,0.06945077835020422
984.0,0.07127964017672114
985.0,0.07439879009475472
986.0,0.07792866275221078
987.0,0.08157747587497546
988.0,0.08549841805622416
989.0,0.08968191966238057
990.0,0.09392503076979519
991.0,0.0980378773522759
992.0,0.10187673746304937
993.0,0.10533907252350286
994.0,0.10846899369944671
995.0,0.11143993280269568
996.0,0.11428224444014029
997.0,0.11678785840042061
998.0,0.11888408304863574
999.0,0.12082387888325596
1000.0,0.12284743340048962
1001.0,0.12511760356186233
1002.0,0.12831754876386514
1003.0,0.13322987087877772
1004.0,0.139293402615771
1005.0,0.1447149308674009
1006.0,0.14811895209487208
1007.0,0.1493733293860068
1008.0,0.1489800125929053
1009.0,0.1475663412678147
1010.0,0.14568280745973808
1011.0,0.14362749103436
1012.0,0.14148995456063196
1013.0,0.13922036578292815
1014.0,0.13674170476456585
1015.0,0.1338553690157433
1016.0,0.13016762044874233
1017.0,0.12553024067042143
1018.0,0.12036051888957458
1019.0,0.11525081777070623
1020.0,0.11045232685174064
1021.0,0.10595130254952298
1022.0,0.10172886248841276
1023.0,0.09778816017796255
1024.0,0.09420082797370533
1025.0,0.09128885365346628
1026.0,0.08948260880500639
1027.0,0.08873408932559809
1028.0,0.0884121194917972
1029.0,0.08790317902042386
1030.0,0.08701591504048406
1031.0,0.08575705798308142
1032.0,0.08422757593795199
1033.0,0.08275130156602367
1034.0,0.08169604327589453
1035.0,0.08115494668433162
1036.0,0.08099795386096284
1037.0,0.08121031195838327
1038.0,0.08196265278916592
1039.0,0.08344533398028786
1040.0,0.08574343897631095
1041.0,0.08880921639966596
1042.0,0.09248599602848037
1043.0,0.09659389605349042
1044.0,0.1009850005782438
1045.0,0.10556857052692009
1046.0,0.11037702952123765
1047.0,0.11555378743079212
1048.0,0.12124181869152068
1049.0,0.12748415451115055
1050.0,0.1342668809630461
1051.0,0.141581208558574
1052.0,0.1494113202303367
1053.0,0.1576511773219849
1054.0,0.16584827279378808
1055.0,0.17351412119476933
1056.0,0.1809967503153277
1057.0,0.18982113517049617
1058.0,0.2024245913242047
1059.0,0.22040141276551245
1060.0,0.24242522978863154
1061.0,0.26533223677093054
1062.0,0.2874915677490619
1063.0,0.30940509933321314
1064.0,0.3315462300145854
1065.0,0.35302345570952826
1066.0,0.37166240834855224
1067.0,0.3845790045612558
1068.0,0.38907280497913266
1069.0,0.38480533248730553
1070.0,0.37463921887249085
1071.0,0.36202157717025657
1072.0,0.3479348664290767
1073.0,0.33187412772753355
1074.0,0.3140482660412615
1075.0,0.29542237657123627
1076.0,0.27710193219138957
1077.0,0.25995112754440597
1078.0,0.24432565232722694
1079.0,0.22998581694247333
1080.0,0.21635082104817688
1081.0,0.20276531878003118
1082.0,0.18885784744923828
1083.0,0.1747067674988801
1084.0,0.16073922738789853
1085.0,0.1474592638401927
1086.0,0.13518693149360167
1087.0,0.12405064084243678
1088.0,0.11400770994502413
1089.0,0.10485666586602327
1090.0,0.09679962219497923
1091.0,0.09106153495468278
1092.0,0.08868859039535218
1093.0,0.08892108550365557
1094.0,0.0895186542070886
1095.0,0.08837801554145958
1096.0,0.08438122303251014
1097.0,0.07733880819030126
1098.0,0.06835089872520159
1099.0,0.059534528670055736
1100.0,0.053529636119701546
1101.0,0.05253379482548215
1102.0,0.056400169529009225
1103.0,0.06239534714259798
1104.0,0.06734312382630206
1105.0,0.06979831491578972
1106.0,0.06965594912682432
1107.0,0.06730167551067573
1108.0,0.06375779407721935
1109.0,0.06019046267282435
1110.0,0.05704192704261632
1111.0,0.05397582841064205
1112.0,0.05084672682621058
1113.0,0.048185426847455665
1114.0,0.0468084361063375
1115.0,0.04719798251854898
1116.0,0.0491054707309852
1117.0,0.0516809312233715
1118.0,0.0540388438638266
1119.0,0.05560697197078851
1120.0,0.05607591188793898
1121.0,0.05553747650242
1122.0,0.054484689844213674
1123.0,0.0533064432667362
1124.0,0.05183371752842675
1125.0,0.049800811080211865
1126.0,0.047455974716787225
1127.0,0.045377198040470496
1128.0,0.044012642504938665
1129.0,0.04355067138058366
1130.0,0.04394072617498743
1131.0,0.0448258091335256
1132.0,0.04568032755558393
1133.0,0.046046310689593695
1134.0,0.04574789632515036
1135.0,0.0449440697029109
1136.0,0.04394011603342543
1137.0,0.042893256541963354
1138.0,0.04173249655925132
1139.0,0.04042299530849677
1140.0,0.03909465998078837
1141.0,0.03792523865945194
1142.0,0.03706648717731015
1143.0,0.03666611025036115
1144.0,0.03674081388381084
1145.0,0.03701846850439608
1146.0,0.03744621950938562
1147.0,0.03879775439102437
1148.0,0.04177966809164113
1149.0,0.04584314500287287
1150.0,0.04944888354848931
1151.0,0.051169129522771806
1152.0,0.050036451933528125
1153.0,0.04551329047731412
1154.0,0.03840653573966918
1155.0,0.03094595231853728
1156.0,0.025404822321591358
1157.0,0.022703914837571365
1158.0,0.022362933147798802
1159.0,0.02330051866813468
1160.0,0.0244478738610015
1161.0,0.025289584073230842
1162.0,0.025777409832443476
1163.0,0.026081353204260915
1164.0,0.02647415562109723
1165.0,0.027332044078334533
1166.0,0.02945412551064011
1167.0,0.033458957550795754
1168.0,0.038657024491619396
1169.0,0.04318751320888925
1170.0,0.04521274536680275
1171.0,0.04404561185389122
1172.0,0.0403482371679626
1173.0,0.035547504868985724
1174.0,0.030823029445367245
1175.0,0.026607753452477234
1176.0,0.02280837664770574
1177.0,0.019257499923473365
1178.0,0.016170313650054474
1179.0,0.014418406475890516
1180.0,0.01526263308790582
1181.0,0.018977333191588258
1182.0,0.024149631661698756
1183.0,0.028842072622207393
1184.0,0.0320369224467118
1185.0,0.03355930655088479
1186.0,0.033616349018058156
1187.0,0.032927867523925125
1188.0,0.0324993367962495
1189.0,0.03325273427689335
1190.0,0.03555169369639194
1191.0,0.038871933810257
1192.0,0.04217112189342248
1193.0,0.04469958525086276
1194.0,0.04636255907894088
1195.0,0.04727537998103987
1196.0,0.047485395975912226
1197.0,0.047026750080972846
1198.0,0.04586164175393653
1199.0,0.043797644067232966
1200.0,0.04083224680996844
1201.0,0.03753697108285453
1202.0,0.034386963134893755
1203.0,0.03092329169934882
1204.0,0.026619331038530647
1205.0,0.02206410980150797
1206.0,0.01860031587751304
1207.0,0.017297608294413347
1208.0,0.018562734127988978
1209.0,0.02219953352574283
1210.0,0.027302664788471154
1211.0,0.03254290446419017
1212.0,0.03642996658468728
1213.0,0.037899939889436574
1214.0,0.037244221910802344
1215.0,0.036018496610496276
1216.0,0.03590252152852019
1217.0,0.03759114621169385
1218.0,0.04077305484457466
1219.0,0.04451557626481317
1220.0,0.047657860553937004
1221.0,0.04929557619678254
1222.0,0.048849017008033624
1223.0,0.04639575275999436
1224.0,0.042957164894849964
1225.0,0.03981117264471079
1226.0,0.03746913983092642
1227.0,0.03567716833575624
1228.0,0.03423458306382565
1229.0,0.03334771409319287
1230.0,0.033509749310626724
1231.0,0.035065508478991425
1232.0,0.03784607471706519
1233.0,0.04117424380413598
1234.0,0.04421418071687633
1235.0,0.04620144284133504
1236.0,0.04664457258512117
1237.0,0.04570581741357821
1238.0,0.04417273956468237
1239.0,0.04310012752371134
1240.0,0.043216271886996116
1241.0,0.04447299223879597
1242.0,0.046136973303488926
1243.0,0.047364467744310745
1244.0,0.047690628278527936
1245.0,0.04684058404603414
1246.0,0.04474423347781825
1247.0,0.041875847537168165
1248.0,0.038995887136372254
1249.0,0.0364949926420009
1250.0,0.03425057969704198
1251.0,0.03208252887392138
1252.0,0.03006911210143076
1253.0,0.0285596382694982
1254.0,0.027862272207095917
1255.0,0.027893141264215715
1256.0,0.02813837750317194
1257.0,0.0279323642212308
1258.0,0.0266042530825647
1259.0,0.023573734849419548
1260.0,0.019022782414866712
1261.0,0.014105528943603785
1262.0,0.00992240720190446
1263.0,0.006574266134849571
1264.0,0.003703732923339642
1265.0,0.0013426361789433128
1266.0,0.0
1267.0,0.00034792078586731723
1268.0,0.002735106905163931
1269.0,0.006843463650285708
1270.0,0.011664174284071627
1271.0,0.015941320854325203
1272.0,0.01866253486534797
1273.0,0.019533356689570458
1274.0,0.01909656001622939
1275.0,0.018272595391957303
1276.0,0.0176841027212315
1277.0,0.017401819090475
1278.0,0.017326366834813034
1279.0,0.017407290857203717
1280.0,0.01762873831999373
1281.0,0.018065266223005916
1282.0,0.018910711536119063
1283.0,0.020213545365099006
1284.0,0.021640299465426782
1285.0,0.022456444332871972
1286.0,0.02179452394252579
1287.0,0.019505852056072137
1288.0,0.01653732914224937
1289.0,0.013921272601823409
1290.0,0.01175407631806269
1291.0,0.009755922890356927
1292.0,0.008053623472214555
1293.0,0.006997288623925124
1294.0,0.006939556763382537
1295.0,0.008598870031946537
1296.0,0.012738655917086561
1297.0,0.01877004063614407
1298.0,0.0248736906841292
1299.0,0.030053464462417134
1300.0,0.03479552259436541
1301.0,0.03946755281566244
1302.0,0.043470430268868654
1303.0,0.045798402350165635
1304.0,0.045697199018304935
1305.0,0.04295572285743976
1306.0,0.03822057591882899
1307.0,0.03295812069953752
1308.0,0.02871504314938117
1309.0,0.02632800146619435
1310.0,0.02561766270272936
1311.0,0.02581380448278975
1312.0,0.026307555586910614
1313.0,0.02720176262838403
1314.0,0.028781417237282836
1315.0,0.030767457425543265
1316.0,0.03245192375808842
1317.0,0.0331747142436013
1318.0,0.032454644481721806
1319.0,0.030102198946722503
1320.0,0.0266772331825324
1321.0,0.023445190204856747
1322.0,0.021906589280762945
1323.0,0.02296539329152525
1324.0,0.02615931544518124
1325.0,0.0299567035572752
1326.0,0.03297745050965023
1327.0,0.034816438379904446
1328.0,0.035635707577978626
1329.0,0.03576752575024322
1330.0,0.035642366056817254
1331.0,0.035591207313745654
1332.0,0.035734768604577305
1333.0,0.036022647663242036
1334.0,0.036401273840072745
1335.0,0.0368708958492493
1336.0,0.037436873001322535
1337.0,0.038089944854795665
1338.0,0.0388064912033565
1339.0,0.03962364452426953
1340.0,0.04068479937247915
1341.0,0.04210620023112849
1342.0,0.04384245559435468
1343.0,0.045672909461603295
1344.0,0.04731961281357533
1345.0,0.04863341568743701
1346.0,0.04967332727636059
1347.0,0.0505990773566361
1348.0,0.051364478392790236
1349.0,0.051123344927750336
1350.0,0.04861921779229611
1351.0,0.043807099019181284
1352.0,0.03835437271927822
1353.0,0.034425922755589256
1354.0,0.03336746740348728
1355.0,0.03549673746742482
1356.0,0.040062785597062944
1357.0,0.045397172257301555
1358.0,0.04976205597331074
1359.0,0.052143522563264655
1360.0,0.05262589225841452
1361.0,0.05200875949402689
1362.0,0.05096884986017158
1363.0,0.049373363224459454
1364.0,0.04682911997758804
1365.0,0.043677863071082124
1366.0,0.040865573528999
1367.0,0.03922501589253702
1368.0,0.03923725194703115
1369.0,0.04106939676679999
1370.0,0.04421144789509296
1371.0,0.047522326468580345
1372.0,0.04980515890192061
1373.0,0.0504584108405966
1374.0,0.04976482165446561
1375.0,0.048585187031876975
1376.0,0.04776092409929045
1377.0,0.04760086717287054
1378.0,0.04799598967612356
1379.0,0.04866780931869241
1380.0,0.04924432899351461
1381.0,0.04937951688702302
1382.0,0.048743686719930235
1383.0,0.04726335936396614
1384.0,0.04542993716040955
1385.0,0.04422121247244548
1386.0,0.04476201300114552
1387.0,0.047473654521914765
1388.0,0.05147556959519106
1389.0,0.05547369620735604
1390.0,0.05920487272383579
1391.0,0.06311812075850565
1392.0,0.06715028909581067
1393.0,0.07069551953272046
1394.0,0.07318035341947993
1395.0,0.07412389982893153
1396.0,0.07310337575411607
1397.0,0.07040551263196904
1398.0,0.06715530114601109
1399.0,0.0640865609739647
1400.0,0.06078283749218716
1401.0,0.056890022287605646
1402.0,0.05308095422183745
1403.0,0.05041771156016783
1404.0,0.04952267111461883
1405.0,0.050377026709565786
1406.0,0.052454703250154555
1407.0,0.05501858637944734
1408.0,0.057525961461335706
1409.0,0.05977548299515645
1410.0,0.06183788181062766
1411.0,0.06380254729888812
1412.0,0.06560978851584931
1413.0,0.06708506158922167
1414.0,0.06811134380241701
1415.0,0.06879645871411211
1416.0,0.06950608830609062
1417.0,0.07073303218234417
1418.0,0.07275016649488464
1419.0,0.07538492293585453
1420.0,0.07810928968981212
1421.0,0.08036903126544226
1422.0,0.08174961949133175
1423.0,0.08202800908501962
1424.0,0.08140550577174177
1425.0,0.08043890775332552
1426.0,0.07944594880826883
1427.0,0.07818240293542944
1428.0,0.07644473336997759
1429.0,0.07461782915549864
1430.0,0.07363079080900337
1431.0,0.0743981312927795
1432.0,0.07705738063863399
1433.0,0.08075003240392253
1434.0,0.08416180011473506
1435.0,0.08605513934724485
1436.0,0.0851045685637748
1437.0,0.08073321103182285
1438.0,0.07436518307890472
1439.0,0.06864162879868718
1440.0,0.06535486259158163
1441.0,0.06455317997558696
1442.0,0.06533718366112362
1443.0,0.06675778826555445
1444.0,0.06843238733008927
1445.0,0.0704662841441841
1446.0,0.07288207310083239
1447.0,0.0755332721070312
1448.0,0.07826605396017094
1449.0,0.08105594144386985
1450.0,0.08402802897456096
1451.0,0.0871488169892598
1452.0,0.09007661100315001
1453.0,0.09271783641523745
1454.0,0.09550048685582713
1455.0,0.09865142350960698
1456.0,0.10165150609555063
1457.0,0.10343635310156529
1458.0,0.10307567774979276
1459.0,0.10046472412813257
1460.0,0.09648234823934931
1461.0,0.09250900774640314
1462.0,0.0897205522891843
1463.0,0.08883165184292663
1464.0,0.089857523883069
1465.0,0.09207504705760261
1466.0,0.09466608732590687
1467.0,0.097529684052164
1468.0,0.10101908221554523
1469.0,0.10495169461141685
1470.0,0.10869512148280269
1471.0,0.11191994580815412
1472.0,0.11467019797149636
1473.0,0.11699918766186124
1474.0,0.11884272766804116
1475.0,0.12004523874675188
1476.0,0.12042092913300018
1477.0,0.11985733735365955
1478.0,0.1185796305231055
1479.0,0.11719147331137658
1480.0,0.11638670702031995
1481.0,0.11657056537751243
1482.0,0.11766049210385754
1483.0,0.11915033088273397
1484.0,0.12019774108141434
1485.0,0.1200731632546187
1486.0,0.11874189795075596
1487.0,0.11696184031960766
1488.0,0.1158160155845771
1489.0,0.1161357119248867
1490.0,0.11838323235225467
1491.0,0.12241746422466071
1492.0,0.12732857233747197
1493.0,0.13184025807199262
1494.0,0.13490234554720792
1495.0,0.1362782222770248
1496.0,0.1365966231923943
1497.0,0.13701992719764766
1498.0,0.1386885066646255
1499.0,0.14200050252341678
1500.0,0.14639281526869197
1501.0,0.15076515601843044
1502.0,0.15423862564243862
1503.0,0.15636690035372003
1504.0,0.15699992313572397
1505.0,0.15647421060240962
1506.0,0.15552854408537775
1507.0,0.15492718148343476
1508.0,0.15505615069242296
1509.0,0.1558186186287407
1510.0,0.1567331393435547
1511.0,0.156821977437275
1512.0,0.15512085466450143
1513.0,0.15172875876374714
1514.0,0.14797502495983106
1515.0,0.14547300914170858
1516.0,0.14520469771114375
1517.0,0.14752155863440453
1518.0,0.15205055910397725
1519.0,0.15757304185585874
1520.0,0.16265129877122675
1521.0,0.16643181964589315
1522.0,0.1689511949648348
1523.0,0.17071668792007821
1524.0,0.17220785218069512
1525.0,0.17355286657984448
1526.0,0.17462842700330294
1527.0,0.1754166355610478
1528.0,0.1759570209863056
1529.0,0.17617192721623898
1530.0,0.17596644783013893
1531.0,0.17537429976642027
1532.0,0.17458890157358442
1533.0,0.17386288137204564
1534.0,0.17327439622329943
1535.0,0.17267722824027587
1536.0,0.17209363720827564
1537.0,0.1719028993724172
1538.0,0.17247182880370415
1539.0,0.17384586911433275
1540.0,0.17579085811143436
1541.0,0.17815662820780886
1542.0,0.1814284277959357
1543.0,0.18641343581751635
1544.0,0.19317597351290172
1545.0,0.20067039759974203
1546.0,0.2073590239506361
1547.0,0.2118589952609038
1548.0,0.21309138335440292
1549.0,0.21109151712086682
1550.0,0.20753588827792702
1551.0,0.20494305359657916
1552.0,0.20529422485237614
1553.0,0.20883753255754156
1554.0,0.21409575077084964
1555.0,0.21843723474355115
1556.0,0.21928043389547613
1557.0,0.21582952048951953
1558.0,0.20964522815299136
1559.0,0.2038269000926729
1560.0,0.20122088664513493
1561.0,0.20347388544485767
1562.0,0.21064872703691373
1563.0,0.22061082001988752
1564.0,0.229937360409175
1565.0,0.23561134115677151
1566.0,0.236619594607413
1567.0,0.234289871787014
1568.0,0.231304023074832
1569.0,0.23048489072359257
1570.0,0.23323110058602947
1571.0,0.23890467597508602
1572.0,0.24537292142085076
1573.0,0.25026030791852927
1574.0,0.2522356939640351
1575.0,0.25123551759644014
1576.0,0.2484074371687448
1577.0,0.24557740565669017
1578.0,0.24437190853217083
1579.0,0.24565694198634158
1580.0,0.2490983946906864
1581.0,0.2534383876440175
1582.0,0.25725850219065927
1583.0,0.2597653144453538
1584.0,0.26104969719425763
1585.0,0.26171530268831733
1586.0,0.2624464048838604
1587.0,0.26359354392363277
1588.0,0.26518174995589894
1589.0,0.2671217713146772
1590.0,0.2692970769772478
1591.0,0.271649229956053
1592.0,0.2741778671024888
1593.0,0.2768869017950446
1594.0,0.2797016522931536
1595.0,0.28246814449348057
1596.0,0.2850565317089956
1597.0,0.287403496981691
1598.0,0.2895297881632626
1599.0,0.0
