0.0,0.0
1.0,0.0
2.0,0.0
3.0,0.0
4.0,0.0
5.0,0.0
6.0,0.0
7.0,0.0
8.0,0.0
9.0,0.0
10.0,0.0
11.0,0.0
12.0,0.0
13.0,0.0
14.0,0.0
15.0,0.0
16.0,0.0
17.0,0.0
18.0,0.0
19.0,0.0
20.0,0.0
21.0,0.0
22.0,0.0
23.0,0.0
24.0,0.0
25.0,0.0
26.0,0.0
27.0,0.0
28.0,0.0
29.0,0.0
30.0,0.0
31.0,0.0
32.0,0.0
33.0,0.0
34.0,0.0
35.0,0.0
36.0,0.0
37.0,0.0
38.0,0.0
39.0,0.0
40.0,0.0
41.0,0.0
42.0,0.0
43.0,0.0
44.0,0.0
45.0,0.0
46.0,0.0
47.0,0.0
48.0,0.0
49.0,0.0
50.0,0.0
51.0,0.0
52.0,0.0
53.0,0.0
54.0,0.0
55.0,0.0
56.0,0.0
57.0,0.0
58.0,0.0
59.0,0.0
60.0,0.0
61.0,0.0
62.0,0.0
63.0,0.0
64.0,0.0
65.0,0.0
66.0,0.0
67.0,0.0
68.0,0.0
69.0,0.0
70.0,0.0
71.0,0.0
72.0,0.0
73.0,0.0
74.0,0.0
75.0,0.0
76.0,0.0
77.0,0.0
78.0,0.0
79.0,0.0
80.0,0.0
81.0,0.0
82.0,0.0
83.0,0.0
84.0,0.0
85.0,0.0
86.0,0.0
87.0,0.0
88.0,0.0
89.0,0.0
90.0,0.0
91.0,0.0
92.0,0.0
93.0,0.0
94.0,0.0
95.0,0.0
96.0,0.0
97.0,0.0
98.0,0.0
99.0,0.0
100.0,0.0
101.0,0.0
102.0,0.0
103.0,0.0004639519241169676
104.0,0.0010372686736312975
105.0,0.0017013268206342858
106.0,0.002519418518504013
107.0,0.0035458056910276925
108.0,0.004847918832168174
109.0,0.006484714948607917
110.0,0.008486745164062448
111.0,0.010855104937713356
112.0,0.013555480584843349
113.0,0.016389260886152446
114.0,0.019065538960780004
115.0,0.021708841045186
116.0,0.02484146107903451
117.0,0.02837307898799779
118.0,0.031508507644034345
119.0,0.034174418362057035
120.0,0.037507090451232905
121.0,0.04277727108104046
122.0,0.050664098454040296
123.0,0.06158453285082954
124.0,0.07556040865175562
125.0,0.09165187381508999
126.0,0.10957868608499599
127.0,0.1321299871006122
128.0,0.16182431475056347
129.0,0.19571842669225803
130.0,0.22776922817550693
131.0,0.2549134186998223
132.0,0.2777621995979258
133.0,0.2975958518020896
134.0,0.3148386708411166
135.0,0.32869577096296554
136.0,0.3379952269700417
137.0,0.3425304044746379
138.0,0.3446421459112282
139.0,0.34909089191823195
140.0,0.3614348710750678
141.0,0.38524803552416403
142.0,0.41868773133705184
143.0,0.45605926232416416
144.0,0.4956054884615158
145.0,0.5413968343741947
146.0,0.5943255205085807
147.0,0.6484460284403416
148.0,0.6971427742245051
149.0,0.7375657377359454
150.0,0.7695004022674173
151.0,0.7941504307754114
152.0,0.8135438115348873
153.0,0.8285222950768166
154.0,0.8370263544390142
155.0,0.8374326023751782
156.0,0.8333458998028088
157.0,0.830621992502573
158.0,0.8311015683835411
159.0,0.8332298620808305
160.0,0.8363553668563147
161.0,0.8414653492410796
162.0,0.8500110785682499
163.0,0.8625570343882041
164.0,0.8781095152672767
165.0,0.8948427455026791
166.0,0.9113763644859869
167.0,0.9272661448953197
168.0,0.9427337466690022
169.0,0.9577348694066744
170.0,0.9713256368027147
171.0,0.9819582108724144
172.0,0.9885234480098207
173.0,0.9916827164674219
174.0,0.9934546323193959
175.0,0.9950418572783011
176.0,0.9961266842002449
177.0,0.9964465035585192
178.0,0.9964015791279716
179.0,0.9963156738937176
180.0,0.996198216995156
181.0,0.9960139585524278
182.0,0.9958393304613237
183.0,0.995867942375558
184.0,0.9963238165301315
185.0,0.997347245280186
186.0,0.9989029782759827
187.0,1.0008084549508813
188.0,1.003045830534203
189.0,1.0059589186886075
190.0,1.0097231167005594
191.0,1.0139047712099454
192.0,1.0178460522564188
193.0,1.02120374059058
194.0,1.023960623203814
195.0,1.0262430026419138
196.0,1.0282518866829946
197.0,1.0301594866047377
198.0,1.0320826857660896
199.0,1.0340542946074114
200.0,1.0359746566228067
201.0,1.037681427750364
202.0,1.0390939800345356
203.0,1.040254941731639
204.0,1.041230006055073
205.0,1.0419771717456472
206.0,1.0422665874104884
207.0,1.0419027243202432
208.0,1.0410472410745346
209.0,1.040096709878183
210.0,1.0392865336554684
211.0,1.0386383445570866
212.0,1.0381642814610235
213.0,1.0379386607134147
214.0,1.0380824957859551
215.0,1.0388293229701215
216.0,1.0405077833269798
217.0,1.0430888015799624
218.0,1.0459892001387026
219.0,1.0487514975491241
220.0,1.0515588710966766
221.0,1.0546256159903558
222.0,1.057641727886431
223.0,1.0600542064171676
224.0,1.0615055341385196
225.0,1.0620151486194014
226.0,1.0619138016452154
227.0,1.061589514810552
228.0,1.0612527559720812
229.0,1.060952885725247
230.0,1.0606712965782255
231.0,1.0604288482910165
232.0,1.0603088499734303
233.0,1.0603730365538575
234.0,1.060615257127842
235.0,1.0609732004046744
236.0,1.0614377734929656
237.0,1.0621617872723788
238.0,1.063269111435858
239.0,1.0646086233345065
240.0,1.0658537956633822
241.0,1.066768864885615
242.0,1.0672977771357988
243.0,1.0675017406172622
244.0,1.0675062496942187
245.0,1.0674229312264898
246.0,1.0673138647609288
247.0,1.0671919264571845
248.0,1.067043943809308
249.0,1.0668377273158258
250.0,1.0664062539711279
251.0,1.0655200991253926
252.0,1.064248610880048
253.0,1.0630281031182802
254.0,1.0623067805241817
255.0,1.0622331978397215
256.0,1.062664716026471
257.0,1.0633338559502767
258.0,1.06404823291217
259.0,1.064766855173947
260.0,1.0654800387677565
261.0,1.066146385263534
262.0,1.0667084125550674
263.0,1.0671182863442568
264.0,1.0673600084811827
265.0,1.0674470948867425
266.0,1.0673992110114545
267.0,1.0671574165792368
268.0,1.0665448058391083
269.0,1.0655003401333958
270.0,1.0642672684550996
271.0,1.0632910002111007
272.0,1.0629512066632305
273.0,1.063296519605256
274.0,1.063996350677618
275.0,1.0644881221615727
276.0,1.064294914684764
277.0,1.063268238293809
278.0,1.0616412815620087
279.0,1.0599072920766293
280.0,1.0585556975231953
281.0,1.0579490346202074
282.0,1.0581691583430322
283.0,1.058900069631929
284.0,1.0596549489984075
285.0,1.0601783607624067
286.0,1.0605375795180048
287.0,1.060820746854919
288.0,1.0610207465582682
289.0,1.0611376704573816
290.0,1.0611931028581543
291.0,1.0611933486411973
292.0,1.0610973494928273
293.0,1.0608136047639627
294.0,1.0602772592340979
295.0,1.059520849839076
296.0,1.0586769495410369
297.0,1.0579130366228515
298.0,1.0573839781995917
299.0,1.057185205217362
300.0,1.0572383048503742
301.0,1.0572816937502645
302.0,1.0569427600716155
303.0,1.0559427311075575
304.0,1.0543954095264185
305.0,1.0528393740166697
306.0,1.0520090774210198
307.0,1.0523812442315148
308.0,1.0537925916460098
309.0,1.0555297042428156
310.0,1.0568319714630277
311.0,1.0573334721946877
312.0,1.0570523213517595
313.0,1.0562402729101725
314.0,1.0551824760243376
315.0,1.0540178797200939
316.0,1.052717760515014
317.0,1.0512665486743837
318.0,1.049884693639226
319.0,1.048909108020976
320.0,1.0485190293978643
321.0,1.0486434068649682
322.0,1.0490702646262529
323.0,1.0496665840671762
324.0,1.0505211636330132
325.0,1.0517050495425668
326.0,1.0530328142538992
327.0,1.0542084784364416
328.0,1.0550543027261785
329.0,1.0555449703365996
330.0,1.055746292287032
331.0,1.0557586724371646
332.0,1.055648524657999
333.0,1.055443079180351
334.0,1.0551379800870522
335.0,1.0547021288050524
336.0,1.0540883557393643
337.0,1.0532241225951329
338.0,1.0520751555427494
339.0,1.0507495573862609
340.0,1.0494063960728548
341.0,1.0480359859516706
342.0,1.0465342631098653
343.0,1.0449671441437212
344.0,1.0436270628378619
345.0,1.0428883298554585
346.0,1.042925768191206
347.0,1.0435496874455334
348.0,1.0443711790371835
349.0,1.0451205044739902
350.0,1.045712487180257
351.0,1.0461451683274023
352.0,1.0464677933380793
353.0,1.046739308975071
354.0,1.0470226081910472
355.0,1.0473631935019212
356.0,1.047696888751734
357.0,1.0478363545604306
358.0,1.0475560809252085
359.0,1.046735315972371
360.0,1.0454960857493685
361.0,1.0441128665409947
362.0,1.0426961008671916
363.0,1.0411353794225402
364.0,1.0394255405863828
365.0,1.037807911712992
366.0,1.036616456793935
367.0,1.0360563731238837
368.0,1.0360815370144152
369.0,1.036427777314933
370.0,1.036785686524187
371.0,1.0369516132899128
372.0,1.036856395857285
373.0,1.036574361251748
374.0,1.0362605905962368
375.0,1.0360787617261886
376.0,1.0361421818634042
377.0,1.0364063860799306
378.0,1.0366625506735194
379.0,1.0367144649873907
380.0,1.0365393518619537
381.0,1.0362150155124579
382.0,1.0357523224298215
383.0,1.0349214148494985
384.0,1.0333398644652192
385.0,1.0309776291521418
386.0,1.028330318553942
387.0,1.0259709263825407
388.0,1.024152520044761
389.0,1.0228868063773122
390.0,1.0221086758299127
391.0,1.0217745004281245
392.0,1.0219373155854707
393.0,1.0227466758182386
394.0,1.0242073816781532
395.0,1.0258789336199277
396.0,1.0270849987064175
397.0,1.027407512616
398.0,1.0269157239178632
399.0,1.025992713860345
400.0,1.0250441343122763
401.0,1.024250074146539
402.0,1.0235852266397747
403.0,1.0230178254424966
404.0,1.0224402461968853
405.0,1.0216063484653923
406.0,1.0203811479845877
407.0,1.0189433780133028
408.0,1.0177601070193183
409.0,1.01733937479634
410.0,1.0179232838931624
411.0,1.0193183620931907
412.0,1.0208906305110008
413.0,1.0218675437849645
414.0,1.0216656301933338
415.0,1.0202052332865517
416.0,1.0180590697207093
417.0,1.016110645798641
418.0,1.0150025757815717
419.0,1.0147768538191912
420.0,1.0150204740595004
421.0,1.0152018829261324
422.0,1.014946935509027
423.0,1.014203084105484
424.0,1.0131451953494202
425.0,1.0119368628010488
426.0,1.010513610889607
427.0,1.0087491866761442
428.0,1.0067610584935096
429.0,1.004867240066667
430.0,1.003350305110589
431.0,1.0023303508563113
432.0,1.001769130712438
433.0,1.0015112076566837
434.0,1.0013922742679515
435.0,1.0013252771532128
436.0,1.001316580270759
437.0,1.0013626316616366
438.0,1.0013813196173194
439.0,1.0013110150507072
440.0,1.001167339769511
441.0,1.0009628187078476
442.0,1.0006568901617374
443.0,1.000197739919138
444.0,0.9995729040840157
445.0,0.9988448092160231
446.0,0.9980503544466021
447.0,0.9970074606435422
448.0,0.9954781871306887
449.0,0.9935427560107044
450.0,0.9916443430754862
451.0,0.9903136083255853
452.0,0.9898473890415256
453.0,0.9901826674058638
454.0,0.9909116036260884
455.0,0.9914911628125708
456.0,0.9915154726573431
457.0,0.9908673794568463
458.0,0.9897534279073174
459.0,0.9885297161732804
460.0,0.9874499416126419
461.0,0.9865188349469968
462.0,0.9856713632547587
463.0,0.9850107829804229
464.0,0.9848997372939603
465.0,0.9857577498120735
466.0,0.9874991126457493
467.0,0.9893542541142679
468.0,0.9902415404779817
469.0,0.9894621134077686
470.0,0.9872538740449504
471.0,0.984563998281895
472.0,0.9821332964698315
473.0,0.9800554763902277
474.0,0.9782331631881039
475.0,0.9767206784279917
476.0,0.9757524364792031
477.0,0.9755907688881369
478.0,0.9763133793153076
479.0,0.9776102353494501
480.0,0.9787890954942732
481.0,0.9791603005118888
482.0,0.9784424302823416
483.0,0.9769297224886474
484.0,0.9752660466983522
485.0,0.9740871181386244
486.0,0.9737020953108336
487.0,0.9739538846820421
488.0,0.9743932312477877
489.0,0.9745465036584062
490.0,0.9741843967146483
491.0,0.973380018245834
492.0,0.972363215262267
493.0,0.9713161392903285
494.0,0.9702516150777052
495.0,0.9691506829508112
496.0,0.9680707961627038
497.0,0.9670975799031194
498.0,0.966285938741577
499.0,0.9656326801052928
500.0,0.9650990555927288
501.0,0.9646712632741496
502.0,0.9643721450509967
503.0,0.9642217831961699
504.0,0.9641675446445636
505.0,0.9640414133877371
506.0,0.9636399063351632
507.0,0.9628433845214813
508.0,0.9617222314919247
509.0,0.9605245811983023
510.0,0.9595391590925199
511.0,0.9589353210395355
512.0,0.9586702895432425
513.0,0.958542144912801
514.0,0.9583025093986763
515.0,0.9577940026556576
516.0,0.9570287326481346
517.0,0.9561478024900782
518.0,0.9553016925404585
519.0,0.9545412472153564
520.0,0.9538456511449879
521.0,0.9531890535272421
522.0,0.9525748990168366
523.0,0.9520360889480077
524.0,0.9515880593978864
525.0,0.951194100811281
526.0,0.950766683987579
527.0,0.9502177035533534
528.0,0.9495171753273123
529.0,0.9487235296422794
530.0,0.9479615288795756
531.0,0.9473499783040504
532.0,0.9469376726961698
533.0,0.9466945688879063
534.0,0.9465629421213545
535.0,0.9465385735314155
536.0,0.9467145556478731
537.0,0.9471159148932549
538.0,0.94754341564419
539.0,0.9476262271173322
540.0,0.947019329964404
541.0,0.9457171020742526
542.0,0.9441138744239383
543.0,0.9425736385483623
544.0,0.9410785452469143
545.0,0.9395248153131219
546.0,0.9380342817250532
547.0,0.9368688060744959
548.0,0.9362333900548321
549.0,0.936114692687434
550.0,0.9363045897508894
551.0,0.9366289844421214
552.0,0.9370645247975327
553.0,0.9376140473342175
554.0,0.9381724198194855
555.0,0.9384687726638651
556.0,0.9381981544214614
557.0,0.9372289594431189
558.0,0.9357098486046229
559.0,0.9339914022407119
560.0,0.9324069256968945
561.0,0.9310801631177258
562.0,0.9299518062038321
563.0,0.9289678281843364
564.0,0.9282320729284006
565.0,0.9280199953148953
566.0,0.9284158856047391
567.0,0.9290400481750626
568.0,0.9291981482258284
569.0,0.9282980285847634
570.0,0.9263573472275948
571.0,0.9240488561462386
572.0,0.9220811062779024
573.0,0.9206427423278217
574.0,0.9195980141965565
575.0,0.9188491278452976
576.0,0.9184894774158425
577.0,0.9187363327255493
578.0,0.9196125866370906
579.0,0.9208121582717244
580.0,0.9218648955135755
581.0,0.9224060816293627
582.0,0.9223314223760154
583.0,0.9218189763427368
584.0,0.9211872916650529
585.0,0.920699175713226
586.0,0.9204610865274543
587.0,0.9203756144646724
588.0,0.9202164309616071
589.0,0.919728529221757
590.0,0.9187122586614713
591.0,0.9172127707057495
592.0,0.9155711675655414
593.0,0.9142116015976351
594.0,0.9133646815446548
595.0,0.9129546225898322
596.0,0.9127157583867237
597.0,0.9124690551777115
598.0,0.9122891243320151
599.0,0.9122634363603662
600.0,0.9122632171930632
601.0,0.9119841454871602
602.0,0.9111544325909924
603.0,0.909788772178616
604.0,0.9082521297312312
605.0,0.907105440813855
606.0,0.9067583863440254
607.0,0.9071994221491678
608.0,0.9079823746528041
609.0,0.9084707510576246
610.0,0.908223130920293
611.0,0.9071994160921943
612.0,0.9057504313095147
613.0,0.904371485224206
614.0,0.90341871614703
615.0,0.9029872440527009
616.0,0.9028911652224938
617.0,0.9028129570482358
618.0,0.9024674678920532
619.0,0.9017123855642739
620.0,0.9006583997680155
621.0,0.8996220658571513
622.0,0.8989823418269838
623.0,0.8989846670640153
624.0,0.8995400099455688
625.0,0.9002522188075922
626.0,0.9006467514598324
627.0,0.9004658989651008
628.0,0.8998084152679398
629.0,0.8990344986940033
630.0,0.898542102226945
631.0,0.8985094692321557
632.0,0.89881989518907
633.0,0.8991610912011813
634.0,0.89920572156723
635.0,0.898806166803692
636.0,0.8980345450151092
637.0,0.8971148440073651
638.0,0.896292810797359
639.0,0.8956985996749893
640.0,0.8953187610369748
641.0,0.8949788803977231
642.0,0.8943897893500392
643.0,0.8933501830061088
644.0,0.8919050734236136
645.0,0.890375612666195
646.0,0.889206545471031
647.0,0.888718851754863
648.0,0.8889437588809274
649.0,0.8895464241827343
650.0,0.8899922632286814
651.0,0.8898217914974333
652.0,0.8888949412032554
653.0,0.8874999572534202
654.0,0.8861753940863719
655.0,0.8854262986159401
656.0,0.885435535685507
657.0,0.8859804530896239
658.0,0.8865885088548487
659.0,0.8867514186291562
660.0,0.8862349577945462
661.0,0.8852464861509077
662.0,0.8843075138073484
663.0,0.8839478030038178
664.0,0.8843448298375488
665.0,0.8852079840655993
666.0,0.8859719715606792
667.0,0.8861540642724516
668.0,0.8856406010404906
669.0,0.8846806970774469
670.0,0.8836875436395423
671.0,0.8829593998617785
672.0,0.8825611032435017
673.0,0.882400604955177
674.0,0.8823014092992515
675.0,0.8821075505985907
676.0,0.8817674473136696
677.0,0.8813435476349532
678.0,0.8809670106729737
679.0,0.8807478776446882
680.0,0.8807161965717116
681.0,0.8808249584601062
682.0,0.8810234388893929
683.0,0.881311766581364
684.0,0.8817087866505174
685.0,0.8821834260982804
686.0,0.8825790247696241
687.0,0.8826609253223875
688.0,0.8822537913561029
689.0,0.8813659422383237
690.0,0.8802107836347735
691.0,0.8790549386016449
692.0,0.8780117088485186
693.0,0.8770307175944747
694.0,0.876069568976357
695.0,0.8751947178168665
696.0,0.8745722220285517
697.0,0.8742700731094294
698.0,0.874086470045371
699.0,0.8736857125435685
700.0,0.8728579997033422
701.0,0.8716451606389221
702.0,0.8702745578591506
703.0,0.868965655042253
704.0,0.8677644250838951
705.0,0.8666416216255133
706.0,0.8656145892286783
707.0,0.8646281780247352
708.0,0.8635304029196695
709.0,0.8622724462282061
710.0,0.8610567451033156
711.0,0.8603619395757558
712.0,0.8606483162455366
713.0,0.8618899141141937
714.0,0.8634835233744546
715.0,0.864602848851324
716.0,0.8647192680404843
717.0,0.8638686053808181
718.0,0.8625561200247397
719.0,0.8613551890102016
720.0,0.8605768558625027
721.0,0.8602454858025601
722.0,0.8601647671391377
723.0,0.8600868074551212
724.0,0.859853930824624
725.0,0.8594366437666551
726.0,0.8589298705511859
727.0,0.8584751579777379
728.0,0.8581845044734513
729.0,0.8580925246477539
730.0,0.8581278508743599
731.0,0.8581557420996342
732.0,0.8580633095225724
733.0,0.8578257044037723
734.0,0.8574940296868346
735.0,0.8571251176746468
736.0,0.8566941170216774
737.0,0.8561164392298574
738.0,0.8554301609737631
739.0,0.8548670527462271
740.0,0.8547600005406629
741.0,0.8552801948062176
742.0,0.8561726034274197
743.0,0.8568269098663674
744.0,0.8566029436352917
745.0,0.8552958485858198
746.0,0.85335922151161
747.0,0.8516429486003839
748.0,0.8508650178030513
749.0,0.851166302194251
750.0,0.8521008402744706
751.0,0.8529933286214388
752.0,0.8534216307345396
753.0,0.8533649958094544
754.0,0.853011930897771
755.0,0.8525293659159153
756.0,0.8518952372229348
757.0,0.851061122134809
758.0,0.8501474560960987
759.0,0.8493998221185994
760.0,0.8490346619062215
761.0,0.8490779375991069
762.0,0.8493514237906838
763.0,0.8496542090835888
764.0,0.8499148923886413
765.0,0.850126011455815
766.0,0.8502617342476212
767.0,0.850256086028715
768.0,0.8500336969760349
769.0,0.849582781541084
770.0,0.8489736650436772
771.0,0.848309253755492
772.0,0.8476660509908607
773.0,0.8470694524740658
774.0,0.8465117892305498
775.0,0.8460007385640735
776.0,0.845566252632902
777.0,0.8452357870814912
778.0,0.844982987236927
779.0,0.8447037934979682
780.0,0.8442641865947907
781.0,0.8435778551443714
782.0,0.8427550724277006
783.0,0.8421274390786433
784.0,0.842080032891392
785.0,0.842814455118567
786.0,0.844093420273369
787.0,0.8453136033057508
788.0,0.845948205212953
789.0,0.8459038914205409
790.0,0.8454144422976617
791.0,0.8447509181630619
792.0,0.8440384425486058
793.0,0.8432342291151894
794.0,0.8423521495503317
795.0,0.841552362726721
796.0,0.8409967587854504
797.0,0.8407238322918281
798.0,0.8406330418149359
799.0,0.8405585339952009
800.0,0.840378375073964
801.0,0.840075927681011
802.0,0.8397061048107334
803.0,0.8393589106823556
804.0,0.8391260086316837
805.0,0.8390287961757235
806.0,0.8389866815735889
807.0,0.838869482849629
808.0,0.8385860332363213
809.0,0.8381383895000646
810.0,0.837600387680443
811.0,0.8369822239313556
812.0,0.8361616740105824
813.0,0.8350858581977836
814.0,0.8339278200881397
815.0,0.8330285227632853
816.0,0.8326855551243562
817.0,0.8329002200606552
818.0,0.8333595769066064
819.0,0.8337085508032196
820.0,0.8337956472933148
821.0,0.8336458591107756
822.0,0.8333487160487338
823.0,0.83294676680563
824.0,0.8324155747726936
825.0,0.831765126960835
826.0,0.8310877770861395
827.0,0.8305286707452971
828.0,0.8301983320718442
829.0,0.8301026620989418
830.0,0.8301073239815697
831.0,0.8299799418975782
832.0,0.8295458557918378
833.0,0.8288123379683768
834.0,0.8280126935589283
835.0,0.8275011655325337
836.0,0.8275226551137221
837.0,0.8280535492861009
838.0,0.8288033398521932
839.0,0.8294008694371624
840.0,0.8296087213052148
841.0,0.829441550862503
842.0,0.8291038324411832
843.0,0.8288113490983026
844.0,0.8286796838740718
845.0,0.8286916984414283
846.0,0.8287868662886066
847.0,0.8289467019575012
848.0,0.8291877791230741
849.0,0.8295015130614463
850.0,0.8297656338706014
851.0,0.8297891159189146
852.0,0.8294548030082838
853.0,0.828801497968275
854.0,0.8279859815247337
855.0,0.8271678876468427
856.0,0.8264006696818219
857.0,0.8256654281546336
858.0,0.8249945482813104
859.0,0.8244610751732774
860.0,0.82410182115406
861.0,0.8239007331127639
862.0,0.8238193547015886
863.0,0.8238568305233946
864.0,0.8240718326102034
865.0,0.8244368686525221
866.0,0.8247520974767852
867.0,0.8247754681770263
868.0,0.824395557609009
869.0,0.8237135304251956
870.0,0.8229652585466449
871.0,0.8223222334413534
872.0,0.8217861452394324
873.0,0.8213319946778728
874.0,0.8210168987575142
875.0,0.8209381468388768
876.0,0.8211468131812358
877.0,0.8215679411408863
878.0,0.8220447871288705
879.0,0.8224783007071831
880.0,0.8228662393506021
881.0,0.823214493019346
882.0,0.823535393320133
883.0,0.8239053677804875
884.0,0.8243792797437974
885.0,0.8248778203358174
886.0,0.825187813880778
887.0,0.8250627168089552
888.0,0.8244379350235779
889.0,0.8235347499599067
890.0,0.8227047325580654
891.0,0.8221771857214868
892.0,0.8219555380569934
893.0,0.8218712168239317
894.0,0.8216637019119993
895.0,0.8211333835523897
896.0,0.8202976248882097
897.0,0.8193923451326743
898.0,0.8187147069498072
899.0,0.8184239681562271
900.0,0.81846692103429
901.0,0.8186560736543178
902.0,0.8188498457721036
903.0,0.8190394614135332
904.0,0.8192443245585493
905.0,0.8194331262323451
906.0,0.8195232451875285
907.0,0.8194484208382175
908.0,0.8192435749423096
909.0,0.8190305550157826
910.0,0.8189268868435298
911.0,0.8189705483355425
912.0,0.8191114139577063
913.0,0.8192684751695681
914.0,0.8194078662913328
915.0,0.8195349945957814
916.0,0.8196430723425177
917.0,0.8196853140132867
918.0,0.8195844406998022
919.0,0.8193119644342873
920.0,0.818935783132964
921.0,0.8185756311481031
922.0,0.8183220261898887
923.0,0.8181947618184274
924.0,0.8181493414892801
925.0,0.8181209422774798
926.0,0.81807302745294
927.0,0.8179947256089071
928.0,0.8179009094554531
929.0,0.8178518113213595
930.0,0.8179148969141151
931.0,0.8180951029403558
932.0,0.8183072488963705
933.0,0.8184070206738665
934.0,0.8182871066114363
935.0,0.8179572675318731
936.0,0.8175517213438537
937.0,0.8172563694145234
938.0,0.8171935555076588
939.0,0.8173585457259777
940.0,0.8175766522813801
941.0,0.8175562582202875
942.0,0.8171127543550402
943.0,0.8163361006875567
944.0,0.8156005634521328
945.0,0.8153699098607654
946.0,0.8158683358482368
947.0,0.8169115008227696
948.0,0.8180134940636612
949.0,0.8187064047621774
950.0,0.8188025335280689
951.0,0.8184735309473827
952.0,0.8181173402071118
953.0,0.8180748728712444
954.0,0.8184483986740433
955.0,0.8190657023135294
956.0,0.8196098366069464
957.0,0.819837491677782
958.0,0.8196968514886207
959.0,0.8193364912997172
960.0,0.8189922429113958
961.0,0.818832393629022
962.0,0.8188872146559231
963.0,0.8190334653435896
964.0,0.8190625956914402
965.0,0.8188252903189882
966.0,0.8183300776404192
967.0,0.8177695874685513
968.0,0.8174299195281329
969.0,0.8174961227704449
970.0,0.8179238929658275
971.0,0.8184408146044797
972.0,0.8187068492090503
973.0,0.8185397358409356
974.0,0.8180312807256316
975.0,0.8174839992052508
976.0,0.8171997021452877
977.0,0.8172924070755274
978.0,0.8176504139601022
979.0,0.8181149544221913
980.0,0.818635749809679
981.0,0.8192162445667716
982.0,0.8197900222230037
983.0,0.8200773249281994
984.0,0.8197247322321196
985.0,0.8186525670507905
986.0,0.8171976346398546
987.0,0.8159574149113892
988.0,0.8154104494453981
989.0,0.8156182223911567
990.0,0.816246164217903
991.0,0.8168871055745026
992.0,0.8173074112690917
993.0,0.8174874825845709
994.0,0.817528227958033
995.0,0.8174783563835589
996.0,0.8173339830126295
997.0,0.817116505194961
998.0,0.816899651813418
999.0,0.8167892055566988
1000.0,0.816843308078351
1001.0,0.817025832659538
1002.0,0.8172544718206513
1003.0,0.8174734507784837
1004.0,0.8176586447594869
1005.0,0.817802431665818
1006.0,0.8178982286487437
1007.0,0.8179338176689908
1008.0,0.817913448769667
1009.0,0.8178499509982475
1010.0,0.8177167856097951
1011.0,0.8174629183496877
1012.0,0.8170869145178921
1013.0,0.8166731068047627
1014.0,0.8163678861012813
1015.0,0.8162887851386622
1016.0,0.816442173556947
1017.0,0.8167210904724307
1018.0,0.816984061427834
1019.0,0.8171434154584304
1020.0,0.8172014859626453
1021.0,0.8172475869385865
1022.0,0.817401881530624
1023.0,0.817725614100486
1024.0,0.8181742099668432
1025.0,0.8186377790038721
1026.0,0.8190268994095619
1027.0,0.8193090840539881
1028.0,0.8195000736531601
1029.0,0.8196257229235723
1030.0,0.8196879451238083
1031.0,0.8196959773709425
1032.0,0.8196789074358082
1033.0,0.8196351918100091
1034.0,0.8195249603101665
1035.0,0.8193319627351779
1036.0,0.8191225102134243
1037.0,0.8190762314489642
1038.0,0.8193706790331343
1039.0,0.8199926526523428
1040.0,0.8207052718015003
1041.0,0.8211882665935288
1042.0,0.8212537984188735
1043.0,0.820968089064759
1044.0,0.8205614743572974
1045.0,0.8202010132984212
1046.0,0.8199228303661383
1047.0,0.819721789823479
1048.0,0.8196099032589352
1049.0,0.8196396237390221
1050.0,0.8198399462008656
1051.0,0.8201552832537615
1052.0,0.8205043646427091
1053.0,0.8208614370517036
1054.0,0.8212321017119815
1055.0,0.8216031022922688
1056.0,0.8219383451406593
1057.0,0.8221987539411584
1058.0,0.8223797844373835
1059.0,0.822526294384826
1060.0,0.8227168198621836
1061.0,0.8230136813896967
1062.0,0.8234087307055006
1063.0,0.8238203631920924
1064.0,0.8241430929736634
1065.0,0.8243190327423607
1066.0,0.8243752627035215
1067.0,0.8243967850752858
1068.0,0.8244540819034644
1069.0,0.8245618588401377
1070.0,0.8246981581815527
1071.0,0.8248468764733582
1072.0,0.8250366718614663
1073.0,0.8252920000686537
1074.0,0.825559649604984
1075.0,0.8257360292644786
1076.0,0.8257450876135783
1077.0,0.8255877746449785
1078.0,0.8253292570289431
1079.0,0.8249701407140886
1080.0,0.8243775496750725
1081.0,0.8235358859016026
1082.0,0.8227269459228618
1083.0,0.8224088047353214
1084.0,0.8229184668939942
1085.0,0.8241224897340572
1086.0,0.8254349977564197
1087.0,0.8262648093571644
1088.0,0.8264208178006673
1089.0,0.8260836819731396
1090.0,0.825554466045863
1091.0,0.8249808931870337
1092.0,0.8243206463497565
1093.0,0.8236364113567408
1094.0,0.8231834607531922
1095.0,0.8232432739880993
1096.0,0.8238725137913901
1097.0,0.8247584592863965
1098.0,0.8254049623184244
1099.0,0.8254749721682386
1100.0,0.8250137201177257
1101.0,0.824385462380441
1102.0,0.8240034478690725
1103.0,0.8240458697057734
1104.0,0.82442741361575
1105.0,0.8249818298786387
1106.0,0.8255942251377375
1107.0,0.826260797857014
1108.0,0.8269707180633209
1109.0,0.8276013958500543
1110.0,0.8280247773159801
1111.0,0.8282174534240804
1112.0,0.828243398208823
1113.0,0.8281811079488807
1114.0,0.8280656434302748
1115.0,0.8278897230901953
1116.0,0.827703104781919
1117.0,0.8276246871912827
1118.0,0.8277289660778923
1119.0,0.8279850559238235
1120.0,0.8282991454491379
1121.0,0.8285845055841097
1122.0,0.8288071242897384
1123.0,0.8289760628856726
1124.0,0.829082608607749
1125.0,0.8291050279682614
1126.0,0.8290583192727904
1127.0,0.8289575524127253
1128.0,0.8287538466830294
1129.0,0.828388376031415
1130.0,0.8278786951433121
1131.0,0.8273961794657096
1132.0,0.82723813485141
1133.0,0.8275867761817641
1134.0,0.8283381710529383
1135.0,0.8292203954523694
1136.0,0.8300231663664034
1137.0,0.8306637349537926
1138.0,0.8311472968279349
1139.0,0.8314411342167658
1140.0,0.8314301279353885
1141.0,0.8310942135364829
1142.0,0.8305804645757783
1143.0,0.8300641749147356
1144.0,0.8296321689409889
1145.0,0.8293130771160707
1146.0,0.8290965931402936
1147.0,0.828914126491076
1148.0,0.8286936740655684
1149.0,0.8284336394250005
1150.0,0.8282748001719016
1151.0,0.8285213499602102
1152.0,0.8293768922129349
1153.0,0.8306593733308422
1154.0,0.8318895002189693
1155.0,0.8326283175807663
1156.0,0.8327647182791926
1157.0,0.832551341033111
1158.0,0.8324211175237408
1159.0,0.8326914165307184
1160.0,0.8333666218993309
1161.0,0.8341690667882478
1162.0,0.8347271337026809
1163.0,0.8348258334625511
1164.0,0.8345374814348661
1165.0,0.8341469738525567
1166.0,0.8339365499507465
1167.0,0.8339912420167342
1168.0,0.8342232915659428
1169.0,0.8344876687537499
1170.0,0.8346577838762571
1171.0,0.8347008959758669
1172.0,0.8346919455736848
1173.0,0.8347607439721242
1174.0,0.8350238547497617
1175.0,0.8354877089931179
1176.0,0.8359993145262016
1177.0,0.8363342516059338
1178.0,0.8363407489993854
1179.0,0.8360772209714691
1180.0,0.8358232212638078
1181.0,0.8358911861676469
1182.0,0.8364068715173021
1183.0,0.8371992401104585
1184.0,0.8378977994312531
1185.0,0.8381992440516811
1186.0,0.8380799849020829
1187.0,0.8377208790809703
1188.0,0.8372843632350263
1189.0,0.8368453162748395
1190.0,0.8364221816492718
1191.0,0.8361507426805845
1192.0,0.8363191877000193
1193.0,0.8370578685347396
1194.0,0.8381581721977726
1195.0,0.8392191505517503
1196.0,0.839922289928282
1197.0,0.8402115213209407
1198.0,0.8402238984406634
1199.0,0.8399501436040813
1200.0,0.8392171158630299
1201.0,0.8380672746418096
1202.0,0.8368980885200509
1203.0,0.8362902429175835
1204.0,0.8366003164463538
1205.0,0.8376433526582006
1206.0,0.8388830545578662
1207.0,0.8399433860523984
1208.0,0.8407659035540692
1209.0,0.8414129640886023
1210.0,0.8419176436454521
1211.0,0.8422057673762677
1212.0,0.8422332643921705
1213.0,0.8421319907411585
1214.0,0.8420702052600583
1215.0,0.8420753142667932
1216.0,0.8421080083615311
1217.0,0.8421887241085064
1218.0,0.8423980132364759
1219.0,0.8428143153991006
1220.0,0.8434070203910013
1221.0,0.8440268195660606
1222.0,0.8445430199064446
1223.0,0.8449423911551767
1224.0,0.8452768671180111
1225.0,0.8455952126483832
1226.0,0.845930293924998
1227.0,0.8462843949876335
1228.0,0.8466253969672386
1229.0,0.846912980805011
1230.0,0.8471355401642665
1231.0,0.8473025961738435
1232.0,0.8474007587160861
1233.0,0.8474003233181365
1234.0,0.8472921735918939
1235.0,0.8471271655537389
1236.0,0.8470218004191942
1237.0,0.8470757561667344
1238.0,0.8472904131210169
1239.0,0.8475956279700958
1240.0,0.8479336267760582
1241.0,0.848279642674707
1242.0,0.8486275666267847
1243.0,0.8489619605726288
1244.0,0.8492445290807631
1245.0,0.8494595955563113
1246.0,0.8496422642045034
1247.0,0.8498514130322952
1248.0,0.8501266184300694
1249.0,0.8504667442354392
1250.0,0.8508409455804214
1251.0,0.8512302888504726
1252.0,0.8516424153359846
1253.0,0.8520755667392345
1254.0,0.8524964191647532
1255.0,0.8528451782386101
1256.0,0.853082706456572
1257.0,0.8532427035078342
1258.0,0.8534329167733683
1259.0,0.8537910713513956
1260.0,0.8543642827298167
1261.0,0.8550236965474358
1262.0,0.8555577831786679
1263.0,0.8558443293373005
1264.0,0.8559062729122344
1265.0,0.8558427516112121
1266.0,0.8557058010886088
1267.0,0.8554273589354526
1268.0,0.8550386188815697
1269.0,0.8548306468417094
1270.0,0.8551153024393187
1271.0,0.8559483828613472
1272.0,0.8570747022737729
1273.0,0.8581031930805605
1274.0,0.8587847548044989
1275.0,0.8591559359012849
1276.0,0.8593607466309932
1277.0,0.8594666900123376
1278.0,0.8594997171008696
1279.0,0.8594941925144265
1280.0,0.8595267151094564
1281.0,0.8596842147280305
1282.0,0.8599788320095079
1283.0,0.8603391564768723
1284.0,0.8606826869474218
1285.0,0.8609721110359471
1286.0,0.8612173316442592
1287.0,0.8614484125028821
1288.0,0.8616751402933253
1289.0,0.8618906517012977
1290.0,0.8621018956267968
1291.0,0.8623404594003379
1292.0,0.8626519990382759
1293.0,0.8630450973213808
1294.0,0.8634595473069682
1295.0,0.8637869363738281
1296.0,0.8639328515675052
1297.0,0.8639207524524912
1298.0,0.8639088308035432
1299.0,0.8640648840464875
1300.0,0.8644415735937285
1301.0,0.86498505570042
1302.0,0.8656131600130237
1303.0,0.8662933477983339
1304.0,0.867042795135119
1305.0,0.8677948092158105
1306.0,0.8683870606974866
1307.0,0.8687133081267128
1308.0,0.8688158101282374
1309.0,0.8688470615701253
1310.0,0.8689596405140027
1311.0,0.8692108113191459
1312.0,0.8695263099958518
1313.0,0.8697543242101647
1314.0,0.8697854037856085
1315.0,0.8696416972775225
1316.0,0.8694459988592261
1317.0,0.8693067222571776
1318.0,0.8692646926978438
1319.0,0.869309675370945
1320.0,0.8694481848116062
1321.0,0.8697546383656931
1322.0,0.8702571976160235
1323.0,0.8708454052440678
1324.0,0.871363316516818
1325.0,0.8717362121379635
1326.0,0.871982547505949
1327.0,0.8721572876667718
1328.0,0.8722739466124682
1329.0,0.8722934248743445
1330.0,0.8722567783779935
1331.0,0.872322344784739
1332.0,0.8726397558185488
1333.0,0.8732346298590102
1334.0,0.8739941368815597
1335.0,0.8747571146720406
1336.0,0.8754484597293407
1337.0,0.8760784695837907
1338.0,0.8765962497293767
1339.0,0.8768980734538669
1340.0,0.8769542636719292
1341.0,0.8768625261289471
1342.0,0.8768029958332921
1343.0,0.8769156141356365
1344.0,0.877201794489872
1345.0,0.8776152112265388
1346.0,0.8782123928518496
1347.0,0.879051177687804
1348.0,0.8800454030607341
1349.0,0.880967670693091
1350.0,0.8815702667525139
1351.0,0.8817913042989667
1352.0,0.8818174223367076
1353.0,0.8818636475317579
1354.0,0.8819721821295348
1355.0,0.8821247852395276
1356.0,0.8823697895319464
1357.0,0.8828065172210335
1358.0,0.8835050661568717
1359.0,0.8843884524543928
1360.0,0.8852638442913902
1361.0,0.8860110914825691
1362.0,0.8866388775161813
1363.0,0.8871376324776581
1364.0,0.8874387829175184
1365.0,0.8875023014981802
1366.0,0.88736801220318
1367.0,0.887143337760786
1368.0,0.886932954739931
1369.0,0.886762908608246
1370.0,0.8866741083075724
1371.0,0.8868583285643376
1372.0,0.8874886662011204
1373.0,0.8885011077739067
1374.0,0.889609440637086
1375.0,0.890492973637284
1376.0,0.8910026593750894
1377.0,0.8912375311648255
1378.0,0.8914195596176389
1379.0,0.8916934384482187
1380.0,0.8920801399213314
1381.0,0.892509581808224
1382.0,0.8928516407237671
1383.0,0.8930051861247283
1384.0,0.8930027079912953
1385.0,0.8930056282877283
1386.0,0.8931808419118306
1387.0,0.8935750028379947
1388.0,0.8940888813105201
1389.0,0.8945519695181566
1390.0,0.8948353701755345
1391.0,0.8949516001643498
1392.0,0.8950619129288049
1393.0,0.8953603509941933
1394.0,0.8959307740438516
1395.0,0.8966807876494826
1396.0,0.897403808068183
1397.0,0.8979288637803274
1398.0,0.8982403405281395
1399.0,0.8984669756790714
1400.0,0.8987610233759545
1401.0,0.8991939061743963
1402.0,0.8997224449572508
1403.0,0.9002456483779459
1404.0,0.9006994559355713
1405.0,0.9010853062646791
1406.0,0.9014367811410565
1407.0,0.9017081034666581
1408.0,0.9017640416282743
1409.0,0.9016103424561521
1410.0,0.9014865942130585
1411.0,0.9016755831841203
1412.0,0.9022851781583208
1413.0,0.9031805042188635
1414.0,0.9040987144348593
1415.0,0.9048698666725957
1416.0,0.9055106200525608
1417.0,0.9060910303573881
1418.0,0.906643707229295
1419.0,0.9071798486165467
1420.0,0.9076910606712867
1421.0,0.9081493933570048
1422.0,0.9085349608134317
1423.0,0.9088649023142674
1424.0,0.9091545936775624
1425.0,0.9093616539126418
1426.0,0.9094432378497601
1427.0,0.9094375646652302
1428.0,0.9095111947157893
1429.0,0.9099103700836815
1430.0,0.9107206638160698
1431.0,0.9117290876771305
1432.0,0.9125747768089334
1433.0,0.913013230133721
1434.0,0.913072544193052
1435.0,0.9130060012071375
1436.0,0.9130589437604071
1437.0,0.9132774819793914
1438.0,0.9135836256775239
1439.0,0.9138959794432632
1440.0,0.9141542024390747
1441.0,0.9143553197005924
1442.0,0.9145828444350654
1443.0,0.9149509148480027
1444.0,0.9155051389003825
1445.0,0.916181742645287
1446.0,0.9168559463709002
1447.0,0.9174268997867179
1448.0,0.9178751217995001
1449.0,0.9182571704188053
1450.0,0.9186413617312306
1451.0,0.9190608684530442
1452.0,0.9195071936504156
1453.0,0.9198976365058171
1454.0,0.9200809265019173
1455.0,0.9200040963447268
1456.0,0.919832720999512
1457.0,0.9199018098411225
1458.0,0.9205202697420345
1459.0,0.9216285435391701
1460.0,0.9227329383114017
1461.0,0.9232993883471357
1462.0,0.923180500692097
1463.0,0.9227066913816233
1464.0,0.9224276224540339
1465.0,0.9227031178982821
1466.0,0.9234537965571673
1467.0,0.9243077922749794
1468.0,0.9249177224378139
1469.0,0.9251766486360516
1470.0,0.925253920668493
1471.0,0.9254037143403576
1472.0,0.9257680950154199
1473.0,0.926328331893411
1474.0,0.9269631235566801
1475.0,0.927581888740996
1476.0,0.9281711257766408
1477.0,0.9287404456217814
1478.0,0.9292999999363527
1479.0,0.92985780109442
1480.0,0.9304147449925845
1481.0,0.9309653004514923
1482.0,0.9315078599349481
1483.0,0.9320513957371681
1484.0,0.9325874834750197
1485.0,0.9330750152834768
1486.0,0.9334892416249784
1487.0,0.9338489153035147
1488.0,0.9341320656323446
1489.0,0.9342468370538628
1490.0,0.9341617272335783
1491.0,0.9339882739425558
1492.0,0.9339392548838911
1493.0,0.9341966631580425
1494.0,0.9347705532854925
1495.0,0.9355338919035693
1496.0,0.9364564154652366
1497.0,0.9376109205018199
1498.0,0.9389039300857739
1499.0,0.9400618151629392
1500.0,0.9408629755949403
1501.0,0.9412815530071186
1502.0,0.9414519823607487
1503.0,0.9415332313696069
1504.0,0.941562593900613
1505.0,0.9415436995885509
1506.0,0.9416277706510625
1507.0,0.9419985511316131
1508.0,0.942675123587091
1509.0,0.9434844867654227
1510.0,0.944183630038368
1511.0,0.9446363872005044
1512.0,0.9449044557062904
1513.0,0.945131142747352
1514.0,0.9453824207906554
1515.0,0.9456702979908774
1516.0,0.9460123957162004
1517.0,0.946448744413134
1518.0,0.9470225097948447
1519.0,0.947708028027463
1520.0,0.9484070260817116
1521.0,0.9490355578096953
1522.0,0.9495822797202086
1523.0,0.9500797328807005
1524.0,0.9505703469277931
1525.0,0.9511046792913846
1526.0,0.9516721368458362
1527.0,0.9521154529646518
1528.0,0.9522430834053606
1529.0,0.9520183329828142
1530.0,0.9517053706498751
1531.0,0.9518487401125126
1532.0,0.9528193340589037
1533.0,0.9543992832884295
1534.0,0.9559430021646346
1535.0,0.9568859231253962
1536.0,0.9571166968396253
1537.0,0.9569926565217171
1538.0,0.9569812096298146
1539.0,0.9572494137877108
1540.0,0.9577178649383162
1541.0,0.9582892399313667
1542.0,0.9589199420709829
1543.0,0.9596172169003184
1544.0,0.9603047785545292
1545.0,0.9607974822431893
1546.0,0.9609888538034288
1547.0,0.9609634878417003
1548.0,0.960927651968799
1549.0,0.9610604013822415
1550.0,0.9614042249324679
1551.0,0.9618708988589431
1552.0,0.9623722160940982
1553.0,0.9628870793105694
1554.0,0.9634134300383095
1555.0,0.9639416039852373
1556.0,0.9644536713665821
1557.0,0.9649432455651125
1558.0,0.9654377164444498
1559.0,0.9659734835180407
1560.0,0.9665558316301525
1561.0,0.9671779158694895
1562.0,0.9678591976620214
1563.0,0.9686324200852033
1564.0,0.9695053583798271
1565.0,0.9703396586577501
1566.0,0.970842503968459
1567.0,0.9708412412121555
1568.0,0.9704963025831025
1569.0,0.9702998374234577
1570.0,0.9707797307461931
1571.0,0.9720073452296738
1572.0,0.9734596242871506
1573.0,0.9743902557463919
1574.0,0.9743995275900028
1575.0,0.9737849705850464
1576.0,0.9733245519162503
1577.0,0.9736209414880039
1578.0,0.9746594019533861
1579.0,0.9759536164905598
1580.0,0.9769619478443123
1581.0,0.9774684243484804
1582.0,0.9776548736827645
1583.0,0.9778063169797682
1584.0,0.9780896505046143
1585.0,0.9785103921719625
1586.0,0.9790193543121335
1587.0,0.9796794220217622
1588.0,0.9805557901552054
1589.0,0.981541866604942
1590.0,0.9823912143480044
1591.0,0.9828732738318191
1592.0,0.9829877700288941
1593.0,0.9830104361231522
1594.0,0.9832371615614197
1595.0,0.9837280772029311
1596.0,0.9843694054531468
1597.0,0.9849700893139215
1598.0,0.9855821245562002
1599.0,0.0
