0.0,0.0
1.0,0.0
2.0,0.0
3.0,0.0
4.0,0.0
5.0,0.0
6.0,0.0
7.0,0.0
8.0,0.0
9.0,0.0
10.0,0.0
11.0,0.0
12.0,0.0
13.0,0.0
14.0,0.0
15.0,0.0
16.0,0.0
17.0,0.0
18.0,0.0
19.0,0.0
20.0,0.0
21.0,0.0
22.0,0.0
23.0,0.0
24.0,0.0
25.0,0.0
26.0,0.0
27.0,0.0
28.0,0.0
29.0,0.0
30.0,0.0
31.0,0.0
32.0,0.0
33.0,0.0
34.0,0.0
35.0,0.0
36.0,0.0
37.0,0.0
38.0,0.0
39.0,0.0
40.0,0.0
41.0,0.0
42.0,0.0
43.0,0.0
44.0,0.0
45.0,0.0
46.0,0.0
47.0,0.0
48.0,0.0
49.0,0.0
50.0,0.0
51.0,0.0
52.0,0.0
53.0,0.0
54.0,0.0
55.0,0.0
56.0,0.0
57.0,0.0
58.0,0.0
59.0,0.0
60.0,0.0
61.0,0.0
62.0,0.0
63.0,0.0
64.0,0.0
65.0,0.0
66.0,0.0
67.0,0.0
68.0,0.0
69.0,0.0
70.0,0.0
71.0,0.0
72.0,0.0
73.0,0.0
74.0,0.0
75.0,0.0
76.0,0.0
77.0,0.0
78.0,0.0
79.0,0.0
80.0,0.0
81.0,0.0
82.0,0.0
83.0,0.0
84.0,0.0
85.0,0.0
86.0,0.0
87.0,0.0
88.0,0.0
89.0,0.0
90.0,0.0
91.0,0.0
92.0,0.0
93.0,0.0
94.0,0.0
95.0,0.0
96.0,0.0
97.0,0.0
98.0,0.0
99.0,0.0
100.0,0.0
101.0,0.0
102.0,0.0
103.0,0.0
104.0,0.0
105.0,0.0
106.0,0.0
107.0,0.0
108.0,0.0
109.0,0.0
110.0,0.0
111.0,0.0
112.0,0.0
113.0,0.0
114.0,0.0
115.0,0.0
116.0,0.0
117.0,0.0
118.0,0.0
119.0,0.0
120.0,0.0
121.0,0.0
122.0,0.0
123.0,0.0
124.0,0.0
125.0,0.03198792659838825
126.0,0.03392472162595903
127.0,0.0355732827907715
128.0,0.036826311501176386
129.0,0.038068121386476694
130.0,0.039557177882553744
131.0,0.041444356362820095
132.0,0.04372269641470717
133.0,0.046190911181222656
134.0,0.04865638213217874
135.0,0.0513291420214395
136.0,0.05464753291217032
137.0,0.05854194681231357
138.0,0.06237315827912746
139.0,0.0656271490976181
140.0,0.06816207344666035
141.0,0.06985487427996653
142.0,0.07063229729622067
143.0,0.07072088088440624
144.0,0.07047772948694517
145.0,0.0700441747831903
146.0,0.06933724702825754
147.0,0.06827289042257209
148.0,0.0668955108110939
149.0,0.06538712204941508
150.0,0.06401109799139482
151.0,0.06299522462114501
152.0,0.0623569284443263
153.0,0.06187957697662846
154.0,0.06134543344441217
155.0,0.06069224603861339
156.0,0.0596574143494901
157.0,0.05773934257580583
158.0,0.05493725505714107
159.0,0.05195406273029281
160.0,0.049423846361791514
161.0,0.04742592160006717
162.0,0.04587738116820066
163.0,0.044779398236509636
164.0,0.04404251885570401
165.0,0.0435219343767261
166.0,0.04322700819568892
167.0,0.04328124203002824
168.0,0.04368560437083024
169.0,0.04428332906583189
170.0,0.044915152963283675
171.0,0.045444405386102116
172.0,0.04569422027673781
173.0,0.04558683160602687
174.0,0.045272561396272615
175.0,0.04499465049339603
176.0,0.04487189686889938
177.0,0.04492568623991181
178.0,0.04519326073156061
179.0,0.04565199991552193
180.0,0.04616892779507404
181.0,0.04658283813375787
182.0,0.046804107248875466
183.0,0.04682208348629077
184.0,0.046675294028615325
185.0,0.0464477820793547
186.0,0.04624893679722522
187.0,0.046223729855058106
188.0,0.04648290268661186
189.0,0.04696590079275721
190.0,0.04747220384671129
191.0,0.04785973433308916
192.0,0.04809474105897002
193.0,0.04808912924893721
194.0,0.04775271636550485
195.0,0.04719561975962171
196.0,0.0466335515004329
197.0,0.04612256204102333
198.0,0.04557968974993962
199.0,0.04499062624565467
200.0,0.04442368855838688
201.0,0.04393138180804772
202.0,0.04359128660395811
203.0,0.0435560375030524
204.0,0.04388998540223987
205.0,0.04444859117459651
206.0,0.045021252977217346
207.0,0.04551096834629732
208.0,0.04586021519889602
209.0,0.04597618922590438
210.0,0.04586651898996681
211.0,0.045685206794800065
212.0,0.0455874972219148
213.0,0.045615013550040884
214.0,0.045752522251237715
215.0,0.045980869342634706
216.0,0.046255253891517245
217.0,0.04650847342768713
218.0,0.0466693739774655
219.0,0.04669984195888548
220.0,0.04662241482634434
221.0,0.046498606686383295
222.0,0.046377474729137586
223.0,0.04625292750968546
224.0,0.04606004777110059
225.0,0.04576220769061047
226.0,0.04544070102332158
227.0,0.04525476722566382
228.0,0.04533119636737509
229.0,0.04573959058560423
230.0,0.04652024077086597
231.0,0.047587002513334906
232.0,0.048699701886220165
233.0,0.04963630071967187
234.0,0.05034896215349341
235.0,0.05089839652077914
236.0,0.05132765619563581
237.0,0.0516658876929809
238.0,0.05193532657351761
239.0,0.052124810631449886
240.0,0.052204688318168366
241.0,0.05219675938199289
242.0,0.052182319790752746
243.0,0.05222125483731814
244.0,0.05231595872572056
245.0,0.052461167875726314
246.0,0.0526606294646462
247.0,0.05289224109595217
248.0,0.05314829756207699
249.0,0.05351577441769882
250.0,0.05408472626552187
251.0,0.05478859936752749
252.0,0.0554538721020017
253.0,0.05597300580004694
254.0,0.05629861680057083
255.0,0.05634543632305056
256.0,0.05608520399469473
257.0,0.055639917442489584
258.0,0.05514677354651511
259.0,0.054602956694086296
260.0,0.05393484796382132
261.0,0.053129552552980366
262.0,0.05227547352589691
263.0,0.05152828214870353
264.0,0.05104234330536625
265.0,0.05089860842454827
266.0,0.05108198692647352
267.0,0.051512216567956126
268.0,0.0520836540145021
269.0,0.05273017669952222
270.0,0.05346889619182052
271.0,0.05435780644798785
272.0,0.05538553065286536
273.0,0.05646127363480208
274.0,0.05751826576495089
275.0,0.058553475979005065
276.0,0.0595813885079271
277.0,0.060612549548566486
278.0,0.06165672040589887
279.0,0.06274471136838772
280.0,0.06394745713588312
281.0,0.06530467718660171
282.0,0.06675499054477771
283.0,0.06819282132642676
284.0,0.06956527263048012
285.0,0.07083020962090092
286.0,0.07190008511826285
287.0,0.07275836520848583
288.0,0.07352541957725225
289.0,0.07430782755328277
290.0,0.07507764273946807
291.0,0.07578307528511904
292.0,0.0764484477026871
293.0,0.07710097819324196
294.0,0.077754850613376
295.0,0.07855782998725214
296.0,0.07972604956679141
297.0,0.08123162502601863
298.0,0.0827680527944214
299.0,0.08406223057858386
300.0,0.08499713574948775
301.0,0.08541921586065937
302.0,0.08523484391883265
303.0,0.08467431758841587
304.0,0.08415579619635072
305.0,0.08392175942666771
306.0,0.08397352665081373
307.0,0.08426983087448961
308.0,0.084788816151591
309.0,0.08551163121963568
310.0,0.08640321709992049
311.0,0.08740349835547329
312.0,0.08849048921509844
313.0,0.08972587679399702
314.0,0.09122632059314176
315.0,0.0931052079137675
316.0,0.09550188700420634
317.0,0.0985394370863964
318.0,0.10203650578819518
319.0,0.10554668782798024
320.0,0.1089683882219776
321.0,0.11270305037662759
322.0,0.11696563779299357
323.0,0.1213787989592641
324.0,0.1252983227407157
325.0,0.12807406196892604
326.0,0.12890953939394498
327.0,0.12729843059182694
328.0,0.123722660798787
329.0,0.11923663791755809
330.0,0.11433185332919105
331.0,0.1087328455569396
332.0,0.10209324099922312
333.0,0.09453893211018113
334.0,0.08677171688126722
335.0,0.07961677205913495
336.0,0.0734377257745209
337.0,0.06816084545823825
338.0,0.06367514389914863
339.0,0.059901768412857714
340.0,0.05678091586226777
341.0,0.05442228553367734
342.0,0.05310134006568909
343.0,0.05282642828367473
344.0,0.05314315475055392
345.0,0.05358283755576454
346.0,0.05404237032675241
347.0,0.05458757718000945
348.0,0.05522112384451655
349.0,0.055901133286638566
350.0,0.05659431413196439
351.0,0.057343810750038526
352.0,0.05823377722872414
353.0,0.059259712221843786
354.0,0.06030459041151695
355.0,0.06124036614774983
356.0,0.061995763351652605
357.0,0.06254402861738614
358.0,0.06290104902624563
359.0,0.06311893678750397
360.0,0.06322957309582367
361.0,0.06319464700321314
362.0,0.06293777994719776
363.0,0.06241582181162811
364.0,0.06173027829174854
365.0,0.06114435408101196
366.0,0.060851929416570555
367.0,0.06079391998487582
368.0,0.060855247646194044
369.0,0.06110221268299065
370.0,0.06171792068178017
371.0,0.06286294433117637
372.0,0.06467022166809999
373.0,0.0672057471077045
374.0,0.07031260518751525
375.0,0.07364074803353882
376.0,0.07687490961046622
377.0,0.07989599042318174
378.0,0.08270068666443728
379.0,0.08534777507184665
380.0,0.0880142854828441
381.0,0.09086642754939128
382.0,0.0938398005037348
383.0,0.0967574098686364
384.0,0.09967174669910994
385.0,0.1028444839015287
386.0,0.10645038663081982
387.0,0.11051529693595824
388.0,0.1150470674602162
389.0,0.11998579946333354
390.0,0.12513924856493713
391.0,0.13063523476480154
392.0,0.13721114493863845
393.0,0.14535100885557967
394.0,0.15451337743519916
395.0,0.16351897187251868
396.0,0.17141975373254964
397.0,0.17797635823419122
398.0,0.18355506680228023
399.0,0.1883873289453587
400.0,0.19201545821147398
401.0,0.1935684703448443
402.0,0.19230252738867165
403.0,0.1878797409830566
404.0,0.18061298470747855
405.0,0.1716920491047268
406.0,0.16243029973573048
407.0,0.15297131885171572
408.0,0.14255157578732008
409.0,0.13120035230226884
410.0,0.11998941611409791
411.0,0.10980290327541437
412.0,0.10093108527740302
413.0,0.09353452659502115
414.0,0.08759725620460995
415.0,0.08272658864613447
416.0,0.07851378697936343
417.0,0.07497876336280407
418.0,0.07234285454735906
419.0,0.0705737132946338
420.0,0.06936927676730986
421.0,0.06839294081862379
422.0,0.06758238669713695
423.0,0.06721297174647237
424.0,0.06740361349865981
425.0,0.06779163101489002
426.0,0.0679138319334113
427.0,0.06758320044293836
428.0,0.06675126735689804
429.0,0.06540318540572018
430.0,0.0637294386403125
431.0,0.06207456077182427
432.0,0.060661126180357294
433.0,0.05948534534915001
434.0,0.05850275514022468
435.0,0.057718170982148986
436.0,0.057103435313780565
437.0,0.0566474442393371
438.0,0.05648128851016046
439.0,0.056724619092609646
440.0,0.057227951634234275
441.0,0.05775477398821657
442.0,0.058340637799022155
443.0,0.05916774472792208
444.0,0.06023563855695396
445.0,0.06134760227277722
446.0,0.062279584507044905
447.0,0.0628403501031248
448.0,0.06289370192802696
449.0,0.062440295013420605
450.0,0.0616112623865252
451.0,0.06055562334718906
452.0,0.0593198451837203
453.0,0.057824311486115776
454.0,0.05596169204227286
455.0,0.053800608850175735
456.0,0.051610872855994305
457.0,0.04962095192095595
458.0,0.047863330675620486
459.0,0.04627588499106944
460.0,0.04479867898437001
461.0,0.04337666464612325
462.0,0.04196038005222155
463.0,0.04048798590928951
464.0,0.03893003497050837
465.0,0.037355407508150584
466.0,0.03587210484344669
467.0,0.03450836336475946
468.0,0.03322475447005696
469.0,0.03201056160307297
470.0,0.030906208064304636
471.0,0.029970361241191484
472.0,0.029274888006738997
473.0,0.028897352149888894
474.0,0.028846258196477376
475.0,0.02902849293259846
476.0,0.02932628371165133
477.0,0.02969257193665234
478.0,0.030175497967382614
479.0,0.030854437456010686
480.0,0.03168840249158633
481.0,0.03246676462726461
482.0,0.03293674184215456
483.0,0.03296125350325507
484.0,0.03257228537050333
485.0,0.03193304198081057
486.0,0.031254453483449685
487.0,0.03069203722571265
488.0,0.030320384055896432
489.0,0.030134074406950012
490.0,0.030078290384591228
491.0,0.03010808479108823
492.0,0.030229517980709747
493.0,0.030481046292581193
494.0,0.03087568923136963
495.0,0.03137656161710761
496.0,0.031916315500750164
497.0,0.03240655032311873
498.0,0.03275096198437433
499.0,0.03292388381785685
500.0,0.033010063760708364
501.0,0.03312105405531432
502.0,0.033292587344878444
503.0,0.033503006260193646
504.0,0.03373632961139256
505.0,0.03400454795775354
506.0,0.034349031642893046
507.0,0.03483012109822359
508.0,0.035496858559028455
509.0,0.036350028212299934
510.0,0.03734126302499269
511.0,0.03841260811853964
512.0,0.039532092494026616
513.0,0.04068816951902943
514.0,0.04187828405057714
515.0,0.043097618056742115
516.0,0.0443544808180254
517.0,0.04570619811142873
518.0,0.04721948725270553
519.0,0.04889654387226028
520.0,0.050654085842208374
521.0,0.05236685555363019
522.0,0.053932476112067196
523.0,0.05531234526130974
524.0,0.056515334955086816
525.0,0.05754429426626967
526.0,0.058410952066277
527.0,0.05916257907723038
528.0,0.05988352371795641
529.0,0.060657661139951524
530.0,0.061426948969681705
531.0,0.06194046600742642
532.0,0.06184852124800755
533.0,0.06089256252831243
534.0,0.05910235113859441
535.0,0.056783599581595456
536.0,0.054286091313060225
537.0,0.051779801462492225
538.0,0.04926885890105204
539.0,0.046707070920781024
540.0,0.04412435773721857
541.0,0.041663683473627644
542.0,0.03948456135658307
543.0,0.037665500666541896
544.0,0.036181228007769906
545.0,0.03492729453263438
546.0,0.033785529627906596
547.0,0.03261946140455224
548.0,0.0312194093122799
549.0,0.029482430167102114
550.0,0.027595724935677357
551.0,0.02590563818122371
552.0,0.024645434442369274
553.0,0.023870119909048415
554.0,0.023546055708147384
555.0,0.02354966322145785
556.0,0.02369873387011151
557.0,0.023811713563615333
558.0,0.02377169507101151
559.0,0.023584827776895356
560.0,0.023355563305637095
561.0,0.02319565318216754
562.0,0.023152870963315142
563.0,0.023271621652331043
564.0,0.023601765447015033
565.0,0.024081309196727907
566.0,0.024558740570769122
567.0,0.02497905118924132
568.0,0.0254142862913449
569.0,0.02588643488849779
570.0,0.026316654757135072
571.0,0.026640052004486936
572.0,0.026828571863431905
573.0,0.026820312486676823
574.0,0.026576000074755912
575.0,0.026179412242614053
576.0,0.025776688180133567
577.0,0.025441573999774536
578.0,0.02516464997187967
579.0,0.024926910548901615
580.0,0.02470658549617566
581.0,0.024468676524505573
582.0,0.02417592875725577
583.0,0.02380380469828397
584.0,0.023356063519293202
585.0,0.022858498637394864
586.0,0.022321850809786492
587.0,0.021720685875627754
588.0,0.02102180124288805
589.0,0.020221450763340032
590.0,0.019359646893782168
591.0,0.018523965834634837
592.0,0.017873041425795766
593.0,0.017548974479445312
594.0,0.01751046531986411
595.0,0.01754123309231459
596.0,0.017441479800753612
597.0,0.017125921519140885
598.0,0.016539602678634746
599.0,0.015684293416479478
600.0,0.01470385283233605
601.0,0.013810131961989158
602.0,0.01313591613657944
603.0,0.012689923265547076
604.0,0.012424900153997498
605.0,0.012281470668332684
606.0,0.012215150587232104
607.0,0.012191109635433295
608.0,0.012167871700751176
609.0,0.012141845898721582
610.0,0.012171541792831309
611.0,0.01232628012621273
612.0,0.012629754307667329
613.0,0.013074131445677262
614.0,0.01364947247424958
615.0,0.014331746223625541
616.0,0.015094048568453644
617.0,0.015964893236430855
618.0,0.017010213404355823
619.0,0.018210476425985223
620.0,0.019431670317400063
621.0,0.020533660876728643
622.0,0.021447244758002804
623.0,0.022141478368542133
624.0,0.022649686572189243
625.0,0.023140708709767033
626.0,0.02377801337513341
627.0,0.02449329505536757
628.0,0.025129332680317085
629.0,0.025769886623067395
630.0,0.026678136387629225
631.0,0.02800834625721832
632.0,0.029777513430392366
633.0,0.031995218889896815
634.0,0.03462685926425302
635.0,0.037556253255587035
636.0,0.04079125399338934
637.0,0.04457374565014005
638.0,0.049009438330293253
639.0,0.05380257529759064
640.0,0.058537026103412604
641.0,0.06302623509047983
642.0,0.06734048830825112
643.0,0.07162750170739152
644.0,0.07583985749465122
645.0,0.07964130157133475
646.0,0.08260577041611394
647.0,0.08449681059962527
648.0,0.08541113918942322
649.0,0.08570738172827302
650.0,0.08578084894542398
651.0,0.08582943285884198
652.0,0.08579090411948342
653.0,0.08556951391241147
654.0,0.0853811118603568
655.0,0.08556710829789715
656.0,0.08612472953753136
657.0,0.08685189587370584
658.0,0.08779776786975346
659.0,0.08925603142158073
660.0,0.09149721389243676
661.0,0.09484448237153437
662.0,0.09976360273273543
663.0,0.10637365014862232
664.0,0.11416310851758404
665.0,0.12250676886361694
666.0,0.13123559340956076
667.0,0.14046968326574782
668.0,0.15029781503144507
669.0,0.16082551318409177
670.0,0.17215421886609422
671.0,0.18415861095936759
672.0,0.19657773301190312
673.0,0.2095392981030076
674.0,0.22357066726158575
675.0,0.2389229525733041
676.0,0.255411790078223
677.0,0.27301349101607997
678.0,0.29183616275126834
679.0,0.3113507473340877
680.0,0.3317930541692727
681.0,0.3565174093685197
682.0,0.38846018596531384
683.0,0.4247750720115702
684.0,0.4592314367497327
685.0,0.4885679817127538
686.0,0.5130325967941043
687.0,0.533154034543402
688.0,0.5487875764670402
689.0,0.5591306334883057
690.0,0.560794335813903
691.0,0.5479171555326328
692.0,0.5187194080555169
693.0,0.47905166995311405
694.0,0.43685011065659773
695.0,0.39573754825044105
696.0,0.35558281879666687
697.0,0.3153920888019666
698.0,0.2754289926685485
699.0,0.2378808284155659
700.0,0.2048361436250669
701.0,0.17679544726757906
702.0,0.1531778145456073
703.0,0.13308681162499048
704.0,0.1156608943318731
705.0,0.10048942860312754
706.0,0.08771868432268687
707.0,0.07750803281933011
708.0,0.0692699424875966
709.0,0.06202965587089804
710.0,0.05541751068019829
711.0,0.049621058387167016
712.0,0.04466547572210272
713.0,0.04033130030521892
714.0,0.03642444683572588
715.0,0.032899335374365346
716.0,0.029843691424434604
717.0,0.02730461030010789
718.0,0.025160029251600102
719.0,0.023337114863654196
720.0,0.021977381511933958
721.0,0.02120315074134943
722.0,0.020909752292805228
723.0,0.020851121484554758
724.0,0.02079470193433347
725.0,0.02054636252617037
726.0,0.020004236265521724
727.0,0.019253327503693185
728.0,0.01850738593707052
729.0,0.01793453414637014
730.0,0.017564397122560915
731.0,0.017372419195311073
732.0,0.017326072984686025
733.0,0.017361521272620306
734.0,0.017414461834068196
735.0,0.017468397673835012
736.0,0.017539502669192852
737.0,0.017620618228021467
738.0,0.01767799572274964
739.0,0.01768362283630187
740.0,0.017629172151906902
741.0,0.017521573899585474
742.0,0.017378677826005162
743.0,0.017222366609210893
744.0,0.017102897800777728
745.0,0.017100260435603698
746.0,0.017234713689744496
747.0,0.01741943623062303
748.0,0.017533325584290327
749.0,0.017507639944655484
750.0,0.017311037363903103
751.0,0.016940034532870685
752.0,0.01647715532709354
753.0,0.016090403043397317
754.0,0.01598845345150579
755.0,0.016300828887195584
756.0,0.016952417294609723
757.0,0.017711716196609884
758.0,0.018383502778887006
759.0,0.018907185989865682
760.0,0.019276407386128347
761.0,0.01950928169686661
762.0,0.019665587216907643
763.0,0.019829672580377045
764.0,0.02008229478378104
765.0,0.020443514598525392
766.0,0.020846949642625012
767.0,0.02119081021637731
768.0,0.0214155459056683
769.0,0.021503949322581983
770.0,0.02144200045119471
771.0,0.021234032894198895
772.0,0.02091655707189055
773.0,0.02056091372219926
774.0,0.020245134843179524
775.0,0.01998584238940021
776.0,0.01971488424448281
777.0,0.01933231033823557
778.0,0.018770403440969363
779.0,0.01798922220571947
780.0,0.016987020052654123
781.0,0.015857222506958757
782.0,0.014735148794552733
783.0,0.01364745241598192
784.0,0.012519026239481146
785.0,0.011356220992124022
786.0,0.010280408857803125
787.0,0.009386085387518006
788.0,0.008727800604032665
789.0,0.008427945354857025
790.0,0.008547384924006474
791.0,0.008896171485703097
792.0,0.009097096829595308
793.0,0.008805427812338062
794.0,0.007933511723438813
795.0,0.006695908893596891
796.0,0.005478799680036672
797.0,0.004610122837822417
798.0,0.004300818816128205
799.0,0.004663270731775138
800.0,0.005547475349803821
801.0,0.006544294510017812
802.0,0.007217081054071095
803.0,0.0073510436329113915
804.0,0.006997807342553675
805.0,0.006360800231695218
806.0,0.005665170771559203
807.0,0.005023237570029593
808.0,0.00441860066173233
809.0,0.003790549955780931
810.0,0.003163277257245134
811.0,0.0026824973578805644
812.0,0.0025259208689272783
813.0,0.0027759289363274986
814.0,0.0033523497767251054
815.0,0.00406023695805191
816.0,0.004717854452264192
817.0,0.005225763932854122
818.0,0.005538452202280053
819.0,0.005665979801166732
820.0,0.005665758832325785
821.0,0.005596229956519372
822.0,0.005473333423281823
823.0,0.005282724641276215
824.0,0.00501852231726313
825.0,0.004688223171155692
826.0,0.004301194348518278
827.0,0.003841556168719229
828.0,0.003269722273874176
829.0,0.002601929115601087
830.0,0.001942037390626039
831.0,0.0014056893720412744
832.0,0.0010426892713660818
833.0,0.0008370008145381913
834.0,0.0007413342280296886
835.0,0.0007077861540936703
836.0,0.0007152929293778865
837.0,0.0007671146756948466
838.0,0.0008725354336054925
839.0,0.0010262647214687726
840.0,0.0012013161590109789
841.0,0.0013603227364432646
842.0,0.001482314409517238
843.0,0.0015830138224841583
844.0,0.0017007257834726341
845.0,0.0018617592957684281
846.0,0.002071035055537296
847.0,0.002326287448242814
848.0,0.0026219278543331836
849.0,0.0029505077966409665
850.0,0.0033216618997771175
851.0,0.003769558906819459
852.0,0.004307224254764541
853.0,0.0048934642748739154
854.0,0.005466699843027167
855.0,0.0059909822255141965
856.0,0.00645186469487502
857.0,0.006840633666108931
858.0,0.0071592556400328355
859.0,0.0074049924329632755
860.0,0.007518940513619343
861.0,0.007410952416193162
862.0,0.007079345337722531
863.0,0.0066357244734626675
864.0,0.00619667564767451
865.0,0.005814701725434579
866.0,0.005515039906059116
867.0,0.005301702092316507
868.0,0.005131579770985439
869.0,0.004963260300320627
870.0,0.004833383904284061
871.0,0.004804281831270407
872.0,0.004851252607155576
873.0,0.00488620228769121
874.0,0.004857783512506653
875.0,0.004762617461189833
876.0,0.004602631377589983
877.0,0.00439017785888729
878.0,0.004153493712132306
879.0,0.003866674076254628
880.0,0.003423205740000268
881.0,0.0027787781639924125
882.0,0.0020478679151215706
883.0,0.0014074549655155866
884.0,0.0009691663237921255
885.0,0.0007804843396126415
886.0,0.0008400733557737405
887.0,0.0010636858174052355
888.0,0.0013036169495929117
889.0,0.001391325034321822
890.0,0.0012275126578262796
891.0,0.0008631149264178295
892.0,0.0004596105650342963
893.0,0.00015453632511241988
894.0,0.0
895.0,2.8744900263333317e-05
896.0,0.00025120618134538697
897.0,0.0006097004815565077
898.0,0.0010098426394791749
899.0,0.0013882465128038923
900.0,0.0017431580685412507
901.0,0.002112929928650531
902.0,0.0025559915129561017
903.0,0.00312751159974739
904.0,0.003853983182336873
905.0,0.004726373778187132
906.0,0.005693067168101196
907.0,0.006675289807673457
908.0,0.007574771998202334
909.0,0.008302598020688334
910.0,0.00885017295697238
911.0,0.009299733936395549
912.0,0.009745196150105495
913.0,0.010220884490276083
914.0,0.010728431813200379
915.0,0.011258509388248739
916.0,0.011761579798593602
917.0,0.01216747170597765
918.0,0.012447457294711084
919.0,0.012621065782242757
920.0,0.012693717643025071
921.0,0.012648260881321316
922.0,0.012495521225579675
923.0,0.012269563962582108
924.0,0.011982832951678346
925.0,0.01161552335949989
926.0,0.011139251255519345
927.0,0.010510163340895218
928.0,0.00965627966113336
929.0,0.008568064717761226
930.0,0.0073672345600768185
931.0,0.006203736548968719
932.0,0.0051233017424380245
933.0,0.004106340293014932
934.0,0.0031611075019393198
935.0,0.0023212421377415415
936.0,0.0016219278045814245
937.0,0.001106756165359768
938.0,0.0008162340350321706
939.0,0.00072623926278792
940.0,0.0007596104259225411
941.0,0.0009152087896315275
942.0,0.0012882432077162553
943.0,0.0019118717336316093
944.0,0.002677336134297492
945.0,0.0034141414213718635
946.0,0.003963889228932094
947.0,0.004168698796703119
948.0,0.003974491394407309
949.0,0.003563880347482784
950.0,0.0032205158827955382
951.0,0.003054831824119919
952.0,0.003009962904360508
953.0,0.0030813951992893496
954.0,0.003349314021658445
955.0,0.0038853893894343905
956.0,0.004788132657849553
957.0,0.0062287516281434585
958.0,0.00821519259858855
959.0,0.010422062867084025
960.0,0.012278552889270378
961.0,0.013256850364517403
962.0,0.013277520526112307
963.0,0.012794122332347724
964.0,0.012404149828159905
965.0,0.012437905822663464
966.0,0.01310226752708571
967.0,0.014559588672660384
968.0,0.0166134128920582
969.0,0.018755877282962907
970.0,0.020643362219362915
971.0,0.02231147890584917
972.0,0.023872422490346157
973.0,0.025317495593515482
974.0,0.02659722981094481
975.0,0.027675252517799898
976.0,0.02853192214017386
977.0,0.029198105069682345
978.0,0.029783131785151684
979.0,0.030381083791212737
980.0,0.030951716227015758
981.0,0.03143018522602714
982.0,0.031909050709286624
983.0,0.032564410892688245
984.0,0.033481648241384776
985.0,0.03466256135327661
986.0,0.03611221061966596
987.0,0.03781906480199204
988.0,0.039740102885390316
989.0,0.04189149100122125
990.0,0.04437886094712584
991.0,0.04723406169972999
992.0,0.0503250561972749
993.0,0.053490006901127374
994.0,0.056669149982154554
995.0,0.05987966367898223
996.0,0.06317048207912812
997.0,0.0666225592228834
998.0,0.07032318820072891
999.0,0.07434391086395586
1000.0,0.07870067570329564
1001.0,0.0833140746370491
1002.0,0.08811500629475966
1003.0,0.09322102932913279
1004.0,0.0988093236621056
1005.0,0.10482681540103689
1006.0,0.11098654857441037
1007.0,0.11699422414164384
1008.0,0.12273419947061781
1009.0,0.12830315414275273
1010.0,0.13375863630363927
1011.0,0.1388625260688533
1012.0,0.14322914485422034
1013.0,0.14661816546785533
1014.0,0.14903583044249513
1015.0,0.15065357884330932
1016.0,0.15168435222285237
1017.0,0.15223714430797042
1018.0,0.15223960163801442
1019.0,0.15153979454872069
1020.0,0.1502330240991725
1021.0,0.14873088166693782
1022.0,0.1473722678119299
1023.0,0.1461821672749405
1024.0,0.14507339373742023
1025.0,0.14401381453631523
1026.0,0.14297916805570143
1027.0,0.14193855515858655
1028.0,0.14086911878079944
1029.0,0.1397988323086684
1030.0,0.13885631359317974
1031.0,0.13812356206617127
1032.0,0.13742190225151107
1033.0,0.13657077195498957
1034.0,0.13580469523953875
1035.0,0.13560889015060662
1036.0,0.13626408501589593
1037.0,0.1377832259925751
1038.0,0.1401129575846739
1039.0,0.14316057132497728
1040.0,0.14679256913018213
1041.0,0.15082906074747437
1042.0,0.1550843991930605
1043.0,0.15955919068222146
1044.0,0.16449429996457343
1045.0,0.17014970845710198
1046.0,0.17659988828447193
1047.0,0.18381042528818659
1048.0,0.1917460371579497
1049.0,0.20034575823479583
1050.0,0.20953217471750718
1051.0,0.2192561564121419
1052.0,0.22951443810845962
1053.0,0.24030562195851923
1054.0,0.25170466013301107
1055.0,0.26404819500309373
1056.0,0.2776705738796508
1057.0,0.2924109321399969
1058.0,0.30770217507293274
1059.0,0.3231009195984229
1060.0,0.3385859473779558
1061.0,0.3544804775563296
1062.0,0.3707575436910492
1063.0,0.386446848919047
1064.0,0.40085486908139867
1065.0,0.41486389902861487
1066.0,0.4292487720099911
1067.0,0.4427873252465758
1068.0,0.45346777872743993
1069.0,0.46035854801745735
1070.0,0.4633582129163635
1071.0,0.46243985084581585
1072.0,0.4580176121620966
1073.0,0.4508559087352899
1074.0,0.4409449507826515
1075.0,0.42743571084834353
1076.0,0.4105786999552484
1077.0,0.39215674064898887
1078.0,0.3733344731545103
1079.0,0.353800071466717
1080.0,0.33328732135604866
1081.0,0.31235587908241846
1082.0,0.29177958991673414
1083.0,0.2720429399227715
1084.0,0.2532456548475436
1085.0,0.23526716071131315
1086.0,0.21809287655443332
1087.0,0.20196967692587653
1088.0,0.18731529656968404
1089.0,0.17435620851247058
1090.0,0.16284556993707322
1091.0,0.15228938139610892
1092.0,0.1423865128843672
1093.0,0.13307098748909285
1094.0,0.12433514906874021
1095.0,0.11618589951849012
1096.0,0.10863187499170479
1097.0,0.10175952479614692
1098.0,0.09572747654426039
1099.0,0.09053853297109749
1100.0,0.08594884866282237
1101.0,0.08168455165264843
1102.0,0.07763950415891996
1103.0,0.07381989484048723
1104.0,0.07025818133701689
1105.0,0.06699700752882964
1106.0,0.06410151566159361
1107.0,0.061734882139243386
1108.0,0.06003107986948075
1109.0,0.058838286856162214
1110.0,0.05778808574005867
1111.0,0.05662408999830515
1112.0,0.055316699959701454
1113.0,0.053909556937868364
1114.0,0.0524474516967991
1115.0,0.05097773664136929
1116.0,0.049510891934682166
1117.0,0.04799808097852065
1118.0,0.04642285380639044
1119.0,0.04488909918699968
1120.0,0.04358593737099714
1121.0,0.04268096072666461
1122.0,0.04220148459959816
1123.0,0.04201385566450078
1124.0,0.04192914030856809
1125.0,0.0418327119089672
1126.0,0.04166972919500911
1127.0,0.041412217280895725
1128.0,0.04110107279333963
1129.0,0.040855439837797713
1130.0,0.040874847210761955
1131.0,0.041322082221461276
1132.0,0.042125395864237136
1133.0,0.042989629245646976
1134.0,0.04362649576848365
1135.0,0.043919772275411106
1136.0,0.043875119191230216
1137.0,0.04358447324813497
1138.0,0.04321578895309197
1139.0,0.04295238709750471
1140.0,0.04294366857880927
1141.0,0.0432015721918666
1142.0,0.043555980026467545
1143.0,0.0437884029247495
1144.0,0.04381210444290162
1145.0,0.04365292642726393
1146.0,0.04331866227383785
1147.0,0.04278763222159587
1148.0,0.04203967974944678
1149.0,0.04103283454937712
1150.0,0.03970399532060964
1151.0,0.03809259770595397
1152.0,0.03638214973151088
1153.0,0.03474349247973463
1154.0,0.03320712527005121
1155.0,0.03173603237240319
1156.0,0.030313824066955153
1157.0,0.028924961961640294
1158.0,0.027546270422074692
1159.0,0.02616047108501074
1160.0,0.02477504812951803
1161.0,0.023439565054918732
1162.0,0.02221363083413974
1163.0,0.02110604952162143
1164.0,0.020081770645556163
1165.0,0.019129663542331588
1166.0,0.018280730009476165
1167.0,0.017573842876974055
1168.0,0.01702045326053525
1169.0,0.016591239491538845
1170.0,0.016238520599856532
1171.0,0.015933876452116857
1172.0,0.015682905798076074
1173.0,0.015510808683277366
1174.0,0.015407281016791785
1175.0,0.015289182979498883
1176.0,0.014988638059585169
1177.0,0.014316431072566527
1178.0,0.013259659636129295
1179.0,0.01205165737981384
1180.0,0.010995419098656978
1181.0,0.010264282454175877
1182.0,0.009926313098608475
1183.0,0.009986331897800182
1184.0,0.010323734337280843
1185.0,0.010746816149415417
1186.0,0.011140850679063452
1187.0,0.011523721858795355
1188.0,0.011941553976432484
1189.0,0.012401302091507471
1190.0,0.012899770367339247
1191.0,0.013433984075076788
1192.0,0.013994147695854164
1193.0,0.01456264507652405
1194.0,0.015118483033481733
1195.0,0.01563336702452367
1196.0,0.016065796038885027
1197.0,0.016395713748174945
1198.0,0.01665558075183826
1199.0,0.016874230852315097
1200.0,0.017012524466898826
1201.0,0.017026421996708785
1202.0,0.016946049354738424
1203.0,0.016842714748233067
1204.0,0.016762569376059244
1205.0,0.01671892311314016
1206.0,0.01670603672709725
1207.0,0.016698027264747672
1208.0,0.016660664269509406
1209.0,0.016566441375710284
1210.0,0.016410275984029887
1211.0,0.016224367743172263
1212.0,0.016046539429326767
1213.0,0.015842984973980623
1214.0,0.015534879273569668
1215.0,0.015133220947253223
1216.0,0.014766815684218448
1217.0,0.014572671240997592
1218.0,0.014661378082506116
1219.0,0.01519027596374889
1220.0,0.016223458279132963
1221.0,0.017536124308995205
1222.0,0.018777921360678795
1223.0,0.019797762700960675
1224.0,0.02065994309351349
1225.0,0.0214371946794899
1226.0,0.02215136537345741
1227.0,0.022799011989366624
1228.0,0.023368196600191293
1229.0,0.023857890257983128
1230.0,0.024295988066658003
1231.0,0.024728932421230865
1232.0,0.025140748024447768
1233.0,0.02543538416230151
1234.0,0.02557989400412819
1235.0,0.025707377264840403
1236.0,0.02610028671168174
1237.0,0.027019407139546314
1238.0,0.02845275882447118
1239.0,0.030076517175387618
1240.0,0.031479913188013464
1241.0,0.03239460901083702
1242.0,0.032703913419643404
1243.0,0.03245099310889821
1244.0,0.03184577169175973
1245.0,0.031120112474060213
1246.0,0.030353004213375057
1247.0,0.02949625478201212
1248.0,0.028562173098865773
1249.0,0.027651809343789746
1250.0,0.026856871574063468
1251.0,0.02621417413880822
1252.0,0.025716411460303013
1253.0,0.025323188270042762
1254.0,0.024985280126782583
1255.0,0.024657966724879077
1256.0,0.024308770461252127
1257.0,0.02394787676009602
1258.0,0.023627635702395344
1259.0,0.023377408910907005
1260.0,0.023164392912699006
1261.0,0.022960635272901597
1262.0,0.0227909217322273
1263.0,0.022676081180117325
1264.0,0.022595388634814473
1265.0,0.022524398113879407
1266.0,0.022463010779228965
1267.0,0.02241123715552351
1268.0,0.02241277936784336
1269.0,0.022684272663121452
1270.0,0.02344002118134969
1271.0,0.024523068033170725
1272.0,0.025447101014777873
1273.0,0.025790487609609225
1274.0,0.02544288198313105
1275.0,0.02454255422672913
1276.0,0.023361636527178042
1277.0,0.02216524729392244
1278.0,0.021107528402626974
1279.0,0.020232485126483013
1280.0,0.019514883876260547
1281.0,0.01893808392232854
1282.0,0.01856901922777643
1283.0,0.018558318044241462
1284.0,0.01894697752427099
1285.0,0.01954874354155145
1286.0,0.020117446281945783
1287.0,0.020544319324142246
1288.0,0.02082830020779769
1289.0,0.02098987819458642
1290.0,0.021066608436982714
1291.0,0.021078061027628436
1292.0,0.020948573879483123
1293.0,0.02057053870797443
1294.0,0.02002327312411334
1295.0,0.019591295828111255
1296.0,0.0195461363985453
1297.0,0.019968585032405395
1298.0,0.02075066711779605
1299.0,0.021722909702261428
1300.0,0.022819022808730716
1301.0,0.024086766407494964
1302.0,0.025556099757110706
1303.0,0.02715433113401633
1304.0,0.028715678140679768
1305.0,0.029971449863761546
1306.0,0.030578746385504507
1307.0,0.03044247716520765
1308.0,0.029915850885600004
1309.0,0.02944306120234874
1310.0,0.02912043879323878
1311.0,0.028832991183151413
1312.0,0.02855800975985301
1313.0,0.028351251792599563
1314.0,0.028267159428431943
1315.0,0.028358414902487694
1316.0,0.028655059596735644
1317.0,0.029086863676501262
1318.0,0.029472115969292778
1319.0,0.02956544655473714
1320.0,0.029204582407517443
1321.0,0.02847683437622961
1322.0,0.027702517219567402
1323.0,0.027253852839747017
1324.0,0.027335966960239322
1325.0,0.027913692408371715
1326.0,0.028754709821922964
1327.0,0.029567327447518554
1328.0,0.03013522194973406
1329.0,0.03034481715464643
1330.0,0.03023316608888582
1331.0,0.02997268270449749
1332.0,0.029781198199333336
1333.0,0.029817638949966807
1334.0,0.030100761804911946
1335.0,0.03052643740220129
1336.0,0.030978127361671604
1337.0,0.03143647847958353
1338.0,0.031930469426458385
1339.0,0.032448551664370884
1340.0,0.032946861309521736
1341.0,0.03337254269721812
1342.0,0.03361870703281855
1343.0,0.03355948736732883
1344.0,0.03324098454722668
1345.0,0.032904410948923934
1346.0,0.032750793433087955
1347.0,0.03279101025321618
1348.0,0.03295311152015945
1349.0,0.03318654124543463
1350.0,0.03346226129729335
1351.0,0.03377024749020463
1352.0,0.034108076471115245
1353.0,0.034467877281786574
1354.0,0.03483204800245443
1355.0,0.035174655234733954
1356.0,0.03546728064306248
1357.0,0.03570130999285903
1358.0,0.03590233507323548
1359.0,0.036138001073310666
1360.0,0.03650363959669878
1361.0,0.03704615078508677
1362.0,0.03771239880995125
1363.0,0.03838043390986934
1364.0,0.038938853493358794
1365.0,0.03932503740187365
1366.0,0.03953291288514316
1367.0,0.03964390997728107
1368.0,0.03979886277739242
1369.0,0.04012102561655306
1370.0,0.040648845471149664
1371.0,0.041328782249136053
1372.0,0.04207202491372586
1373.0,0.04283143041783677
1374.0,0.04362217407568392
1375.0,0.04444252349087208
1376.0,0.045238855295805847
1377.0,0.04595395734292573
1378.0,0.046558496345970535
1379.0,0.04704051916376939
1380.0,0.04740224868808829
1381.0,0.047663788150832054
1382.0,0.04783693713339232
1383.0,0.04789352462839924
1384.0,0.04780655878918483
1385.0,0.047612218979418364
1386.0,0.04741507876374762
1387.0,0.047340940349263616
1388.0,0.04744915042163722
1389.0,0.04768698854634279
1390.0,0.047928454633020534
1391.0,0.04805877187878749
1392.0,0.0479742288232099
1393.0,0.047585174701493704
1394.0,0.046951173445155536
1395.0,0.04631426823908347
1396.0,0.045969091632473535
1397.0,0.04608049535688141
1398.0,0.04657093163717241
1399.0,0.04719039716069384
1400.0,0.04773479183372853
1401.0,0.04817601137975869
1402.0,0.048543744958574275
1403.0,0.048835453073453605
1404.0,0.049047846711464005
1405.0,0.049179742827384465
1406.0,0.04920608634208523
1407.0,0.04911173956859871
1408.0,0.048959253999701025
1409.0,0.04880757074973263
1410.0,0.048566862855296766
1411.0,0.04811887668472481
1412.0,0.04753472739626319
1413.0,0.047095147532664305
1414.0,0.0471394731566821
1415.0,0.04783221170854879
1416.0,0.04904490851581045
1417.0,0.05039210341653988
1418.0,0.051430150447018264
1419.0,0.0518054086321319
1420.0,0.051359018649019705
1421.0,0.05031295939610958
1422.0,0.04920068259026611
1423.0,0.048573336255677724
1424.0,0.0486860721658291
1425.0,0.04941296220535618
1426.0,0.05040565453293244
1427.0,0.0513376270021495
1428.0,0.05209173496546371
1429.0,0.05268994329477583
1430.0,0.05318810539548113
1431.0,0.05363595839476354
1432.0,0.054037812897215654
1433.0,0.05434959023175767
1434.0,0.054551828062268215
1435.0,0.054737401229189464
1436.0,0.055111389352684004
1437.0,0.055915467956472065
1438.0,0.05722775496024746
1439.0,0.058835548353322054
1440.0,0.06036556443235663
1441.0,0.061539545554422315
1442.0,0.06227818488139669
1443.0,0.06263741294194614
1444.0,0.06274665485368847
1445.0,0.06272042707790448
1446.0,0.06261231270118794
1447.0,0.062419959356715404
1448.0,0.06213015837030189
1449.0,0.06177035542405318
1450.0,0.06142486555101456
1451.0,0.06119305018397159
1452.0,0.06109092362788093
1453.0,0.06101454666335926
1454.0,0.060795718844908864
1455.0,0.060317337056499665
1456.0,0.05960193610658726
1457.0,0.058813605031522
1458.0,0.05816985938143526
1459.0,0.057867573593886945
1460.0,0.05810891432590337
1461.0,0.05896119032096503
1462.0,0.060185142971499905
1463.0,0.06134158607398443
1464.0,0.06205991750160622
1465.0,0.06227349481064559
1466.0,0.06223558322001621
1467.0,0.06227388994469241
1468.0,0.06249082908471992
1469.0,0.06280919045114253
1470.0,0.06319615352660213
1471.0,0.06368296737919521
1472.0,0.06430755635167751
1473.0,0.06512740913407278
1474.0,0.06620621656457448
1475.0,0.06746136324852847
1476.0,0.06863355162504392
1477.0,0.06951035291983165
1478.0,0.07008867867960766
1479.0,0.07046882586694625
1480.0,0.07069504471651478
1481.0,0.07068941998552014
1482.0,0.07032306155902057
1483.0,0.06961430763364085
1484.0,0.06877690212879661
1485.0,0.0680629840183331
1486.0,0.06763178168519601
1487.0,0.06755639372617273
1488.0,0.06782136771931202
1489.0,0.06832770793155796
1490.0,0.0689798448114175
1491.0,0.06977923323817703
1492.0,0.0707590407101657
1493.0,0.07184847923871518
1494.0,0.07291836444545075
1495.0,0.07390707690821086
1496.0,0.07481334810120388
1497.0,0.07562441143153731
1498.0,0.07630620424842371
1499.0,0.07682046093520079
1500.0,0.0771439699698715
1501.0,0.07727862378802253
1502.0,0.07725194680609027
1503.0,0.07709560331459753
1504.0,0.07679902319063792
1505.0,0.07631699047178542
1506.0,0.0756690230149305
1507.0,0.07500846892105428
1508.0,0.07464038230947467
1509.0,0.07484754169018193
1510.0,0.07560554831257271
1511.0,0.07654031575285647
1512.0,0.07716435082553419
1513.0,0.07715983077383248
1514.0,0.07646399286128425
1515.0,0.07530888409525871
1516.0,0.07415650212789315
1517.0,0.07349081895882359
1518.0,0.07364321823043263
1519.0,0.07459479409581271
1520.0,0.07597364027794262
1521.0,0.07726787087968057
1522.0,0.07810817742065423
1523.0,0.07844680280098948
1524.0,0.0785014322167803
1525.0,0.07858876159396444
1526.0,0.07891549739084847
1527.0,0.07952610240130742
1528.0,0.08036327397579046
1529.0,0.08129245546271147
1530.0,0.0821706068295055
1531.0,0.08290964590043659
1532.0,0.08350212017465097
1533.0,0.08399549498698733
1534.0,0.08441789254780918
1535.0,0.08469139089686217
1536.0,0.08469057104023392
1537.0,0.08445994570520987
1538.0,0.08423441517330266
1539.0,0.0842200814408608
1540.0,0.08446780681473576
1541.0,0.0849451856590181
1542.0,0.08559502550022813
1543.0,0.08635259430787612
1544.0,0.0871742613789106
1545.0,0.08804754037190154
1546.0,0.08896918171614576
1547.0,0.08991075485637723
1548.0,0.09085895559247692
1549.0,0.09186567150627356
1550.0,0.09295053959487809
1551.0,0.09400661508900399
1552.0,0.0949346737083957
1553.0,0.0957824584273197
1554.0,0.09661571227867527
1555.0,0.09736603667313282
1556.0,0.09786080954105136
1557.0,0.09793035730717392
1558.0,0.0974733635814492
1559.0,0.09650715019861733
1560.0,0.0952284396890769
1561.0,0.09395011436630984
1562.0,0.09297936889328762
1563.0,0.09245854425704514
1564.0,0.09227022031270948
1565.0,0.09213765532833917
1566.0,0.09184428147622614
1567.0,0.09136533637797295
1568.0,0.09079324272021116
1569.0,0.09025778590183464
1570.0,0.08988790977119732
1571.0,0.08975526006545176
1572.0,0.08985846218766635
1573.0,0.09013212570788776
1574.0,0.0904860839016236
1575.0,0.0908643638875819
1576.0,0.09127605181388287
1577.0,0.09175051770706777
1578.0,0.09226482857148632
1579.0,0.09260526543623993
1580.0,0.09238044194342476
1581.0,0.09148638052274283
1582.0,0.0903715418943466
1583.0,0.08966300317387899
1584.0,0.0896833232534372
1585.0,0.0903984142103047
1586.0,0.09157727460881637
1587.0,0.09292983690164558
1588.0,0.09426710642712233
1589.0,0.09552637065116298
1590.0,0.09671249328168163
1591.0,0.09779597681946128
1592.0,0.09867533305574616
1593.0,0.09924710493565225
1594.0,0.09948725991179685
1595.0,0.09948989340207515
1596.0,0.09938479170126047
1597.0,0.0992027102986629
1598.0,0.09880675388096594
1599.0,0.0982305643325212
