0.0,0.0
1.0,0.0
2.0,0.0
3.0,0.0
4.0,0.0
5.0,0.0
6.0,0.0
7.0,0.0
8.0,0.0
9.0,0.0
10.0,0.0
11.0,0.0
12.0,0.0
13.0,0.0
14.0,0.0
15.0,0.0
16.0,0.0
17.0,0.0
18.0,0.0
19.0,0.0
20.0,0.0
21.0,0.0
22.0,0.0
23.0,0.0
24.0,0.0
25.0,0.0
26.0,0.0
27.0,0.0
28.0,0.0
29.0,0.0
30.0,0.0
31.0,0.0
32.0,0.0
33.0,0.0
34.0,0.0
35.0,0.0
36.0,0.0
37.0,0.0
38.0,0.0
39.0,0.0
40.0,0.0
41.0,0.0
42.0,0.0
43.0,0.0
44.0,0.0
45.0,0.0
46.0,0.0
47.0,0.0
48.0,0.0
49.0,0.0
50.0,0.0
51.0,0.0
52.0,0.0
53.0,0.0
54.0,0.0
55.0,0.0
56.0,0.0
57.0,0.0
58.0,0.0
59.0,0.0
60.0,0.0
61.0,0.0
62.0,0.0
63.0,0.0
64.0,0.0
65.0,0.0
66.0,0.0
67.0,0.0
68.0,0.0
69.0,0.0
70.0,0.0
71.0,0.0
72.0,0.0
73.0,0.0
74.0,0.0
75.0,0.0
76.0,0.0
77.0,0.0
78.0,0.0
79.0,0.0
80.0,0.0
81.0,0.0
82.0,0.0
83.0,0.3935109349075583
84.0,0.40900739938226216
85.0,0.41825085787222716
86.0,0.4204135967515831
87.0,0.41852571475792566
88.0,0.4142971659619611
89.0,0.4081799809164196
90.0,0.4003123417988491
91.0,0.39242221896862495
92.0,0.3841468905208423
93.0,0.3683823302624837
94.0,0.33979282229865615
95.0,0.30500892381773814
96.0,0.27486142997237695
97.0,0.2514659698329911
98.0,0.23119802235902623
99.0,0.21316507060894577
100.0,0.19817488554635557
101.0,0.18574808346452312
102.0,0.17475098490406324
103.0,0.1645546535079551
104.0,0.15497720980646404
105.0,0.1460096715909617
106.0,0.13787929849377104
107.0,0.13087883480462217
108.0,0.12497910883182015
109.0,0.1198549867507254
110.0,0.11546246610620131
111.0,0.11225411069816255
112.0,0.11083093088738152
113.0,0.11145157690805296
114.0,0.11374265409115208
115.0,0.11707137406614707
116.0,0.12129823788859534
117.0,0.12672291964559476
118.0,0.13341265041607764
119.0,0.1408206735096605
120.0,0.14790155727873394
121.0,0.1536715002984543
122.0,0.15774106996843174
123.0,0.16040302885880045
124.0,0.1622275557605641
125.0,0.16353731295302956
126.0,0.16413490855002852
127.0,0.16385002302946797
128.0,0.163050732084139
129.0,0.16220987968423253
130.0,0.16142858009479583
131.0,0.16062678463498056
132.0,0.15982494140818462
133.0,0.15915343727974474
134.0,0.15879536226130356
135.0,0.15894455415675793
136.0,0.1596633730990932
137.0,0.16066230022797076
138.0,0.16149440805168402
139.0,0.16210192403075757
140.0,0.1627605148261331
141.0,0.1634299133783798
142.0,0.16355711888246732
143.0,0.16242162930656162
144.0,0.15960167862342092
145.0,0.15520386223818328
146.0,0.14986857576050355
147.0,0.14447708855602584
148.0,0.1397060652812565
149.0,0.13576503677964813
150.0,0.1324270662731954
151.0,0.129343726499506
152.0,0.12610827061783733
153.0,0.1223106369283796
154.0,0.11790764933603828
155.0,0.11334677927170539
156.0,0.10917161855709218
157.0,0.10559544058805498
158.0,0.10257013944340071
159.0,0.09999099920695448
160.0,0.09773364264190265
161.0,0.09570602147502807
162.0,0.09387623719835261
163.0,0.09225001309065772
164.0,0.09079642185102135
165.0,0.08947964161090294
166.0,0.0884229048661308
167.0,0.08779543509279389
168.0,0.08749552743736227
169.0,0.08715515659010453
170.0,0.08643407921197771
171.0,0.08522476890670358
172.0,0.08363196254458605
173.0,0.08190915483092015
174.0,0.08034741551603683
175.0,0.07912835850572633
176.0,0.07826312501461716
177.0,0.07760223036510619
178.0,0.07693736181225913
179.0,0.07600506463717308
180.0,0.07452160912105713
181.0,0.07246751720978356
182.0,0.07021140496623066
183.0,0.06833316300677375
184.0,0.06727149855421666
185.0,0.06702111798614963
186.0,0.06712087434357558
187.0,0.0668966613500468
188.0,0.06585290379528805
189.0,0.06387030479314529
190.0,0.061209445642623844
191.0,0.05835142469929336
192.0,0.055769012329294376
193.0,0.05388828178104341
194.0,0.052873934618510615
195.0,0.05241196963356859
196.0,0.051831676489885514
197.0,0.05043787084735077
198.0,0.04798005935196781
199.0,0.044848677959636346
200.0,0.041828557410903355
201.0,0.03959653403143992
202.0,0.03837386972479376
203.0,0.037954421419629375
204.0,0.03786548618121263
205.0,0.0376549889454833
206.0,0.03701554274313801
207.0,0.03578908594275429
208.0,0.034100005703114444
209.0,0.0323198902518555
210.0,0.030863647672103423
211.0,0.029950258289890702
212.0,0.029505668028743853
213.0,0.02924910484902371
214.0,0.028836444552814894
215.0,0.028064525304664634
216.0,0.026983855031101928
217.0,0.02584527266601147
218.0,0.024928155033018845
219.0,0.0243882272964637
220.0,0.024277754818625347
221.0,0.02455813953350816
222.0,0.02509155459704404
223.0,0.02574988496708258
224.0,0.02654960871201109
225.0,0.027566149830332176
226.0,0.02872432381938758
227.0,0.02985940560168826
228.0,0.030923437278095295
229.0,0.031969794385345
230.0,0.03301514738546055
231.0,0.03399017594117398
232.0,0.03477232979198086
233.0,0.03529872282458621
234.0,0.03564345377021849
235.0,0.03597810824736963
236.0,0.03647060355466927
237.0,0.037265747110696995
238.0,0.038452863447945046
239.0,0.039927439312299584
240.0,0.041400288254128476
241.0,0.04258049723084423
242.0,0.04335879111907795
243.0,0.043823146247282535
244.0,0.04421323995730103
245.0,0.04492949028916099
246.0,0.04628699429846758
247.0,0.04816464967037312
248.0,0.05007000767790018
249.0,0.051579858364874664
250.0,0.05255594660460852
251.0,0.05298767140103852
252.0,0.05287923657094945
253.0,0.05221076584890083
254.0,0.05089409521095958
255.0,0.04877116607036047
256.0,0.045840046919980976
257.0,0.04242971928448375
258.0,0.0387961124504797
259.0,0.03471190180846523
260.0,0.029982606852201416
261.0,0.02501438282547966
262.0,0.020534407625538292
263.0,0.017046689524124553
264.0,0.014638015787484596
265.0,0.013057759099896843
266.0,0.011871155373588863
267.0,0.010711912417930111
268.0,0.009367441574229599
269.0,0.007831315241666859
270.0,0.006372307145994585
271.0,0.005398091809985031
272.0,0.005235050112797415
273.0,0.005932259565963882
274.0,0.0072380922678769305
275.0,0.008801098530801799
276.0,0.010445182945317155
277.0,0.012207334565918632
278.0,0.014112296792722162
279.0,0.01608113397024037
280.0,0.017994492523481773
281.0,0.01977786895110005
282.0,0.021453736714768315
283.0,0.023134654860389875
284.0,0.024956833175621668
285.0,0.027015199426850323
286.0,0.02933691995521559
287.0,0.03190604877641773
288.0,0.034730220699397324
289.0,0.03800316607064827
290.0,0.042076783541908164
291.0,0.046902955590615164
292.0,0.05180379494254764
293.0,0.05603426893586477
294.0,0.059325572050748565
295.0,0.06178477452202277
296.0,0.06358899326825007
297.0,0.06478466547726738
298.0,0.06525111800094605
299.0,0.06492450893068008
300.0,0.06394397281396749
301.0,0.0626047044378574
302.0,0.06118218341274875
303.0,0.05974793022684455
304.0,0.058257498412101066
305.0,0.05684832682511329
306.0,0.055690317949276924
307.0,0.054591554918261204
308.0,0.05334636443262333
309.0,0.052323214913706756
310.0,0.05220351275401719
311.0,0.053349484372830214
312.0,0.05570982531858584
313.0,0.05909982432293989
314.0,0.06338017830032333
315.0,0.06854843781741699
316.0,0.07462324780000665
317.0,0.08152181885365242
318.0,0.08915619391816046
319.0,0.09757185517445424
320.0,0.10715306249929857
321.0,0.1182986244196397
322.0,0.13020434318788932
323.0,0.1408854829505434
324.0,0.14895789183045022
325.0,0.15449676879212343
326.0,0.1579438808814676
327.0,0.15899039293872697
328.0,0.15622819437832808
329.0,0.14833494338232928
330.0,0.13601600983075907
331.0,0.12164572626657039
332.0,0.10701023039286256
333.0,0.09258390662573845
334.0,0.07851781787576587
335.0,0.06513370055129242
336.0,0.05295573104627413
337.0,0.04253833435578572
338.0,0.03422313925989959
339.0,0.027832456669703853
340.0,0.02269276692123641
341.0,0.018357300257960993
342.0,0.015138233282117636
343.0,0.013288373372573548
344.0,0.012241033597724355
345.0,0.011225233820578301
346.0,0.009989503680985445
347.0,0.008654723080557508
348.0,0.007394841733486396
349.0,0.006442414433719346
350.0,0.006011605429975891
351.0,0.00615974228304185
352.0,0.0067518742353270544
353.0,0.007552877508167591
354.0,0.008358514586692498
355.0,0.009037824523938393
356.0,0.009587262494547694
357.0,0.010151486217102323
358.0,0.010923195055353802
359.0,0.01200679398032628
360.0,0.013381789041744044
361.0,0.01498281236965203
362.0,0.016808884594023063
363.0,0.01898457959666283
364.0,0.02160970364779234
365.0,0.024584086951766157
366.0,0.027647591625623302
367.0,0.03055205985193156
368.0,0.03320432459099669
369.0,0.03569793534993551
370.0,0.03826299014163895
371.0,0.041134583462000496
372.0,0.044485565382652636
373.0,0.04837724472876653
374.0,0.05267685588001328
375.0,0.05707719942818218
376.0,0.061115556230932316
377.0,0.06444584558609354
378.0,0.06735222523518866
379.0,0.07054784303027453
380.0,0.07417097105353213
381.0,0.0777542057454999
382.0,0.08142650628743323
383.0,0.08600419169089468
384.0,0.09186329130473947
385.0,0.09882010237837549
386.0,0.10696969609132345
387.0,0.11685645341979578
388.0,0.12904362252607607
389.0,0.14387715052828962
390.0,0.16150957969096807
391.0,0.18169523520848765
392.0,0.20375087762383032
393.0,0.2277685881254777
394.0,0.25535999288352973
395.0,0.2866650920339503
396.0,0.31834951862320765
397.0,0.3482795710788994
398.0,0.37889004335402887
399.0,0.41139033820705484
400.0,0.4412953121598787
401.0,0.4620553763393338
402.0,0.46999375157171375
403.0,0.46578058935991684
404.0,0.45278241260886
405.0,0.4333397195981601
406.0,0.40713038275758207
407.0,0.3739659468780231
408.0,0.33582568565537607
409.0,0.2965478250000008
410.0,0.2599524911633841
411.0,0.22775100182382832
412.0,0.19946241311534155
413.0,0.17439885385105192
414.0,0.152650651182266
415.0,0.134741464855764
416.0,0.12079535039356576
417.0,0.10984595308796716
418.0,0.10088166933061804
419.0,0.09422841967980314
420.0,0.09039581697012525
421.0,0.0884479829241458
422.0,0.08675937468794939
423.0,0.08444267319713805
424.0,0.08143950375343911
425.0,0.07798828603430533
426.0,0.07435934698694424
427.0,0.0706419287979537
428.0,0.06681074454353325
429.0,0.06288399834405478
430.0,0.05905283530133114
431.0,0.05563588145281162
432.0,0.05282745961629551
433.0,0.050592912949629504
434.0,0.04883957624454903
435.0,0.0475580622278553
436.0,0.04681268889429119
437.0,0.046641581552843286
438.0,0.04690781472089174
439.0,0.04751576881108682
440.0,0.04881947981590398
441.0,0.05119553849512369
442.0,0.054282503903883145
443.0,0.057226787012180855
444.0,0.05949599765606936
445.0,0.06103006856864998
446.0,0.06189584438350629
447.0,0.062156019238317275
448.0,0.061827455030961515
449.0,0.06088287954098745
450.0,0.05929682641822742
451.0,0.057132279686323034
452.0,0.05455151628679569
453.0,0.051645880643830744
454.0,0.048360460912181935
455.0,0.044745440590023264
456.0,0.04106370102798115
457.0,0.037504677994504715
458.0,0.0340401546430677
459.0,0.03066057467038369
460.0,0.027476382195348356
461.0,0.02452022302406029
462.0,0.02170914644004779
463.0,0.01901010605802103
464.0,0.016564109106695396
465.0,0.014695108106852053
466.0,0.013677358840960718
467.0,0.013467485863233902
468.0,0.013636711257200423
469.0,0.013555468969124754
470.0,0.012746570350493341
471.0,0.0111183726458019
472.0,0.009010923352662042
473.0,0.00696760549807357
474.0,0.005438184698018961
475.0,0.004582643792654467
476.0,0.004260950856498871
477.0,0.004235390433182468
478.0,0.004440796020208637
479.0,0.005074580947644763
480.0,0.0062034909292564555
481.0,0.007491673844206098
482.0,0.008434285466388969
483.0,0.008720081498724913
484.0,0.008412978258682535
485.0,0.007888877833535035
486.0,0.007601056165103079
487.0,0.007807105223161748
488.0,0.00850938459609106
489.0,0.009496497890582573
490.0,0.010433361802745872
491.0,0.011054462206462126
492.0,0.011288998175157355
493.0,0.011293766080400863
494.0,0.01135366791841759
495.0,0.011740528042802692
496.0,0.012633130497566064
497.0,0.01399199161192835
498.0,0.015542358023300257
499.0,0.01700223905472953
500.0,0.018329026331785084
501.0,0.01962562705906158
502.0,0.020897333644728663
503.0,0.02190350906907164
504.0,0.02222882947834233
505.0,0.02178039291517224
506.0,0.021055982377990737
507.0,0.020771839636674866
508.0,0.021347373345733903
509.0,0.022775013247931714
510.0,0.024757312843534274
511.0,0.02692468130054182
512.0,0.029066366191245224
513.0,0.031132096283890687
514.0,0.03316268461425681
515.0,0.03522034082307131
516.0,0.03732991452062173
517.0,0.03949525396018827
518.0,0.04171216649365911
519.0,0.0439690340282779
520.0,0.04628491592937005
521.0,0.04875739920149344
522.0,0.05143435573510263
523.0,0.054139960961662126
524.0,0.056730776517949374
525.0,0.05945591724370412
526.0,0.06255200894739192
527.0,0.06568871448318056
528.0,0.0681555017466257
529.0,0.0694004656128275
530.0,0.06938197092050997
531.0,0.06853404055983384
532.0,0.06736822559008675
533.0,0.06606858922022028
534.0,0.06461521095904844
535.0,0.06304846770005186
536.0,0.06156227005244219
537.0,0.06044910201593444
538.0,0.05990003469843608
539.0,0.05982244441442115
540.0,0.059765073820403455
541.0,0.05910091790288936
542.0,0.057288508200982025
543.0,0.054216991028770534
544.0,0.05040664798408098
545.0,0.04665111303607895
546.0,0.043378037853680024
547.0,0.040492158829738736
548.0,0.03780747722777811
549.0,0.035174907279669584
550.0,0.03234011711197814
551.0,0.02916234964159861
552.0,0.025864127618488844
553.0,0.023008923530355704
554.0,0.021236809692434536
555.0,0.02077488466354356
556.0,0.021210383077752443
557.0,0.021756014103315527
558.0,0.02177352779464098
559.0,0.0210573013550239
560.0,0.01981923049366692
561.0,0.018548071229518293
562.0,0.017701106856401527
563.0,0.017520796788861384
564.0,0.0179705904487618
565.0,0.01877750312200134
566.0,0.01962862472719812
567.0,0.02034385460165461
568.0,0.020944551887408472
569.0,0.0215405410384992
570.0,0.022220312586478053
571.0,0.023056868374927708
572.0,0.024061811529221044
573.0,0.02512297904689298
574.0,0.026130567591518813
575.0,0.02718584234331363
576.0,0.02844267214904761
577.0,0.029788034659704338
578.0,0.030742003300539583
579.0,0.030623111108894957
580.0,0.029121369542588302
581.0,0.026681133990191605
582.0,0.02415131812050514
583.0,0.022122060601973026
584.0,0.02072933874243038
585.0,0.01981772433183468
586.0,0.019066786382748474
587.0,0.018194542071542696
588.0,0.017069154124560226
589.0,0.015721363503307384
590.0,0.014290615879336499
591.0,0.012910483433554526
592.0,0.011653054016783904
593.0,0.010515309713311521
594.0,0.009462486305863216
595.0,0.008471179973739848
596.0,0.0075201638921002095
597.0,0.006598730266071065
598.0,0.005725298828508363
599.0,0.00495518059862432
600.0,0.0043783906062494216
601.0,0.0040494334125941445
602.0,0.003917732279281189
603.0,0.0037905345224737014
604.0,0.003361145185305031
605.0,0.002475858275427484
606.0,0.0013556103831001143
607.0,0.0004317358269718824
608.0,0.0
609.0,9.35594250805194e-05
610.0,0.00057563500221125
611.0,0.0012672250804838803
612.0,0.0020764881956378822
613.0,0.002974844582521591
614.0,0.003931241955590303
615.0,0.00494195567490005
616.0,0.0060420216018710615
617.0,0.0072704443315210615
618.0,0.008619014169201078
619.0,0.009981833330587747
620.0,0.011191758245262168
621.0,0.012134839927843727
622.0,0.012806505311897129
623.0,0.01325034615056353
624.0,0.013481498019150023
625.0,0.013448585971104154
626.0,0.013111837911683077
627.0,0.01259521505820449
628.0,0.012063450930051345
629.0,0.011437778307243018
630.0,0.010555353729827202
631.0,0.00954710938517421
632.0,0.00883967042294262
633.0,0.008878012545234765
634.0,0.009783704957140565
635.0,0.01123345053204676
636.0,0.012659742763143536
637.0,0.013619518449110926
638.0,0.014037804245065205
639.0,0.014179431866360254
640.0,0.014411984481051437
641.0,0.014931333168287736
642.0,0.015793909430313585
643.0,0.017026049049419317
644.0,0.018608953014080137
645.0,0.02049393513034664
646.0,0.0226394127320223
647.0,0.025058482369226726
648.0,0.027856400581829713
649.0,0.03118909105461387
650.0,0.03517125473552445
651.0,0.039810933960113266
652.0,0.04501593109716247
653.0,0.050714772347379866
654.0,0.057019009179182345
655.0,0.06403900667946183
656.0,0.0715200355979557
657.0,0.07906483252770165
658.0,0.0866534948856482
659.0,0.09450107376095145
660.0,0.10257358463576374
661.0,0.11040105461888298
662.0,0.11725314948465279
663.0,0.12296531827154017
664.0,0.12842340631498214
665.0,0.1345644923551306
666.0,0.14135215992781303
667.0,0.14863810786413284
668.0,0.15701304093168972
669.0,0.1667592344413891
670.0,0.17727429373844716
671.0,0.1885080472244252
672.0,0.20166823031665948
673.0,0.2178760738705425
674.0,0.23729636805496632
675.0,0.2598760898390966
676.0,0.28611390190996344
677.0,0.31726992420427547
678.0,0.35477658546952473
679.0,0.39923280807570927
680.0,0.45007168182594215
681.0,0.5060424204945609
682.0,0.5671192903745922
683.0,0.6365915580205589
684.0,0.7152165810059794
685.0,0.7937276527539423
686.0,0.8603555215425169
687.0,0.9134887196162711
688.0,0.956868193313164
689.0,0.9876772803746537
690.0,0.996438417756227
691.0,0.9737805410146315
692.0,0.9207965710907388
693.0,0.8516673473401586
694.0,0.7794385996796124
695.0,0.7040674492810463
696.0,0.6229921527472925
697.0,0.5417429675647748
698.0,0.4678302394538696
699.0,0.40414162219591565
700.0,0.3497017405881636
701.0,0.30247701383533776
702.0,0.26146805825704056
703.0,0.22718429885790037
704.0,0.1992942743102658
705.0,0.1760915773430074
706.0,0.1564824558980066
707.0,0.14046727304752815
708.0,0.12781248080576416
709.0,0.11763686401899222
710.0,0.10899517233569328
711.0,0.10130424428236559
712.0,0.09440879238583819
713.0,0.08831968378724124
714.0,0.08282291354763294
715.0,0.07759180007320726
716.0,0.07250355318469576
717.0,0.06771335273773862
718.0,0.06351346856284858
719.0,0.060177728181847676
720.0,0.057824423576729116
721.0,0.056294288276070824
722.0,0.05523068687869532
723.0,0.054377632411789265
724.0,0.05374696744782084
725.0,0.053336021329687594
726.0,0.05293526784208167
727.0,0.05233726985911541
728.0,0.051509095114457386
729.0,0.05055559146596499
730.0,0.049597271226418466
731.0,0.048653853397945125
732.0,0.047660462409612414
733.0,0.04662930388324299
734.0,0.04569007541191357
735.0,0.0449849337974977
736.0,0.04456779854627442
737.0,0.044375631144182415
738.0,0.044317048847125916
739.0,0.0444034499087933
740.0,0.044685631093195795
741.0,0.045106241714701095
742.0,0.045535624319996644
743.0,0.04589216115828898
744.0,0.04616948432204816
745.0,0.04639464182948995
746.0,0.04656247803396313
747.0,0.04660248173076075
748.0,0.04646041879979139
749.0,0.046173735414999396
750.0,0.0458600579175513
751.0,0.045646845214299535
752.0,0.045598170399232085
753.0,0.04569988686674335
754.0,0.045941847211209225
755.0,0.04636953758008894
756.0,0.04703997035779055
757.0,0.0479503158445892
758.0,0.04897793163294322
759.0,0.04993394643713581
760.0,0.050692476784060005
761.0,0.05126029122012507
762.0,0.05172904855755292
763.0,0.05221663927514497
764.0,0.05283655868971295
765.0,0.05360493481230061
766.0,0.05438471135688569
767.0,0.05498023610414503
768.0,0.05528636529858855
769.0,0.05532394299973395
770.0,0.055166310811412676
771.0,0.054831020654415655
772.0,0.05422545770430473
773.0,0.05332819232600167
774.0,0.05231764772304141
775.0,0.05131173280895217
776.0,0.05018014483186714
777.0,0.04884184223661448
778.0,0.04750529355151811
779.0,0.046532351385719685
780.0,0.04617635289195314
781.0,0.04639041943788601
782.0,0.046874007823203806
783.0,0.047360129184265465
784.0,0.04778732302753909
785.0,0.04815622497657047
786.0,0.04842309174900597
787.0,0.04851625666855216
788.0,0.048387699774922854
789.0,0.04807140613357429
790.0,0.047652154680669946
791.0,0.0471739591031095
792.0,0.04663835271061628
793.0,0.04607107131464878
794.0,0.045521608823200416
795.0,0.04502472726989079
796.0,0.044586567143535934
797.0,0.044196356145885476
798.0,0.04388456253869791
799.0,0.0437558862332198
800.0,0.043923423288460044
801.0,0.04442077136365419
802.0,0.045113885307094426
803.0,0.045736205755416474
804.0,0.04606284360966467
805.0,0.04605296526402804
806.0,0.045827604996336854
807.0,0.04554260364802968
808.0,0.04527363132800739
809.0,0.044990030177310444
810.0,0.04467862941752872
811.0,0.04441524573309509
812.0,0.04431178234811389
813.0,0.04442408833535145
814.0,0.04468260661797119
815.0,0.04493666958503881
816.0,0.04507839732474357
817.0,0.045101026668461205
818.0,0.045055279676017565
819.0,0.04496506006096865
820.0,0.04475919981978727
821.0,0.04439194101177385
822.0,0.043998219315907784
823.0,0.043873526128696175
824.0,0.04432291396834714
825.0,0.0453795098820855
826.0,0.04669540413936165
827.0,0.04776784061521398
828.0,0.048279809995803544
829.0,0.04825237199850735
830.0,0.047955665998335506
831.0,0.04769103867991147
832.0,0.04757925252561511
833.0,0.04758881252046719
834.0,0.04765294712638044
835.0,0.04774658792902732
836.0,0.04790625986676397
837.0,0.04814180464588742
838.0,0.04840034608752096
839.0,0.04862819075390254
840.0,0.048811277993467544
841.0,0.04896606351833532
842.0,0.049076138550674116
843.0,0.04901363261295313
844.0,0.04863171609871493
845.0,0.04793028012252801
846.0,0.04712552158694306
847.0,0.04657467701059646
848.0,0.046552881479561506
849.0,0.04707868610879366
850.0,0.04791729760555464
851.0,0.04876015936973426
852.0,0.04939450935315068
853.0,0.04978231809020507
854.0,0.050016819001553595
855.0,0.05019570512944117
856.0,0.05037947473395456
857.0,0.05058462823911955
858.0,0.05079259745041022
859.0,0.0509787520747636
860.0,0.051131249331887604
861.0,0.051248023008975165
862.0,0.051293011401016234
863.0,0.05118962013847886
864.0,0.05086187229580094
865.0,0.050307550623749156
866.0,0.0496683705141505
867.0,0.049159651989643526
868.0,0.04890849181539842
869.0,0.04888990603093535
870.0,0.04901077921749853
871.0,0.04920763410797557
872.0,0.04949828886564138
873.0,0.04990728860717401
874.0,0.05034356211014488
875.0,0.05062712747189297
876.0,0.05060561153708442
877.0,0.050281749257957
878.0,0.04983903177064429
879.0,0.04956615114480484
880.0,0.04970806646070064
881.0,0.050258157780683974
882.0,0.05090994823162716
883.0,0.05115696890546194
884.0,0.050570603587340904
885.0,0.049204002049217765
886.0,0.04764716266391965
887.0,0.04664528146556768
888.0,0.0465993146030059
889.0,0.047356664441287416
890.0,0.04838002009492018
891.0,0.04915296345877136
892.0,0.04951072417447802
893.0,0.04957132715840353
894.0,0.04958650842962567
895.0,0.04985196538621854
896.0,0.0505200629980225
897.0,0.05148543679970048
898.0,0.0524362678190758
899.0,0.05302842619770477
900.0,0.05312432541734018
901.0,0.05289376356052764
902.0,0.0526553074700856
903.0,0.052600302562795145
904.0,0.05275993973645869
905.0,0.053137421858990674
906.0,0.05366768495325972
907.0,0.05418675490689468
908.0,0.05455703525517811
909.0,0.0548260036588627
910.0,0.05556420463374711
911.0,0.05773036521752874
912.0,0.061658472426218136
913.0,0.06645001623349742
914.0,0.07026561682051369
915.0,0.07140515727844943
916.0,0.06941356136491589
917.0,0.06550933000234879
918.0,0.06231102557352611
919.0,0.061859337364477136
920.0,0.06293462704344994
921.0,0.06254834819908381
922.0,0.061149251008193246
923.0,0.06178420834697418
924.0,0.06379775434173526
925.0,0.0637408829115953
926.0,0.061656456986284885
927.0,0.06061984648514072
928.0,0.06176057250625456
929.0,0.06361807241718823
930.0,0.06458569357072787
931.0,0.06394654626129714
932.0,0.061794919454036354
933.0,0.05892826728776941
934.0,0.05635785983092446
935.0,0.054743451571499166
936.0,0.05410182054435504
937.0,0.053936498631828714
938.0,0.053693742093782866
939.0,0.053029599633253294
940.0,0.05195085499893465
941.0,0.05082458291578473
942.0,0.05013454177190555
943.0,0.05019531614074731
944.0,0.05094836830933578
945.0,0.05197307437607
946.0,0.05276403875790449
947.0,0.05305759556640543
948.0,0.05292939807698621
949.0,0.052565569464004924
950.0,0.05198534810869998
951.0,0.05086207592453333
952.0,0.04922326158921532
953.0,0.048443017702076666
954.0,0.049741446154488514
955.0,0.051928518208358324
956.0,0.05284146110721831
957.0,0.05227334871916666
958.0,0.05179469596673989
959.0,0.0527645065052231
960.0,0.05486227815775661
961.0,0.056046485072528004
962.0,0.05522729687994138
963.0,0.05415910634099777
964.0,0.054699730523772416
965.0,0.05618644397664141
966.0,0.05716831127502745
967.0,0.057432658436752784
968.0,0.05746386811296149
969.0,0.05761541164944238
970.0,0.058077644552447634
971.0,0.05889550540800228
972.0,0.05999160499207744
973.0,0.061257418045371485
974.0,0.06262568841137153
975.0,0.06408921862357514
976.0,0.06563594743422276
977.0,0.06722894753207129
978.0,0.06884246452382767
979.0,0.07047345713624345
980.0,0.07212274740704225
981.0,0.073843562654906
982.0,0.0758015838754677
983.0,0.07798061415943955
984.0,0.07990258065628933
985.0,0.08155482610337418
986.0,0.08419056344380955
987.0,0.08824710292396547
988.0,0.09166720355919133
989.0,0.09344320135401198
990.0,0.0963995376200551
991.0,0.10292482245461557
992.0,0.11128744464870113
993.0,0.11880691260984715
994.0,0.12516628881392355
995.0,0.13103521602323517
996.0,0.13642450016013954
997.0,0.14087846188946457
998.0,0.1440643458485912
999.0,0.14641983194469993
1000.0,0.14906806693786023
1001.0,0.15297423818586614
1002.0,0.15833263828794325
1003.0,0.16467636527825824
1004.0,0.17145275766474893
1005.0,0.17868865656901664
1006.0,0.18661654964448893
1007.0,0.19465623201430557
1008.0,0.20168359017720885
1009.0,0.2070639058109333
1010.0,0.210882545467853
1011.0,0.21346785219287773
1012.0,0.21510300815755823
1013.0,0.21589829652397832
1014.0,0.21583155707228166
1015.0,0.21488618510771457
1016.0,0.21296960448606564
1017.0,0.20988653495027101
1018.0,0.20567330547280563
1019.0,0.20070142530055432
1020.0,0.19503805045615766
1021.0,0.1882424634755492
1022.0,0.18041561346394197
1023.0,0.1726046468163894
1024.0,0.16576959928861504
1025.0,0.16005113518312764
1026.0,0.15515761994062882
1027.0,0.1508757727306513
1028.0,0.14726340884185868
1029.0,0.14451579855371027
1030.0,0.14254958257352043
1031.0,0.14087590195019722
1032.0,0.1388148585910786
1033.0,0.13607006385657866
1034.0,0.13317107869760428
1035.0,0.13120683827179633
1036.0,0.13112416252295067
1037.0,0.13303787363639571
1038.0,0.13612478857186702
1039.0,0.13929699030254988
1040.0,0.14206347342930642
1041.0,0.14461158577204464
1042.0,0.14732685973764906
1043.0,0.15041532816816627
1044.0,0.15374426561507554
1045.0,0.1572455053481457
1046.0,0.16121848640899084
1047.0,0.16590416821727208
1048.0,0.1711885652603958
1049.0,0.1769864731487649
1050.0,0.1835147300207828
1051.0,0.19108118299181215
1052.0,0.19982801895877902
1053.0,0.2096435872576004
1054.0,0.22027017741851423
1055.0,0.23155019491020562
1056.0,0.24347453559659743
1057.0,0.25591821146800064
1058.0,0.26890476095477006
1059.0,0.28324607412841785
1060.0,0.2995848969076061
1061.0,0.3168190342038963
1062.0,0.33289585927378296
1063.0,0.3468733237352235
1064.0,0.359104577181801
1065.0,0.3700308081450452
1066.0,0.38011647214852917
1067.0,0.39012027307176667
1068.0,0.40003779264306116
1069.0,0.40841729577095576
1070.0,0.4134819616718779
1071.0,0.414540632553264
1072.0,0.41213837400414965
1073.0,0.407267099896949
1074.0,0.40024433112358004
1075.0,0.39043729727341947
1076.0,0.37796422506633
1077.0,0.36440902782939644
1078.0,0.35118853330289534
1079.0,0.33844800316406
1080.0,0.32578502911330054
1081.0,0.3128578726169817
1082.0,0.2991424610570686
1083.0,0.28430952355657
1084.0,0.2689719685339298
1085.0,0.2543530230387728
1086.0,0.2411749779710722
1087.0,0.22934277174888276
1088.0,0.2185537621884172
1089.0,0.20866152717930445
1090.0,0.19970926523024962
1091.0,0.19172657352127348
1092.0,0.18447854272013725
1093.0,0.17762794402043292
1094.0,0.17103473935125096
1095.0,0.16478994989988874
1096.0,0.15906418323181964
1097.0,0.1540180780114731
1098.0,0.14972583765864578
1099.0,0.146055516116899
1100.0,0.14271111368263467
1101.0,0.13951210562232186
1102.0,0.13652833533397632
1103.0,0.1337700038388158
1104.0,0.1310580325137797
1105.0,0.12843215716638046
1106.0,0.1261705429424409
1107.0,0.12414611705157733
1108.0,0.12189289190597406
1109.0,0.1195748777696053
1110.0,0.11791625757220317
1111.0,0.11704067016672655
1112.0,0.11633177916510361
1113.0,0.11536041264720662
1114.0,0.11419721375529601
1115.0,0.11302336638393776
1116.0,0.11195094196908227
1117.0,0.11104046160507663
1118.0,0.11034209987995186
1119.0,0.10994972848238808
1120.0,0.1099402341867099
1121.0,0.11029485398315687
1122.0,0.11079911207294169
1123.0,0.11107162372875751
1124.0,0.11083130632706581
1125.0,0.11009966654858522
1126.0,0.10910318374658859
1127.0,0.10804869331934641
1128.0,0.10705260850413896
1129.0,0.10616771692392005
1130.0,0.10555016543328988
1131.0,0.10546795850804622
1132.0,0.1060210110206252
1133.0,0.10699077255224679
1134.0,0.10793907810992806
1135.0,0.10847769172599925
1136.0,0.1084959970153481
1137.0,0.10819587520183718
1138.0,0.10790042673091665
1139.0,0.1078162956936945
1140.0,0.10793649418013579
1141.0,0.10809216165879687
1142.0,0.10812525025352948
1143.0,0.107974216088504
1144.0,0.10764012729565711
1145.0,0.10708524992685563
1146.0,0.10614902326262647
1147.0,0.1047123617371498
1148.0,0.10288017866564503
1149.0,0.10097017100673555
1150.0,0.0993391003456632
1151.0,0.09814260073027863
1152.0,0.09723364354241608
1153.0,0.09626951903101172
1154.0,0.09495717696313079
1155.0,0.09323974847755374
1156.0,0.09129920314214915
1157.0,0.0893327255916119
1158.0,0.08738243020313455
1159.0,0.08546257945781816
1160.0,0.08364094340089565
1161.0,0.0819547078828492
1162.0,0.08038317770921932
1163.0,0.07889900551286917
1164.0,0.07756192391944226
1165.0,0.07660925631792714
1166.0,0.07626235002418838
1167.0,0.07641068917700711
1168.0,0.07663955974135517
1169.0,0.07653986058295648
1170.0,0.07597167536351793
1171.0,0.07510069348112577
1172.0,0.0742278160597658
1173.0,0.0735328541014812
1174.0,0.07302604209604491
1175.0,0.07266186472735246
1176.0,0.07239646293270291
1177.0,0.07221774313886395
1178.0,0.0721214090344442
1179.0,0.07207894388250284
1180.0,0.07204987837992466
1181.0,0.07201075973832657
1182.0,0.07199013508822011
1183.0,0.07207436007777447
1184.0,0.07240587930751058
1185.0,0.07308983962789833
1186.0,0.07400305284957906
1187.0,0.07482208583163717
1188.0,0.0752981097507394
1189.0,0.07542421665231142
1190.0,0.07533652243050956
1191.0,0.07515483392560557
1192.0,0.07487775364191876
1193.0,0.07444433915288082
1194.0,0.07392298534224775
1195.0,0.07349496748028854
1196.0,0.07328111336498144
1197.0,0.07326672718638585
1198.0,0.07335367751491714
1199.0,0.07343425538331932
1200.0,0.07345366309334056
1201.0,0.07343889111271866
1202.0,0.0734685194768257
1203.0,0.07362425786562164
1204.0,0.07393843032847659
1205.0,0.07429470149874759
1206.0,0.0744359894225886
1207.0,0.07414877441833134
1208.0,0.07343750929184215
1209.0,0.07259375343901273
1210.0,0.07204238369072682
1211.0,0.07204440409565127
1212.0,0.07252647836811443
1213.0,0.07320012607599861
1214.0,0.07379642682098814
1215.0,0.074194276816069
1216.0,0.0744447850088744
1217.0,0.07465595003924919
1218.0,0.0748887219084201
1219.0,0.07515617388773549
1220.0,0.07543971633560348
1221.0,0.07571998428008747
1222.0,0.07599448131188899
1223.0,0.07627140579402747
1224.0,0.07655067889334549
1225.0,0.07680764755796202
1226.0,0.07699650607544939
1227.0,0.07706941084327204
1228.0,0.07709693136638013
1229.0,0.07732479796801833
1230.0,0.07790875742424525
1231.0,0.07867359254396668
1232.0,0.07911653807705946
1233.0,0.0786819848701672
1234.0,0.07728852121230956
1235.0,0.07549973469494135
1236.0,0.0740552175766634
1237.0,0.07330627753626433
1238.0,0.07311570694669758
1239.0,0.07309521384217686
1240.0,0.07299479271182313
1241.0,0.0728481030105546
1242.0,0.07257970515526269
1243.0,0.07199119152772468
1244.0,0.07129662060914731
1245.0,0.07097895505570649
1246.0,0.07102066177589109
1247.0,0.0709369527219218
1248.0,0.07053982073000008
1249.0,0.07008127325804733
1250.0,0.06980321203408413
1251.0,0.06969314441504641
1252.0,0.06952023215102665
1253.0,0.06911816047917739
1254.0,0.06865704308602896
1255.0,0.0683382328936925
1256.0,0.06798777213612235
1257.0,0.067434731204784
1258.0,0.06694778887202016
1259.0,0.06676144318361538
1260.0,0.06661795724050783
1261.0,0.06623535235878548
1262.0,0.06575500430599318
1263.0,0.06542527131213657
1264.0,0.06526128813545137
1265.0,0.0651515397635338
1266.0,0.06501994778018047
1267.0,0.06485108584717181
1268.0,0.06470424505090683
1269.0,0.06473440534726035
1270.0,0.06509345795543392
1271.0,0.06577390934263294
1272.0,0.06657390761622582
1273.0,0.06720556625480172
1274.0,0.06747262204809022
1275.0,0.06737187314777274
1276.0,0.06709249217176373
1277.0,0.0669031849442073
1278.0,0.06698353690000934
1279.0,0.06733514549560105
1280.0,0.06773831859823688
1281.0,0.06783421802397796
1282.0,0.06743569156155982
1283.0,0.06674143500990817
1284.0,0.06619319791586808
1285.0,0.06614439015833615
1286.0,0.06661605716511537
1287.0,0.06730642965298024
1288.0,0.06788678617938826
1289.0,0.06828538852833427
1290.0,0.06860485240519483
1291.0,0.06892768137420772
1292.0,0.069215122336367
1293.0,0.06934279764067519
1294.0,0.06933031134176029
1295.0,0.0693598181659151
1296.0,0.06945459391972342
1297.0,0.06946352056181762
1298.0,0.06947467578788281
1299.0,0.06973106260014858
1300.0,0.07004973033657722
1301.0,0.06998405310019534
1302.0,0.06956033354611646
1303.0,0.06921984980707405
1304.0,0.06915273358639318
1305.0,0.06922140500746587
1306.0,0.06933514310661017
1307.0,0.06952438652609054
1308.0,0.06982565709091804
1309.0,0.07016560942310339
1310.0,0.07032671702453655
1311.0,0.07012605171237314
1312.0,0.06960128858689826
1313.0,0.06913482604272456
1314.0,0.0693053097357368
1315.0,0.07036530371602438
1316.0,0.07194160483487104
1317.0,0.07324407807080431
1318.0,0.07360723793074472
1319.0,0.07298790614092746
1320.0,0.07198337384184286
1321.0,0.07128804563012638
1322.0,0.07117958534906621
1323.0,0.07154224265139256
1324.0,0.07209929525376643
1325.0,0.07267510957778285
1326.0,0.07327344597745522
1327.0,0.07387174996432422
1328.0,0.07434562009671516
1329.0,0.07455159576030632
1330.0,0.07445951430633752
1331.0,0.07423257820494747
1332.0,0.07412340587462923
1333.0,0.07428890676623143
1334.0,0.07469682498740723
1335.0,0.07518060792502862
1336.0,0.0755538089230248
1337.0,0.0757238844988218
1338.0,0.07574614379367567
1339.0,0.075772691786349
1340.0,0.07595611379264651
1341.0,0.07634925132983086
1342.0,0.0768263452471561
1343.0,0.07714205549209693
1344.0,0.07713514359111037
1345.0,0.07684817885489116
1346.0,0.07639671882300378
1347.0,0.0758368792845813
1348.0,0.07519592130990438
1349.0,0.07457957698400235
1350.0,0.07435402862568333
1351.0,0.07494428864525682
1352.0,0.07633452620357688
1353.0,0.07794780450490996
1354.0,0.07897452253594954
1355.0,0.07893516806417637
1356.0,0.07803240499272608
1357.0,0.07696518451161116
1358.0,0.07635983610319955
1359.0,0.07638903057519433
1360.0,0.07681456223292984
1361.0,0.07723646842344825
1362.0,0.07741528141778274
1363.0,0.07735840644044642
1364.0,0.0771871042117332
1365.0,0.07701007435738602
1366.0,0.07683871411921799
1367.0,0.07668841633917098
1368.0,0.07667817876087199
1369.0,0.07694249526670179
1370.0,0.07751125044371854
1371.0,0.07822909542380632
1372.0,0.07882741411454193
1373.0,0.07913921119809311
1374.0,0.0792228468715586
1375.0,0.07926162628454689
1376.0,0.07940454424340873
1377.0,0.07969578215926026
1378.0,0.08009616190689332
1379.0,0.08060581213363034
1380.0,0.08126800282690119
1381.0,0.08203768195608457
1382.0,0.08277215630670832
1383.0,0.08333440099132985
1384.0,0.0836813807583559
1385.0,0.08387353333528827
1386.0,0.08404530294576626
1387.0,0.08434514835398682
1388.0,0.08481197684053121
1389.0,0.0853139702255336
1390.0,0.0855376265675094
1391.0,0.0850938946582643
1392.0,0.08390833711675692
1393.0,0.08241649908704016
1394.0,0.08124983896486186
1395.0,0.08077099034260884
1396.0,0.0808900633928469
1397.0,0.0812045722833259
1398.0,0.08130842137528606
1399.0,0.08108087946460917
1400.0,0.08067379278542186
1401.0,0.08033602340343513
1402.0,0.0802630399968743
1403.0,0.08047671358485033
1404.0,0.08083477342327276
1405.0,0.08115196322282324
1406.0,0.08134082367622035
1407.0,0.08143099831348925
1408.0,0.08143329741069841
1409.0,0.08130517507227321
1410.0,0.08102454738407842
1411.0,0.0806799009122831
1412.0,0.08051345869304719
1413.0,0.08072043503502066
1414.0,0.08122097365019361
1415.0,0.08165880410819373
1416.0,0.08160581425301372
1417.0,0.08091694302529837
1418.0,0.07989979560525703
1419.0,0.07909621711681043
1420.0,0.07888999739163648
1421.0,0.07928486477330463
1422.0,0.07996238056550653
1423.0,0.08053559134141039
1424.0,0.08083421663803327
1425.0,0.0809563772684616
1426.0,0.08111313089387653
1427.0,0.08135156857135746
1428.0,0.08150531421529575
1429.0,0.08159852497942588
1430.0,0.0818849332015098
1431.0,0.08227954288424345
1432.0,0.08234770153422188
1433.0,0.08199135518463382
1434.0,0.08156944688178702
1435.0,0.08132873625491739
1436.0,0.08123761664770378
1437.0,0.08130282843958543
1438.0,0.08160274778599431
1439.0,0.08211211607856142
1440.0,0.08267042779739885
1441.0,0.08307118877551317
1442.0,0.08321248280491093
1443.0,0.08317976003217635
1444.0,0.08315624452824115
1445.0,0.08325818964765366
1446.0,0.08349494633528956
1447.0,0.08382405389408364
1448.0,0.08424156873404424
1449.0,0.0848200398518883
1450.0,0.08554402543953316
1451.0,0.08621535868244766
1452.0,0.08657733188716067
1453.0,0.08649892592960866
1454.0,0.08609415119967154
1455.0,0.0856552520278567
1456.0,0.08544223083619687
1457.0,0.08548843313527009
1458.0,0.08557035796488395
1459.0,0.08539240229707873
1460.0,0.0848524982217575
1461.0,0.08414575600921387
1462.0,0.08362462127771081
1463.0,0.0835345762702263
1464.0,0.08382564634341587
1465.0,0.08426036502502393
1466.0,0.0847202732704619
1467.0,0.08523234175511829
1468.0,0.08578669965031613
1469.0,0.08622891818672809
1470.0,0.08627379454493268
1471.0,0.08580631821224893
1472.0,0.08510603392681157
1473.0,0.08461764447057515
1474.0,0.08458142006879188
1475.0,0.08493339459313408
1476.0,0.08543645080461063
1477.0,0.08588743889654446
1478.0,0.0862622362858009
1479.0,0.08657176658729275
1480.0,0.0867535605293834
1481.0,0.0868487075575715
1482.0,0.08701199308499945
1483.0,0.08719504989629301
1484.0,0.0871559715976139
1485.0,0.0869578953939171
1486.0,0.08695565238922937
1487.0,0.08715054162009621
1488.0,0.08715093280289322
1489.0,0.08679315796275604
1490.0,0.08632157688878575
1491.0,0.08604725512844649
1492.0,0.08610108596174575
1493.0,0.08641137719169147
1494.0,0.08677073103697013
1495.0,0.08697430468065413
1496.0,0.0869586095365035
1497.0,0.08683146252661865
1498.0,0.08676818996870514
1499.0,0.08686279271773918
1500.0,0.08711469572503386
1501.0,0.08750008618374419
1502.0,0.08805387474551632
1503.0,0.08886224154866196
1504.0,0.08973457894713471
1505.0,0.09012723784470492
1506.0,0.08964371352994388
1507.0,0.08842925016643458
1508.0,0.08709985794534156
1509.0,0.08631202536128542
1510.0,0.0862838285170641
1511.0,0.08671134955938942
1512.0,0.08724637102663906
1513.0,0.08779123621684629
1514.0,0.08828233438622829
1515.0,0.08863793470052041
1516.0,0.08891035001933617
1517.0,0.08920277450439788
1518.0,0.08943421528867598
1519.0,0.08946762019342965
1520.0,0.08943729452714613
1521.0,0.08957233170675677
1522.0,0.08979987079781837
1523.0,0.08985748454876283
1524.0,0.08964643476379935
1525.0,0.08935731475823251
1526.0,0.08934555497964781
1527.0,0.08967146245605986
1528.0,0.08986936076539391
1529.0,0.08969476020233952
1530.0,0.08964957251882666
1531.0,0.0900222836279822
1532.0,0.09022951413153689
1533.0,0.0898296569571979
1534.0,0.08922445620012666
1535.0,0.08888697771541018
1536.0,0.0887804409232607
1537.0,0.08878327962647227
1538.0,0.08896317123615673
1539.0,0.08934735791522563
1540.0,0.08980855155574087
1541.0,0.09015248673137406
1542.0,0.0902827397981727
1543.0,0.09032601336866561
1544.0,0.09056725246713518
1545.0,0.0912618661019545
1546.0,0.09237910433989713
1547.0,0.09349342142425293
1548.0,0.09413350122254494
1549.0,0.09424063925770083
1550.0,0.09408065822803567
1551.0,0.09383101621825145
1552.0,0.0935018735146795
1553.0,0.09305880305340894
1554.0,0.09256612151321625
1555.0,0.09224168699433213
1556.0,0.09224402303139129
1557.0,0.0924931036045955
1558.0,0.09275533216439054
1559.0,0.09284041351671403
1560.0,0.0927211339850803
1561.0,0.09254185335553404
1562.0,0.09253797156227045
1563.0,0.09283386708681865
1564.0,0.09317962033163465
1565.0,0.0931536485942482
1566.0,0.09286948674914167
1567.0,0.09288563104678196
1568.0,0.09318556625789329
1569.0,0.09321805937440503
1570.0,0.09304773802223287
1571.0,0.09327215372403669
1572.0,0.09389035049021369
1573.0,0.09435469513845174
1574.0,0.09449557703864395
1575.0,0.09458172291128236
1576.0,0.09477813981226921
1577.0,0.09505623923464965
1578.0,0.09537934094254254
1579.0,0.0957597252512398
1580.0,0.09624170866785313
1581.0,0.0967782387348442
1582.0,0.09716598412418118
1583.0,0.09719905558758725
1584.0,0.09683618268687949
1585.0,0.09622022748170342
1586.0,0.09556816699476214
1587.0,0.09502910883896826
1588.0,0.09463082756882696
1589.0,0.09445284639058586
1590.0,0.09466575926939032
1591.0,0.09528335752847848
1592.0,0.0960598379552056
1593.0,0.09661848568684006
1594.0,0.09671693688590667
1595.0,0.0964609739185689
1596.0,0.09621065938770215
1597.0,0.09623745914541579
1598.0,0.09659159779577728
1599.0,0.09725025269678107
