0.0,0.0
1.0,0.0
2.0,0.0
3.0,0.0
4.0,0.0
5.0,0.0
6.0,0.0
7.0,0.0
8.0,0.0
9.0,0.0
10.0,0.0
11.0,0.0
12.0,0.0
13.0,0.0
14.0,0.0
15.0,0.0
16.0,0.0
17.0,0.0
18.0,0.0
19.0,0.0
20.0,0.0
21.0,0.0
22.0,0.0
23.0,0.0
24.0,0.0
25.0,0.0
26.0,0.0
27.0,0.0
28.0,0.0
29.0,0.0
30.0,0.0
31.0,0.0
32.0,0.0
33.0,0.0
34.0,0.0
35.0,0.0
36.0,0.0
37.0,0.0
38.0,0.0
39.0,0.0
40.0,0.0
41.0,0.0
42.0,0.0
43.0,0.0
44.0,0.0
45.0,0.0
46.0,0.0
47.0,0.0
48.0,0.0
49.0,0.0
50.0,0.0
51.0,0.0
52.0,0.0
53.0,0.0
54.0,0.0
55.0,0.0
56.0,0.0
57.0,0.0
58.0,0.0
59.0,0.0
60.0,0.0
61.0,0.0
62.0,0.0
63.0,0.0
64.0,0.0
65.0,0.0
66.0,0.0
67.0,0.0
68.0,0.0
69.0,0.0
70.0,0.0
71.0,0.0
72.0,0.0
73.0,0.0
74.0,0.0
75.0,0.0
76.0,0.0
77.0,0.0
78.0,0.0
79.0,0.0
80.0,0.0
81.0,0.0
82.0,0.0
83.0,0.0
84.0,0.0
85.0,0.0
86.0,0.0
87.0,0.0
88.0,0.0
89.0,0.0
90.0,0.0
91.0,0.0
92.0,0.0
93.0,0.0
94.0,0.0
95.0,0.0
96.0,0.0
97.0,0.0
98.0,0.0
99.0,0.0
100.0,0.0
101.0,0.0
102.0,0.0
103.0,0.0
104.0,0.0
105.0,0.0
106.0,0.0
107.0,0.0
108.0,0.0
109.0,0.0
110.0,0.0
111.0,0.0
112.0,0.0
113.0,0.0
114.0,0.0
115.0,0.0
116.0,0.0
117.0,0.0
118.0,0.0
119.0,0.04884282207457608
120.0,0.04642901830372221
121.0,0.04457682669983904
122.0,0.043391455970180744
123.0,0.04249950087731786
124.0,0.04164524832811873
125.0,0.040616585090816955
126.0,0.03932655422288329
127.0,0.03794590215408484
128.0,0.03681818893463457
129.0,0.03622649937592987
130.0,0.0362067753569248
131.0,0.036562791130531576
132.0,0.036991368568778
133.0,0.03722716908750529
134.0,0.037164895803057436
135.0,0.03685225379339858
136.0,0.036427719882226324
137.0,0.036024509474489715
138.0,0.035720401049684054
139.0,0.03554980887549681
140.0,0.03547596946194171
141.0,0.03539371592484381
142.0,0.03517711968759935
143.0,0.03474244412680234
144.0,0.03410795735929035
145.0,0.0333932206392143
146.0,0.032806303648340314
147.0,0.032551096331377045
148.0,0.032657039186264676
149.0,0.03293396593499071
150.0,0.03310520176899807
151.0,0.03297633147965857
152.0,0.03245450307376358
153.0,0.03156402792269659
154.0,0.030495019168547084
155.0,0.02950424706724681
156.0,0.028744060187277327
157.0,0.0281971126041139
158.0,0.027776159597750656
159.0,0.02742430755521747
160.0,0.02714955257769875
161.0,0.026986394525821696
162.0,0.02691501613866893
163.0,0.0268679432610422
164.0,0.026795631309049557
165.0,0.026686200729818706
166.0,0.02654566620492655
167.0,0.0263927705558697
168.0,0.02625267560645112
169.0,0.02614457658074338
170.0,0.026073920173425753
171.0,0.026031524642219424
172.0,0.02600822905620965
173.0,0.02604531289379792
174.0,0.02623103118933196
175.0,0.026576374575461643
176.0,0.02696362270095371
177.0,0.027259575590332714
178.0,0.027415928917693462
179.0,0.027439365981694004
180.0,0.027349689616495705
181.0,0.0271766318413797
182.0,0.02694404018799907
183.0,0.026654594522964432
184.0,0.026304593651366566
185.0,0.025923001611405767
186.0,0.02554480542210919
187.0,0.025141111348283958
188.0,0.024664030110871545
189.0,0.024148105337088284
190.0,0.023716042063371363
191.0,0.023505618756712816
192.0,0.02357630293919339
193.0,0.023870516441464047
194.0,0.024234346686883575
195.0,0.02449834346975805
196.0,0.024558848891446834
197.0,0.024410830289140657
198.0,0.024136387269139976
199.0,0.02384763399715268
200.0,0.02369483750862806
201.0,0.023824259918541264
202.0,0.024220849971771825
203.0,0.02466029350140348
204.0,0.024804403664564885
205.0,0.024411176804110486
206.0,0.023527109883691173
207.0,0.022468372486957273
208.0,0.021597402215661816
209.0,0.021111760154143462
210.0,0.02104316972100024
211.0,0.021300595778824545
212.0,0.021726637259190724
213.0,0.022202802246859617
214.0,0.022715877143276005
215.0,0.023303582559038145
216.0,0.023931612400718567
217.0,0.024475268405550317
218.0,0.02479148900377532
219.0,0.024836640257919047
220.0,0.024723409418098204
221.0,0.02462720076487019
222.0,0.02464301544240128
223.0,0.02477231104894135
224.0,0.024988157903510118
225.0,0.025267244130360585
226.0,0.02561016749252327
227.0,0.026039814750032093
228.0,0.026575142306822515
229.0,0.02718534737217943
230.0,0.027759341593365967
231.0,0.028062042161946583
232.0,0.027858602449746646
233.0,0.02721092275179133
234.0,0.02649887372180932
235.0,0.026104563877797866
236.0,0.026152709791903712
237.0,0.026541662962644326
238.0,0.027046094129713767
239.0,0.027412076358139754
240.0,0.0274816829414612
241.0,0.02723142649250438
242.0,0.02676743683279132
243.0,0.026259015241769386
244.0,0.025893239136130015
245.0,0.025862508552866044
246.0,0.026199049731202413
247.0,0.026673720364335858
248.0,0.0269528867415006
249.0,0.02684104011679029
250.0,0.026368516946532146
251.0,0.025712724027342322
252.0,0.025107046313896215
253.0,0.02472186829812357
254.0,0.02458992573410674
255.0,0.024617984287790114
256.0,0.02463880786594414
257.0,0.024502259057123728
258.0,0.024100037584588847
259.0,0.023407200166017113
260.0,0.02256103902835977
261.0,0.02182338024468062
262.0,0.021472853640437335
263.0,0.021626302938006665
264.0,0.02211192155124448
265.0,0.022578775670342117
266.0,0.022756598011222824
267.0,0.022602785435633273
268.0,0.022223193729808695
269.0,0.021763183169217055
270.0,0.021321927693506333
271.0,0.020926464302794053
272.0,0.020579180081496014
273.0,0.020284050157832474
274.0,0.02005635809931034
275.0,0.019936814977589652
276.0,0.019985688124694985
277.0,0.020192512925070467
278.0,0.0204307106183454
279.0,0.0205723344086935
280.0,0.02060119415532264
281.0,0.02056407211316564
282.0,0.02048167151900699
283.0,0.02033135597183395
284.0,0.020071075560677283
285.0,0.0197010771279535
286.0,0.01927945600250864
287.0,0.018856038619620326
288.0,0.0184332391644429
289.0,0.017999319199713044
290.0,0.0175636977730595
291.0,0.017166595982529738
292.0,0.016867007205962743
293.0,0.016720999470758176
294.0,0.016733410060606087
295.0,0.01682437704630841
296.0,0.0168719319421265
297.0,0.016790331808695887
298.0,0.016574466581211263
299.0,0.016279564797601682
300.0,0.01599061168899891
301.0,0.01578481881306299
302.0,0.01569099383260037
303.0,0.015682352546936125
304.0,0.01569324848121096
305.0,0.015658844276370827
306.0,0.015540356998057399
307.0,0.015337165326609288
308.0,0.015116219896665513
309.0,0.01499359359640235
310.0,0.015073104586647075
311.0,0.015383569379560487
312.0,0.015846626951015193
313.0,0.016329294152756364
314.0,0.016753889081044533
315.0,0.017135104492093274
316.0,0.01748770280460838
317.0,0.01775914984942501
318.0,0.017840090411822947
319.0,0.017642711635685822
320.0,0.017190086870169603
321.0,0.016616686071191884
322.0,0.01608206215627845
323.0,0.015691637961298972
324.0,0.015481411253131024
325.0,0.01539145952985272
326.0,0.015279301789427664
327.0,0.014993476724227968
328.0,0.014448807803550241
329.0,0.013694523015178213
330.0,0.01289727163960059
331.0,0.012265103769789239
332.0,0.011945160471809331
333.0,0.011932100291744581
334.0,0.012087209690573149
335.0,0.012283459548570415
336.0,0.012517686705573246
337.0,0.012816415538214838
338.0,0.013141002680730436
339.0,0.013421894161496924
340.0,0.0136073301287803
341.0,0.013676504685872844
342.0,0.013639751063894541
343.0,0.013530891244389394
344.0,0.013378870033401942
345.0,0.013177704796927432
346.0,0.012909252299702807
347.0,0.012602142164700632
348.0,0.012354521000597925
349.0,0.012311794942745764
350.0,0.012546820863334536
351.0,0.012955018566643113
352.0,0.013320981259056626
353.0,0.013481437418772564
354.0,0.013406276412685388
355.0,0.013164671961747039
356.0,0.012875401040824137
357.0,0.012639691479954536
358.0,0.01250346471708847
359.0,0.012462301448884223
360.0,0.012479796077994938
361.0,0.012523517629110033
362.0,0.012586179387991399
363.0,0.012681163258394586
364.0,0.012800741380491205
365.0,0.012886643944165117
366.0,0.012827588882496306
367.0,0.012525915566301067
368.0,0.01201988424975537
369.0,0.011476839149675407
370.0,0.011038258241222905
371.0,0.010727337230722118
372.0,0.010511137401010236
373.0,0.010346403363268704
374.0,0.010174141722990866
375.0,0.00994806556884726
376.0,0.009663779706449889
377.0,0.009364733374983732
378.0,0.009118666770272128
379.0,0.008985488286853145
380.0,0.008998468090235918
381.0,0.009131962416845725
382.0,0.009300089156181697
383.0,0.009398227199904192
384.0,0.009356561616067856
385.0,0.009179562408231541
386.0,0.008935670229984378
387.0,0.008720382805991696
388.0,0.00860189701644571
389.0,0.008587122236747909
390.0,0.008620990755494336
391.0,0.008584279621934816
392.0,0.008353756366074556
393.0,0.007908587220192338
394.0,0.0073640934322802346
395.0,0.0069037105286553005
396.0,0.006673823941126096
397.0,0.0067414161454481605
398.0,0.007070866395169913
399.0,0.00753466973531753
400.0,0.007960823235477817
401.0,0.008163372966196687
402.0,0.008066092179609914
403.0,0.00780217703359571
404.0,0.007669629321904355
405.0,0.007986512315539436
406.0,0.008844570817535709
407.0,0.009993382109786904
408.0,0.011007481666951487
409.0,0.011582980160884278
410.0,0.01168061518326264
411.0,0.011459164114878857
412.0,0.011140882998759212
413.0,0.010857498838984632
414.0,0.010643023704509154
415.0,0.010500228942463337
416.0,0.010431814846957606
417.0,0.010465404572092614
418.0,0.01065897881404338
419.0,0.011060341891303178
420.0,0.01160637810596516
421.0,0.012126907229844504
422.0,0.01248165265800711
423.0,0.012653426448250245
424.0,0.012704906825975755
425.0,0.012710460489462512
426.0,0.012723526047200125
427.0,0.012758915212881257
428.0,0.012813865072778326
429.0,0.012858816080249476
430.0,0.012808290069807722
431.0,0.012592004463145075
432.0,0.012247510982411454
433.0,0.011912742364235958
434.0,0.011737933188323009
435.0,0.011814751820372123
436.0,0.012159253280399858
437.0,0.01269442106764291
438.0,0.01328637111525461
439.0,0.013856192897378668
440.0,0.01444291775856272
441.0,0.015063126842242931
442.0,0.015583912253792583
443.0,0.01577435539297229
444.0,0.015458905016445708
445.0,0.014714784208897443
446.0,0.013876098181894232
447.0,0.01330871340538526
448.0,0.013176986424291944
449.0,0.013417704446129393
450.0,0.013837820426404641
451.0,0.014239278403933082
452.0,0.014528138228844419
453.0,0.014700841760720902
454.0,0.014809839231479778
455.0,0.014931661633690481
456.0,0.015124316689725421
457.0,0.01541426533096519
458.0,0.015772160248211105
459.0,0.016109488457137396
460.0,0.016315185108844728
461.0,0.01630202140591592
462.0,0.016091646920848475
463.0,0.01584014254423833
464.0,0.015786061346503018
465.0,0.016141133461093755
466.0,0.016906732379093854
467.0,0.01781920176895286
468.0,0.018428635685276924
469.0,0.018329250049394626
470.0,0.01748086051487436
471.0,0.01627077342154743
472.0,0.01523486053817353
473.0,0.014698455160547304
474.0,0.014693421199566022
475.0,0.015028866551850269
476.0,0.015401887469422566
477.0,0.01557312466115441
478.0,0.015438604779412786
479.0,0.015044517755898164
480.0,0.014536073153233305
481.0,0.014050473300968487
482.0,0.01364229597310402
483.0,0.013290151711392646
484.0,0.01298350742775118
485.0,0.012743584051952812
486.0,0.012583403361554675
487.0,0.012496609232978524
488.0,0.012468823644465284
489.0,0.012501408220926664
490.0,0.012625539402920057
491.0,0.012855347740355745
492.0,0.01314547179896148
493.0,0.013430334513622362
494.0,0.013680810863002497
495.0,0.013895801623229072
496.0,0.014073741621096376
497.0,0.014214759249255034
498.0,0.014322831375801655
499.0,0.014400760780373174
500.0,0.014445671375047882
501.0,0.014448173742536437
502.0,0.014397402223778673
503.0,0.01428875712757744
504.0,0.014128864046441932
505.0,0.013935612255085501
506.0,0.013725422787740534
507.0,0.013494571154671182
508.0,0.013231896886065804
509.0,0.012952148491516442
510.0,0.012714594902870809
511.0,0.012617205538015215
512.0,0.012716857972689018
513.0,0.012953257684665771
514.0,0.01318285354900079
515.0,0.013281632250880589
516.0,0.01321501420530264
517.0,0.013034676546889341
518.0,0.012846474517929814
519.0,0.012749658048365427
520.0,0.012785234923152596
521.0,0.012925707023834838
522.0,0.013090381388593926
523.0,0.013194138712225474
524.0,0.013186868619345211
525.0,0.013070120137325399
526.0,0.012886565232516807
527.0,0.012687180035593944
528.0,0.012516213454352117
529.0,0.012393537470251022
530.0,0.01230410262292176
531.0,0.012198795243023093
532.0,0.011990624508176402
533.0,0.011615961125877879
534.0,0.011121065273563553
535.0,0.010656328001441513
536.0,0.010388410487564954
537.0,0.010389578773763071
538.0,0.0105953836941945
539.0,0.010831693500030722
540.0,0.010898335638896035
541.0,0.010694648832500216
542.0,0.010276094786964958
543.0,0.009841047082995442
544.0,0.009632201256680135
545.0,0.009788795715049044
546.0,0.010270930931827911
547.0,0.010876921574162708
548.0,0.011364396496354519
549.0,0.01154932067700138
550.0,0.011371787025318665
551.0,0.010954680955742653
552.0,0.010538785901927979
553.0,0.010346718410752583
554.0,0.01045554750522066
555.0,0.010773182910155672
556.0,0.011140864822848436
557.0,0.011495131066732119
558.0,0.011899231692841634
559.0,0.01236887469569465
560.0,0.012802682579493303
561.0,0.013085095567129508
562.0,0.01317656542735874
563.0,0.013127724316638618
564.0,0.013029964423822267
565.0,0.012936101564928144
566.0,0.012845312340681043
567.0,0.012752117359468414
568.0,0.012679215284671037
569.0,0.012681364659419332
570.0,0.012802655481856502
571.0,0.013032869878362115
572.0,0.013289735472180882
573.0,0.01344908829796599
574.0,0.01340243954401383
575.0,0.013107300525591566
576.0,0.012633383315604159
577.0,0.012130588595481058
578.0,0.011724538960985804
579.0,0.011438584773671163
580.0,0.01123722809482109
581.0,0.011090735060230679
582.0,0.010965385336485396
583.0,0.010832501952885105
584.0,0.010699629428078568
585.0,0.010638311548289765
586.0,0.010814019693182027
587.0,0.011370751317479284
588.0,0.012244828408352788
589.0,0.013143961085032914
590.0,0.013694552103953157
591.0,0.013687399844216137
592.0,0.013219537436321767
593.0,0.012625363656983198
594.0,0.012247332057694689
595.0,0.0122516954284781
596.0,0.012608352760861925
597.0,0.013126662938262819
598.0,0.013574070094606712
599.0,0.013791755003679192
600.0,0.01374548371139462
601.0,0.013534117657373064
602.0,0.013314854340848455
603.0,0.013221386162376343
604.0,0.013300441564667705
605.0,0.013494379932241903
606.0,0.013693657406282152
607.0,0.013807415038955169
608.0,0.013817270716021575
609.0,0.013763460418872948
610.0,0.013700440548352129
611.0,0.0136699236212195
612.0,0.0136821412339675
613.0,0.013723553682351737
614.0,0.013774033775461221
615.0,0.013818266428068667
616.0,0.013852680400409052
617.0,0.01388154668647313
618.0,0.013903966255889251
619.0,0.013900990656044561
620.0,0.013852578010803647
621.0,0.01376477837398233
622.0,0.013677179257228674
623.0,0.013646516060331744
624.0,0.0137092302866288
625.0,0.013856629635783997
626.0,0.014038530944113288
627.0,0.014194901186602
628.0,0.014288045121994615
629.0,0.014315597732511294
630.0,0.014288241888726634
631.0,0.014200582047616046
632.0,0.014032644997361017
633.0,0.01377103339769132
634.0,0.013451989971237595
635.0,0.013162802488785215
636.0,0.012989133056723175
637.0,0.012960124195298746
638.0,0.013033830089252747
639.0,0.013127301181364577
640.0,0.013162685822930183
641.0,0.013112897933434571
642.0,0.013008543221451847
643.0,0.012909006134618435
644.0,0.012859867971465051
645.0,0.012866035221184964
646.0,0.012900005586280967
647.0,0.012951769808724096
648.0,0.013078821126084335
649.0,0.013341841967381536
650.0,0.013709607022183552
651.0,0.014030868829588601
652.0,0.014092708674859851
653.0,0.013771669229339208
654.0,0.013131649188204371
655.0,0.012402692016320445
656.0,0.011845584824480011
657.0,0.011614459509219528
658.0,0.011696654974138528
659.0,0.011962995685839646
660.0,0.012287092598777534
661.0,0.012603453512590353
662.0,0.012913410747458005
663.0,0.013220172773251
664.0,0.013482503483707726
665.0,0.013642723477462489
666.0,0.013676768411206415
667.0,0.013635417181586958
668.0,0.01362762803700019
669.0,0.013761654814861031
670.0,0.014074133401434326
671.0,0.014503443419929325
672.0,0.014936996151875888
673.0,0.015295430205255318
674.0,0.015568078930157332
675.0,0.015778527149624418
676.0,0.01598107604449501
677.0,0.016262021068490236
678.0,0.016660933093365533
679.0,0.01710970337605878
680.0,0.01747744864352741
681.0,0.01766493457266561
682.0,0.01765613195357308
683.0,0.01750285508647765
684.0,0.017239621347671936
685.0,0.016826149022186605
686.0,0.016234349423655377
687.0,0.015529482064641838
688.0,0.014864897626427738
689.0,0.014406045036323263
690.0,0.01423789063610121
691.0,0.01431790917539056
692.0,0.01450278618349677
693.0,0.01463973463263147
694.0,0.014641534114092532
695.0,0.01451913598850741
696.0,0.014341482452859551
697.0,0.014171723508453755
698.0,0.014029020899222984
699.0,0.013894211317727563
700.0,0.013752396999621004
701.0,0.013663736855220439
702.0,0.013804095286742042
703.0,0.014278221750745564
704.0,0.01492313824103781
705.0,0.015366746709204744
706.0,0.015255284792420838
707.0,0.014549791534643482
708.0,0.013609942945526317
709.0,0.012954927618486552
710.0,0.012910668172429203
711.0,0.013447736154875108
712.0,0.014275689520170283
713.0,0.015088267557008657
714.0,0.0157812735265433
715.0,0.016371798162681146
716.0,0.016863100596771603
717.0,0.017225728150932103
718.0,0.017415613313195195
719.0,0.017434276641684628
720.0,0.01733844858773071
721.0,0.017179367002828523
722.0,0.01697295518767756
723.0,0.016731388203301563
724.0,0.016476424362251448
725.0,0.016227687427577693
726.0,0.015994137399808102
727.0,0.015770788086195982
728.0,0.01557502262215716
729.0,0.015484093957554186
730.0,0.01561035715572285
731.0,0.016045859900596433
732.0,0.016739431208615825
733.0,0.01745088459177336
734.0,0.01787922894720923
735.0,0.017844083531646744
736.0,0.0174272848326888
737.0,0.016930727235139283
738.0,0.016660939417804395
739.0,0.016718439767315026
740.0,0.016997626783452686
741.0,0.017318675951765956
742.0,0.017528348017500757
743.0,0.017577801955070922
744.0,0.017508741114395106
745.0,0.017391407432971247
746.0,0.017279553430264112
747.0,0.01718453468727061
748.0,0.0171009607812136
749.0,0.01701890496910031
750.0,0.016905617349948672
751.0,0.016728614565764806
752.0,0.016496939549558727
753.0,0.01628042658546592
754.0,0.016195355902566606
755.0,0.016317796994908436
756.0,0.016607511598689846
757.0,0.016920719929334922
758.0,0.01709715216912134
759.0,0.017058052811870845
760.0,0.01684270622620377
761.0,0.01660204669579852
762.0,0.01652236032446864
763.0,0.0167119563451898
764.0,0.01713908637929485
765.0,0.01763687805945497
766.0,0.018001443406505953
767.0,0.018108684701637352
768.0,0.01797452106606224
769.0,0.017711864965438702
770.0,0.017428909547675793
771.0,0.0171620248089629
772.0,0.016894569854136406
773.0,0.016690871273697568
774.0,0.016720497005943365
775.0,0.017135538582889694
776.0,0.017930004854556154
777.0,0.018876606918222523
778.0,0.019652590051655268
779.0,0.020051947290750723
780.0,0.02008949120946974
781.0,0.01991698302189699
782.0,0.0197044862411695
783.0,0.01955247971786945
784.0,0.01946106698855405
785.0,0.019381296176941072
786.0,0.019204462939780627
787.0,0.018763060407051065
788.0,0.018007882883634814
789.0,0.017128990891109204
790.0,0.016490851869598484
791.0,0.016427180941129778
792.0,0.01696484689249484
793.0,0.017769199444379442
794.0,0.018408550806248876
795.0,0.01866896190768736
796.0,0.01859418577851752
797.0,0.01837574607545845
798.0,0.018244268292256734
799.0,0.01833267950766932
800.0,0.01863247421955467
801.0,0.019023620138129922
802.0,0.019340732543298662
803.0,0.01947504005899054
804.0,0.01942112760350751
805.0,0.019285989064276983
806.0,0.019253978828708503
807.0,0.019467096179608963
808.0,0.019927768248168228
809.0,0.0204719560430704
810.0,0.020842361564180352
811.0,0.020854088832901803
812.0,0.020510381071118418
813.0,0.01999837794372284
814.0,0.019559937883570862
815.0,0.01935610495576013
816.0,0.019401320748899782
817.0,0.019586041150317708
818.0,0.019779281535819322
819.0,0.019892304277210567
820.0,0.019910252525332968
821.0,0.01989499447563043
822.0,0.01993939290935782
823.0,0.02012496550240301
824.0,0.020472739261861723
825.0,0.020902717407283507
826.0,0.021269084299953618
827.0,0.021442520140237682
828.0,0.021391468102695606
829.0,0.021201904714535043
830.0,0.02101046136728036
831.0,0.02090186655130106
832.0,0.020867369739363713
833.0,0.020857034797276082
834.0,0.020861894676296906
835.0,0.020971620029473066
836.0,0.02126359736608103
837.0,0.021643186559529078
838.0,0.02190733940599133
839.0,0.021925966747166077
840.0,0.02171929704911752
841.0,0.02140859107645294
842.0,0.021092757055652896
843.0,0.020751372401381536
844.0,0.02034648589382477
845.0,0.019944525020556
846.0,0.01966151762475194
847.0,0.019565157280892094
848.0,0.019640972409785747
849.0,0.019817433158423443
850.0,0.020026303031907507
851.0,0.02024771871111892
852.0,0.020479438399322265
853.0,0.02071248979175356
854.0,0.020952220916878046
855.0,0.02121500022683715
856.0,0.02149932477896061
857.0,0.021767853992788418
858.0,0.021950090088434245
859.0,0.02198840223470417
860.0,0.021888693391684318
861.0,0.02173327107671697
862.0,0.021647241556180537
863.0,0.02171529228803993
864.0,0.02192306695148783
865.0,0.022140642839803888
866.0,0.02217476317243878
867.0,0.02190499159931015
868.0,0.021376019829306765
869.0,0.020790185095514342
870.0,0.02039204229341158
871.0,0.020322026625038965
872.0,0.02054665210974955
873.0,0.020913937340979967
874.0,0.021282804397335604
875.0,0.021582957609036897
876.0,0.021815687331687324
877.0,0.02198485519074373
878.0,0.02204909539653533
879.0,0.021969952656990595
880.0,0.021759772401633577
881.0,0.021495763480544668
882.0,0.02127842882460213
883.0,0.021161299302473964
884.0,0.021129520794741792
885.0,0.021149719381526218
886.0,0.0212106874942768
887.0,0.021328824302974732
888.0,0.021503296007337698
889.0,0.02165809596208746
890.0,0.02167666759948534
891.0,0.021483839020682245
892.0,0.021109666972204573
893.0,0.02068218175966164
894.0,0.020328657277084057
895.0,0.020076241663550883
896.0,0.019897359921924325
897.0,0.01980789337279621
898.0,0.019874723528785616
899.0,0.020165970424863962
900.0,0.02063235794179031
901.0,0.02107789575856745
902.0,0.021299213402295465
903.0,0.02122744986593101
904.0,0.020935689433445655
905.0,0.02055135314949425
906.0,0.02014990840665682
907.0,0.019720057045877377
908.0,0.019269160217290034
909.0,0.018875295559617762
910.0,0.018629562983133903
911.0,0.01856878967344317
912.0,0.018646354021603202
913.0,0.01876704185380724
914.0,0.018859481739787638
915.0,0.018913933895259034
916.0,0.01895638439372755
917.0,0.019046933684888252
918.0,0.0192852808115166
919.0,0.01972126930798946
920.0,0.020276757819620746
921.0,0.020768409258772276
922.0,0.02100796243307102
923.0,0.020950792641382894
924.0,0.020747697551593287
925.0,0.02063384212216863
926.0,0.020757931003385584
927.0,0.021109065118539112
928.0,0.021555184806345225
929.0,0.02192799310061983
930.0,0.022128934375219518
931.0,0.022164863328834834
932.0,0.022116069955251123
933.0,0.02207410283992168
934.0,0.022078162017605242
935.0,0.022108747465002833
936.0,0.022126832490363076
937.0,0.022135760982241355
938.0,0.02217896656826502
939.0,0.02227166151368038
940.0,0.022335127833024056
941.0,0.022172192779465673
942.0,0.02162565452849711
943.0,0.020769954248443474
944.0,0.019922313181793834
945.0,0.01947975075907272
946.0,0.019644278960151286
947.0,0.020275526470113416
948.0,0.021010279564929187
949.0,0.02154079225716283
950.0,0.021760988444644892
951.0,0.021743564315779486
952.0,0.021639325046702164
953.0,0.021541127452993032
954.0,0.021478934880616925
955.0,0.02145642119885275
956.0,0.021431234461408523
957.0,0.021334228508185067
958.0,0.021139251582995768
959.0,0.02090616330555007
960.0,0.020769625363523787
961.0,0.020858271387492
962.0,0.021195356559006624
963.0,0.021680353989189306
964.0,0.02217119984626121
965.0,0.02257385235339638
966.0,0.022860393807282504
967.0,0.023065226349453745
968.0,0.023257164869218257
969.0,0.023486556999548193
970.0,0.02375209474529328
971.0,0.023994940592156157
972.0,0.024128729415376506
973.0,0.02409954199171755
974.0,0.02392414178276398
975.0,0.02364773145265662
976.0,0.023274742900342822
977.0,0.022794981098417218
978.0,0.022237049158816254
979.0,0.021697242614647956
980.0,0.021314432974573312
981.0,0.021171697589996936
982.0,0.021241732525612546
983.0,0.021458327916014215
984.0,0.021797862699648986
985.0,0.022257599748568287
986.0,0.022806166357115583
987.0,0.0233244345024441
988.0,0.02364197432626617
989.0,0.023668625929252875
990.0,0.02346092654800489
991.0,0.02316749221847717
992.0,0.022924926302131395
993.0,0.022788961935413167
994.0,0.022729743577453894
995.0,0.022701679894899247
996.0,0.022685840147301052
997.0,0.022682185311255217
998.0,0.022690806447197405
999.0,0.022691878516706183
1000.0,0.022655207900122383
1001.0,0.022563600368023636
1002.0,0.022459848949578955
1003.0,0.022459737589941832
1004.0,0.0226737836001372
1005.0,0.023122416790822338
1006.0,0.023687177665995436
1007.0,0.02416133574777774
1008.0,0.02439132892873306
1009.0,0.024374697284297343
1010.0,0.024202903880744732
1011.0,0.02395222640533682
1012.0,0.02365238294763223
1013.0,0.023304383999530894
1014.0,0.022960146648079584
1015.0,0.022732242059793024
1016.0,0.02269630583051275
1017.0,0.02282906822937742
1018.0,0.023033278343381848
1019.0,0.0232051483656422
1020.0,0.02328885812763091
1021.0,0.02330245182002106
1022.0,0.023310889163418398
1023.0,0.02337929717814747
1024.0,0.023542114778299324
1025.0,0.02376331906928248
1026.0,0.02393154260122466
1027.0,0.023934316206100904
1028.0,0.023739695728657202
1029.0,0.023415238465928474
1030.0,0.02307432636318544
1031.0,0.022805317643652352
1032.0,0.022626438339830364
1033.0,0.022515700161530712
1034.0,0.02246719365750078
1035.0,0.022484767029687693
1036.0,0.02256549031269462
1037.0,0.022701852645942884
1038.0,0.022886676447661465
1039.0,0.023114444044567424
1040.0,0.023376390227881218
1041.0,0.02364438329067054
1042.0,0.023878155804780428
1043.0,0.02406297654790613
1044.0,0.024200077225508855
1045.0,0.024239077132467042
1046.0,0.02408827440300835
1047.0,0.0236942427967406
1048.0,0.02311461755431874
1049.0,0.022533038781292515
1050.0,0.02214626791454955
1051.0,0.022021439099485347
1052.0,0.02208688015191882
1053.0,0.022247530289071484
1054.0,0.022450973819197202
1055.0,0.022691409077561626
1056.0,0.0229393921330246
1057.0,0.02307769828361767
1058.0,0.02298964714595115
1059.0,0.022667236956049615
1060.0,0.02223561405054223
1061.0,0.021880038409549975
1062.0,0.02172526258674618
1063.0,0.0217641099345399
1064.0,0.021915754558637986
1065.0,0.022121074482294507
1066.0,0.0223581749667296
1067.0,0.022619626344078943
1068.0,0.02284955407624279
1069.0,0.022945320208918575
1070.0,0.02284513858929555
1071.0,0.022596531839960195
1072.0,0.02236228607366248
1073.0,0.02232243117326472
1074.0,0.022551277842671864
1075.0,0.022954929967957956
1076.0,0.02331756194841115
1077.0,0.023444446143688964
1078.0,0.023284375698004185
1079.0,0.022962988790340096
1080.0,0.022694983941506493
1081.0,0.02264202147295475
1082.0,0.022820569531134684
1083.0,0.023108708221267295
1084.0,0.02334971339292472
1085.0,0.02344552379304838
1086.0,0.023397512600021993
1087.0,0.023285399544000503
1088.0,0.023195196826460325
1089.0,0.023176439449618565
1090.0,0.023222452029400854
1091.0,0.023257793374539378
1092.0,0.023181050541755573
1093.0,0.02294449957385692
1094.0,0.02260451211189244
1095.0,0.022317038223643927
1096.0,0.022244097170262052
1097.0,0.022432731078319675
1098.0,0.022782712845853433
1099.0,0.02313398592396263
1100.0,0.023375719963214976
1101.0,0.023486505605176324
1102.0,0.023514427841564357
1103.0,0.023504780254741738
1104.0,0.023470488207536923
1105.0,0.02341926539828424
1106.0,0.02336222115175405
1107.0,0.023309738485472194
1108.0,0.023270465449543927
1109.0,0.0232518927124521
1110.0,0.02324691434838192
1111.0,0.023227014174889933
1112.0,0.023169613734196688
1113.0,0.023087271088753865
1114.0,0.023058059487532125
1115.0,0.023203017495080865
1116.0,0.023568652387660267
1117.0,0.024059477270423714
1118.0,0.024489939947079604
1119.0,0.02470571392964272
1120.0,0.02468111793265821
1121.0,0.024528983984580317
1122.0,0.024420025600297192
1123.0,0.024465215160004
1124.0,0.024665975460220986
1125.0,0.024920135791908278
1126.0,0.02506741364818408
1127.0,0.02499972256397421
1128.0,0.02474711030100305
1129.0,0.02446822178555514
1130.0,0.024355720368832913
1131.0,0.024501679101203662
1132.0,0.02483366212873573
1133.0,0.025168384012508545
1134.0,0.025341547610385352
1135.0,0.025307323457680532
1136.0,0.025140208956604855
1137.0,0.02497348018564039
1138.0,0.02490541086650417
1139.0,0.024949040499959087
1140.0,0.025048667606950882
1141.0,0.02513319241276766
1142.0,0.025173536556129673
1143.0,0.025177780761350695
1144.0,0.02515778111954573
1145.0,0.02510121145261563
1146.0,0.024974562092908
1147.0,0.024784626542775808
1148.0,0.024601923643741426
1149.0,0.02451359266823145
1150.0,0.024560913911707984
1151.0,0.024707438289582308
1152.0,0.024869735022479668
1153.0,0.024993188590791228
1154.0,0.025078586663751935
1155.0,0.025131140444263685
1156.0,0.025134316479402848
1157.0,0.0250618821019166
1158.0,0.024907787819111578
1159.0,0.02471137723023612
1160.0,0.024528928185261097
1161.0,0.024382248948837178
1162.0,0.024266463422823577
1163.0,0.024191191727102553
1164.0,0.02417752114595135
1165.0,0.024236498467082042
1166.0,0.024360252314525217
1167.0,0.024528038327297975
1168.0,0.024727908917550064
1169.0,0.024966776074666304
1170.0,0.025225789586057763
1171.0,0.025437201347272627
1172.0,0.02552756731065651
1173.0,0.02547359138923761
1174.0,0.02533894537917459
1175.0,0.02524385895694787
1176.0,0.02528839399466746
1177.0,0.025474754668500806
1178.0,0.025676841814458902
1179.0,0.025716448368388052
1180.0,0.0254869301022081
1181.0,0.025038421501440818
1182.0,0.024559774228281213
1183.0,0.024253352167076615
1184.0,0.02420376158084101
1185.0,0.02433622407065248
1186.0,0.024497946733976712
1187.0,0.024568708920815037
1188.0,0.024527558895728253
1189.0,0.02443043799470663
1190.0,0.024323947074330395
1191.0,0.024221054024468995
1192.0,0.024121098724739894
1193.0,0.0240648493250075
1194.0,0.02415816386331506
1195.0,0.024466573045468655
1196.0,0.024928217401040627
1197.0,0.02537681011597024
1198.0,0.025644183640082314
1199.0,0.025669263708033414
1200.0,0.02552215053040708
1201.0,0.025298279945600237
1202.0,0.02502734968133525
1203.0,0.02472060901668808
1204.0,0.02441421695411467
1205.0,0.024166178137260873
1206.0,0.02402461683856772
1207.0,0.023981726154975687
1208.0,0.023990460256283604
1209.0,0.02403759746803793
1210.0,0.024144744192359964
1211.0,0.02430112718534127
1212.0,0.024444908826168156
1213.0,0.024494974710873925
1214.0,0.024413011058043825
1215.0,0.024242238367407846
1216.0,0.024085917723621543
1217.0,0.024043832291799634
1218.0,0.02413956352796403
1219.0,0.02430070959415396
1220.0,0.02439759018348859
1221.0,0.02432202495520156
1222.0,0.02407346926117277
1223.0,0.023766836029913398
1224.0,0.02353341023871209
1225.0,0.023417957759365664
1226.0,0.023392200082997867
1227.0,0.023413183361433672
1228.0,0.02345572593012491
1229.0,0.023523927411412078
1230.0,0.023618448095482532
1231.0,0.023723459553543443
1232.0,0.023841167808591447
1233.0,0.02398782242468
1234.0,0.024142238927138827
1235.0,0.0242498059375156
1236.0,0.024282590658693128
1237.0,0.024250342578646576
1238.0,0.024157450925087372
1239.0,0.023986757303825178
1240.0,0.02371104539769977
1241.0,0.023351968006278943
1242.0,0.02302698414751892
1243.0,0.022865641169354363
1244.0,0.022895743994419716
1245.0,0.02306349836302373
1246.0,0.023327249838985827
1247.0,0.02367356750690957
1248.0,0.024092642691117612
1249.0,0.024509025569941813
1250.0,0.0247673115278843
1251.0,0.024769111273322104
1252.0,0.024570665860001527
1253.0,0.024326264790092735
1254.0,0.02416919107927485
1255.0,0.024150252094955048
1256.0,0.024236939790318414
1257.0,0.024381242699358492
1258.0,0.02456987112212678
1259.0,0.024788076733209326
1260.0,0.025013452980854646
1261.0,0.025256021249024117
1262.0,0.025544505746521777
1263.0,0.025869425306750023
1264.0,0.026156736846617616
1265.0,0.026284808009344192
1266.0,0.026182442346280664
1267.0,0.025920319273374494
1268.0,0.02566059726293541
1269.0,0.025522798246454585
1270.0,0.025520579106906173
1271.0,0.025593666304421885
1272.0,0.02568655758179291
1273.0,0.025816227325492262
1274.0,0.025998281131911723
1275.0,0.02615854219394293
1276.0,0.026160955158961864
1277.0,0.0258979707725022
1278.0,0.025419491831961856
1279.0,0.024941374824069558
1280.0,0.02467625496979376
1281.0,0.024677540234301625
1282.0,0.024859616236686304
1283.0,0.025099739393839617
1284.0,0.02531623263802709
1285.0,0.025504321136278436
1286.0,0.025681533025307478
1287.0,0.025848094962502323
1288.0,0.026008029233352
1289.0,0.026160828390165917
1290.0,0.02626892746985473
1291.0,0.02627659863116561
1292.0,0.026157905286457304
1293.0,0.025963939657736974
1294.0,0.025831286750304654
1295.0,0.025885562297032115
1296.0,0.026135389582315184
1297.0,0.02644744575487718
1298.0,0.02662155750234447
1299.0,0.026537519369903638
1300.0,0.02624539006731664
1301.0,0.025893810116367134
1302.0,0.0255869000851855
1303.0,0.025353014164336697
1304.0,0.02518162347257156
1305.0,0.025090862148820413
1306.0,0.02515296836896489
1307.0,0.025385913545521367
1308.0,0.025689248105740754
1309.0,0.02589996020521016
1310.0,0.02590244374844603
1311.0,0.025714969654767016
1312.0,0.025473176889887462
1313.0,0.02531478109077178
1314.0,0.025284736527264713
1315.0,0.02534990599262913
1316.0,0.025441747872744662
1317.0,0.025492626164722067
1318.0,0.025481851126285378
1319.0,0.025449906844328303
1320.0,0.025473928324996183
1321.0,0.025623985859138255
1322.0,0.025901591172818546
1323.0,0.0262177206852948
1324.0,0.02646248855544945
1325.0,0.026597166696112624
1326.0,0.026650156354726666
1327.0,0.026652772837729773
1328.0,0.026621007295033687
1329.0,0.026559378591816736
1330.0,0.026470222966182864
1331.0,0.02636304778539656
1332.0,0.026248129294064677
1333.0,0.026131423424086066
1334.0,0.026026600560819464
1335.0,0.025956673440121376
1336.0,0.025930674418925458
1337.0,0.0259364997248163
1338.0,0.025966842897642985
1339.0,0.02602761664338913
1340.0,0.02610923892685415
1341.0,0.02618506219607796
1342.0,0.026245238475615225
1343.0,0.026298644471232598
1344.0,0.0263423650178917
1345.0,0.02633076180907549
1346.0,0.02616079577018785
1347.0,0.02576865416276187
1348.0,0.025243027640440556
1349.0,0.02478487064041269
1350.0,0.02456892523470964
1351.0,0.0246227924913583
1352.0,0.024814925895859492
1353.0,0.024974759771840417
1354.0,0.0250386326555325
1355.0,0.025029775019618193
1356.0,0.024960536974193183
1357.0,0.02479921982526081
1358.0,0.02449207643406657
1359.0,0.024090564255519788
1360.0,0.02379013753248039
1361.0,0.023774487855868824
1362.0,0.024062036387525264
1363.0,0.024479237950537767
1364.0,0.02477971962893765
1365.0,0.024827170565800256
1366.0,0.024673607911270358
1367.0,0.024439591881959426
1368.0,0.024198943541612984
1369.0,0.023974879096825837
1370.0,0.023786423696257906
1371.0,0.023728633177819
1372.0,0.023910607242626218
1373.0,0.024309033255296007
1374.0,0.024767887194341386
1375.0,0.025123470373514166
1376.0,0.02530279529845298
1377.0,0.02533614674764858
1378.0,0.025300068213794526
1379.0,0.025230404238865724
1380.0,0.02512466415896252
1381.0,0.02498914687449979
1382.0,0.02482231693272661
1383.0,0.024596907671988667
1384.0,0.024313502799538096
1385.0,0.024036632992333933
1386.0,0.023854651411918955
1387.0,0.02381527189720501
1388.0,0.023876110833385623
1389.0,0.023927082861001904
1390.0,0.023887779333274378
1391.0,0.023760391665848785
1392.0,0.023558280358263427
1393.0,0.023259675680595775
1394.0,0.022842140095123226
1395.0,0.022337525261661044
1396.0,0.021883394996325405
1397.0,0.02164673813727943
1398.0,0.021673833823817636
1399.0,0.02187480700969336
1400.0,0.022150745685994885
1401.0,0.02245385545419052
1402.0,0.022759129854652296
1403.0,0.02303025119931331
1404.0,0.023194467667928077
1405.0,0.02320378750450231
1406.0,0.023101349247623672
1407.0,0.02296492447741958
1408.0,0.022814273596582252
1409.0,0.022635792464197772
1410.0,0.0224464030955513
1411.0,0.022323544369808233
1412.0,0.02237585900305894
1413.0,0.022607684490760498
1414.0,0.022865995889124892
1415.0,0.022968455922304322
1416.0,0.022849343966696196
1417.0,0.022587046223116615
1418.0,0.022333714756744234
1419.0,0.02221178025669479
1420.0,0.02223202253654706
1421.0,0.022303551500756254
1422.0,0.022306946404427506
1423.0,0.02216392154881948
1424.0,0.021911096538599094
1425.0,0.02172591305537863
1426.0,0.02179863021875305
1427.0,0.022160205380986668
1428.0,0.022645987352237884
1429.0,0.023013652419459484
1430.0,0.023109621948751748
1431.0,0.022960353387208636
1432.0,0.022713803576757084
1433.0,0.022487319185309065
1434.0,0.022317735938380247
1435.0,0.022193181009357882
1436.0,0.02205194086152975
1437.0,0.021808224250274982
1438.0,0.021444278449256032
1439.0,0.021058912182878496
1440.0,0.02083018471343729
1441.0,0.020902285207798875
1442.0,0.02122767416009933
1443.0,0.02156155647899754
1444.0,0.021651706167866963
1445.0,0.021430733027005225
1446.0,0.02104824821830404
1447.0,0.020748233610807153
1448.0,0.020687764293601835
1449.0,0.020833801464910838
1450.0,0.021033105258924163
1451.0,0.021141125977400366
1452.0,0.021111236566820055
1453.0,0.020984592342396045
1454.0,0.020780942840964656
1455.0,0.020486345441414013
1456.0,0.020120307004750766
1457.0,0.01975667173341733
1458.0,0.019498603090464563
1459.0,0.01939961280113999
1460.0,0.01940942028872366
1461.0,0.019437881125803254
1462.0,0.019454485027572334
1463.0,0.019464760095789922
1464.0,0.019447010856832862
1465.0,0.01934657759994013
1466.0,0.019107466134898186
1467.0,0.018751228770045557
1468.0,0.018396773386772536
1469.0,0.0181797681470448
1470.0,0.01815163406625358
1471.0,0.018226464000131552
1472.0,0.018236391952424734
1473.0,0.01806513446848526
1474.0,0.017731893332510545
1475.0,0.017345330828955723
1476.0,0.017010991834093832
1477.0,0.016767465923502603
1478.0,0.016593296614684755
1479.0,0.016492010220508536
1480.0,0.01649393459312061
1481.0,0.016582613243819398
1482.0,0.016687620765237783
1483.0,0.016733773420289526
1484.0,0.016686947629153355
1485.0,0.01656642806258811
1486.0,0.016398042568400127
1487.0,0.01615629877652346
1488.0,0.015825303919553987
1489.0,0.015474056990808227
1490.0,0.01522458019962248
1491.0,0.015168446309345378
1492.0,0.015264997883165168
1493.0,0.01533699484968444
1494.0,0.015211044905361286
1495.0,0.014851864727637224
1496.0,0.014353779828260343
1497.0,0.013847387026300288
1498.0,0.013414450102444363
1499.0,0.013058095688588327
1500.0,0.012787006248378353
1501.0,0.012648399989917302
1502.0,0.012645913711707854
1503.0,0.01272529383849888
1504.0,0.012851285608769438
1505.0,0.013026496185624147
1506.0,0.013238019266924545
1507.0,0.013416602581171139
1508.0,0.01342880542150035
1509.0,0.013188940070015136
1510.0,0.012783241621165585
1511.0,0.012410089034614321
1512.0,0.012213896956943797
1513.0,0.012195569307191817
1514.0,0.012243260483538482
1515.0,0.012220134578361842
1516.0,0.012060540532320516
1517.0,0.011807866825776375
1518.0,0.011571211580900811
1519.0,0.01143970608905371
1520.0,0.011417163633713378
1521.0,0.011449789124301012
1522.0,0.011489351368983085
1523.0,0.011512164276282644
1524.0,0.011514589000407
1525.0,0.011478615165759043
1526.0,0.011365458400784387
1527.0,0.011162854845838906
1528.0,0.010918091082803345
1529.0,0.010741316423627911
1530.0,0.01073024203272788
1531.0,0.010866215326076234
1532.0,0.010994706392762565
1533.0,0.010894030432464896
1534.0,0.010458823979016877
1535.0,0.009848488195697565
1536.0,0.009381100227869199
1537.0,0.009281140179672936
1538.0,0.009502434453017024
1539.0,0.009755191513006703
1540.0,0.00972970228598231
1541.0,0.009333847079743062
1542.0,0.00873360782133678
1543.0,0.008195984313396663
1544.0,0.007897735832213917
1545.0,0.007815069992929202
1546.0,0.0078007213789817315
1547.0,0.00774319529622039
1548.0,0.0076121176404237555
1549.0,0.007439720060759145
1550.0,0.007266738584828411
1551.0,0.007097873420621792
1552.0,0.006933752332651085
1553.0,0.0067984353920850435
1554.0,0.006734013054671032
1555.0,0.006767957454657596
1556.0,0.006865285469431531
1557.0,0.006946216179803793
1558.0,0.006965482310414424
1559.0,0.006928389209657488
1560.0,0.006825378829805646
1561.0,0.006621763058968562
1562.0,0.006297634143978428
1563.0,0.005899834496813746
1564.0,0.005565395247634556
1565.0,0.005417829205355704
1566.0,0.00544599441802569
1567.0,0.005521973479288827
1568.0,0.0055166790087427964
1569.0,0.005379356378055707
1570.0,0.005147744485503092
1571.0,0.004895503021954264
1572.0,0.004658737955779988
1573.0,0.004434120487736386
1574.0,0.004207805434304369
1575.0,0.003962596513700605
1576.0,0.003688011756036249
1577.0,0.0033967122284154112
1578.0,0.0031228420199148274
1579.0,0.0029019744327469094
1580.0,0.0027403673240631865
1581.0,0.0025838654150145274
1582.0,0.0023481376528283818
1583.0,0.0019966024709455778
1584.0,0.0015857761695741192
1585.0,0.0012472851033175913
1586.0,0.0010941556426483957
1587.0,0.001121719919112106
1588.0,0.0012244191600560249
1589.0,0.0013138470674421733
1590.0,0.0013654801513135056
1591.0,0.0013764522004151014
1592.0,0.001357124286461217
1593.0,0.001337094666902145
1594.0,0.0013157544016086098
1595.0,0.0012220175421539976
1596.0,0.0009735388288132224
1597.0,0.0005654169606456455
1598.0,0.0
1599.0,0.0
