0.0,0.0
1.0,0.0
2.0,0.0
3.0,0.0
4.0,0.0
5.0,0.0
6.0,0.0
7.0,0.0
8.0,0.0
9.0,0.0
10.0,0.0
11.0,0.0
12.0,0.0
13.0,0.0
14.0,0.0
15.0,0.0
16.0,0.0
17.0,0.0
18.0,0.0
19.0,0.0
20.0,0.0
21.0,0.0
22.0,0.0
23.0,0.0
24.0,0.0
25.0,0.0
26.0,0.0
27.0,0.0
28.0,0.0
29.0,0.0
30.0,0.0
31.0,0.0
32.0,0.0
33.0,0.0
34.0,0.0
35.0,0.0
36.0,0.0
37.0,0.0
38.0,0.0
39.0,0.0
40.0,0.0
41.0,0.0
42.0,0.0
43.0,0.0
44.0,0.0
45.0,0.0
46.0,0.0
47.0,0.0
48.0,0.0
49.0,0.0
50.0,0.0
51.0,0.0
52.0,0.0
53.0,0.0
54.0,0.0
55.0,0.0
56.0,0.0
57.0,0.0
58.0,0.0
59.0,0.0
60.0,0.0
61.0,0.0
62.0,0.0
63.0,0.0
64.0,0.0
65.0,0.0
66.0,0.0
67.0,0.0
68.0,0.0
69.0,0.0
70.0,0.0
71.0,0.0
72.0,0.0
73.0,0.0
74.0,0.0
75.0,0.0
76.0,0.0
77.0,0.0
78.0,0.0
79.0,0.0
80.0,0.0
81.0,0.0
82.0,0.0
83.0,0.0
84.0,0.0
85.0,0.0
86.0,0.0144798166497494
87.0,0.014018905770391901
88.0,0.013639673740361541
89.0,0.013351382247077617
90.0,0.013122732246373767
91.0,0.012929447500740557
92.0,0.012728109915533206
93.0,0.012466147882142703
94.0,0.012130903302734017
95.0,0.011770342040487464
96.0,0.011471821835067314
97.0,0.011300768310212192
98.0,0.011235995998505985
99.0,0.011213252001421842
100.0,0.011258050144729637
101.0,0.011489996417239592
102.0,0.01200100261098834
103.0,0.012780052743697354
104.0,0.013726587438452731
105.0,0.014788738414708555
106.0,0.016099224012512
107.0,0.01792043842572133
108.0,0.020474441973690166
109.0,0.023847806815161465
110.0,0.028008875540658715
111.0,0.03280788923625075
112.0,0.038041303505891765
113.0,0.04362875512672951
114.0,0.04968851122752561
115.0,0.05629978124317073
116.0,0.06331201515621615
117.0,0.07051626986825957
118.0,0.07784528047563449
119.0,0.08537149093742777
120.0,0.09318495890788649
121.0,0.10121413963941692
122.0,0.10922016184282476
123.0,0.11703749632319903
124.0,0.12467192205013274
125.0,0.13211586470257983
126.0,0.13933086989168997
127.0,0.1464753562580196
128.0,0.15361915857288655
129.0,0.16016972377790795
130.0,0.16517510232038077
131.0,0.16814081986432947
132.0,0.16939312815043653
133.0,0.169774657618961
134.0,0.17016399944022936
135.0,0.1710798278464771
136.0,0.1724741816447362
137.0,0.17392063726762247
138.0,0.17498862700977308
139.0,0.17557030153322212
140.0,0.17575732595842242
141.0,0.1755720900951212
142.0,0.1750506936819001
143.0,0.1743092783771568
144.0,0.1733391692737171
145.0,0.17194671119560234
146.0,0.17006909559627997
147.0,0.16793637123889138
148.0,0.16582862293151912
149.0,0.16388489799461137
150.0,0.16221518925577905
151.0,0.1609111259244725
152.0,0.15989343490077143
153.0,0.15893859145497546
154.0,0.1578657336161734
155.0,0.1566203731187665
156.0,0.15518490332201457
157.0,0.15358103451450084
158.0,0.15192660918512166
159.0,0.15040625033235652
160.0,0.1491958111502935
161.0,0.14835487761228022
162.0,0.1477900855444816
163.0,0.1473165422404785
164.0,0.1467750327417395
165.0,0.14606410569007366
166.0,0.14511953963917576
167.0,0.14396300292947695
168.0,0.14270205532232327
169.0,0.14144463273907265
170.0,0.14022009881686473
171.0,0.13900315756975795
172.0,0.1377741446587697
173.0,0.1365495779127246
174.0,0.13538849321006932
175.0,0.13437549681115163
176.0,0.13357289549119228
177.0,0.13297034752497106
178.0,0.1324854502030888
179.0,0.13201279023606208
180.0,0.13149061332389947
181.0,0.13093493768621522
182.0,0.13038851127454226
183.0,0.12982105033103183
184.0,0.1291362158512529
185.0,0.12826830577832948
186.0,0.12718784774079986
187.0,0.1258385217773075
188.0,0.12421813849208947
189.0,0.12247231841218684
190.0,0.1207504169673946
191.0,0.11902722352903973
192.0,0.11722297558264752
193.0,0.11538916445827639
194.0,0.1136246210172577
195.0,0.11195507512750517
196.0,0.11047086681328483
197.0,0.10938489293508855
198.0,0.10873428072570769
199.0,0.10824380206476047
200.0,0.10760974170107508
201.0,0.10674185179614906
202.0,0.10564698706621764
203.0,0.10433626799979955
204.0,0.10291132564791874
205.0,0.10155445831804276
206.0,0.10043010150768342
207.0,0.09960241690412489
208.0,0.09903693107232542
209.0,0.09864601063231007
210.0,0.09834609036424229
211.0,0.09809773917055181
212.0,0.09789678062036992
213.0,0.0977515153775706
214.0,0.09765655806747726
215.0,0.09759771387282706
216.0,0.09757342794322081
217.0,0.0975916740313389
218.0,0.09765561823954487
219.0,0.09775932786432343
220.0,0.09788925900179324
221.0,0.09800263994099764
222.0,0.09802956613972236
223.0,0.09794542098970929
224.0,0.09781103943993624
225.0,0.09772201505183219
226.0,0.09774422525722404
227.0,0.0979237634151021
228.0,0.09828997373325574
229.0,0.09881532447302727
230.0,0.09942457445087685
231.0,0.10005421730653397
232.0,0.10068578616070567
233.0,0.1013144177844299
234.0,0.10193386699054617
235.0,0.10255280248570682
236.0,0.10318869916884604
237.0,0.10384651174418887
238.0,0.1045231697841076
239.0,0.10523117561494624
240.0,0.105982693894878
241.0,0.10675608969209481
242.0,0.10757147403929841
243.0,0.10857119884470487
244.0,0.10981381859242048
245.0,0.11107616284562646
246.0,0.11207693853042056
247.0,0.11277053819187177
248.0,0.11323433482866635
249.0,0.11345510862641822
250.0,0.11338777799278069
251.0,0.11301733839042435
252.0,0.11218319295406176
253.0,0.11058488205323835
254.0,0.10819015563427845
255.0,0.10538136541009585
256.0,0.10258466602032382
257.0,0.09998997010259522
258.0,0.09771823028155135
259.0,0.09587392004433554
260.0,0.09437397654107213
261.0,0.09299109255811602
262.0,0.0915756788941419
263.0,0.09014815691759631
264.0,0.08879397435532992
265.0,0.08757531132207355
266.0,0.08650140453181576
267.0,0.0855887310984363
268.0,0.08495322726499686
269.0,0.08468254531638283
270.0,0.08466913943136226
271.0,0.08470338087603665
272.0,0.08466866453084732
273.0,0.08452690407785562
274.0,0.08422699176802523
275.0,0.08378402185745376
276.0,0.083326859807281
277.0,0.08298817565547109
278.0,0.08279827205208902
279.0,0.08272567555576572
280.0,0.08275053114481809
281.0,0.0828709251808095
282.0,0.0831000966374914
283.0,0.08346483457143428
284.0,0.08398968318598221
285.0,0.08467447522873833
286.0,0.08550082512671842
287.0,0.08646938581818411
288.0,0.08760806283596881
289.0,0.0889464849669501
290.0,0.09046808551125216
291.0,0.09207336378461711
292.0,0.09364720146366473
293.0,0.09516826906629142
294.0,0.09668199573144876
295.0,0.09818677706248771
296.0,0.09963310060495059
297.0,0.10099013533454673
298.0,0.10219217934222505
299.0,0.10308472172983024
300.0,0.10362135107654905
301.0,0.1040103575402446
302.0,0.10451419713210669
303.0,0.10520632953863973
304.0,0.10601982266479115
305.0,0.10690209857930782
306.0,0.10790386263922588
307.0,0.10915520813684731
308.0,0.11065570425550117
309.0,0.11223586720974357
310.0,0.11384660247281225
311.0,0.11570207684492498
312.0,0.11810022614669166
313.0,0.12127585637968644
314.0,0.12547410648735194
315.0,0.13077522768934596
316.0,0.1367505624359279
317.0,0.14280260615055226
318.0,0.14890593534830435
319.0,0.1555217708707642
320.0,0.16288001278479775
321.0,0.1706002058747403
322.0,0.17784946500791518
323.0,0.1836884889439259
324.0,0.18742274302850265
325.0,0.18900172623657924
326.0,0.18900620056399287
327.0,0.18797868900770687
328.0,0.18579057868328885
329.0,0.1819553940544059
330.0,0.17625746257490862
331.0,0.16900768215112594
332.0,0.16090546411381176
333.0,0.15264335160922587
334.0,0.14455355864708513
335.0,0.13667272245678458
336.0,0.1289740162723381
337.0,0.12152174805528124
338.0,0.11450544857117304
339.0,0.10806206325447215
340.0,0.10219435313666891
341.0,0.09687763606762101
342.0,0.09211999707514495
343.0,0.08792317835201505
344.0,0.08427576000532463
345.0,0.08117931559577629
346.0,0.07860694162877752
347.0,0.07643567768482251
348.0,0.07457649086258752
349.0,0.07315118556772579
350.0,0.07229058068375971
351.0,0.07183872834398766
352.0,0.07145687217570701
353.0,0.07090747423219723
354.0,0.07007225219373331
355.0,0.06886035691690756
356.0,0.06733717583001142
357.0,0.06576634634117376
358.0,0.06441846313149655
359.0,0.063386185957734
360.0,0.06263450726398263
361.0,0.06211411970108542
362.0,0.06176279356020975
363.0,0.061526711830478226
364.0,0.06140595509305813
365.0,0.06144194796001244
366.0,0.06163676102183557
367.0,0.06193039214305825
368.0,0.062269349653920295
369.0,0.06263919582186847
370.0,0.06303049239145227
371.0,0.06343606733975803
372.0,0.06387484142652969
373.0,0.06439670082050022
374.0,0.06506865100714991
375.0,0.06593546667171246
376.0,0.06699089770796374
377.0,0.06819805778565852
378.0,0.06953593284729451
379.0,0.07096090098124508
380.0,0.07236688118092
381.0,0.07373295915988609
382.0,0.07523062960938706
383.0,0.07707601441260781
384.0,0.07934911047776486
385.0,0.08203187872038864
386.0,0.08510739251261074
387.0,0.08854025288658884
388.0,0.09231670615066273
389.0,0.09666240241603397
390.0,0.1019483756763494
391.0,0.10812463927834387
392.0,0.11466773117347612
393.0,0.12128753786223942
394.0,0.12821990124462052
395.0,0.13578233206699603
396.0,0.14395268020747723
397.0,0.15230516482057946
398.0,0.16006803469982364
399.0,0.16625596121467254
400.0,0.17022417248307298
401.0,0.17212827252065827
402.0,0.17266009645432875
403.0,0.17233941334729538
404.0,0.1710558593998313
405.0,0.16813613726573137
406.0,0.16315551658969896
407.0,0.15664351669617044
408.0,0.14960775045747504
409.0,0.1426559262465448
410.0,0.13598054566139034
411.0,0.12967705933390902
412.0,0.12371943793477835
413.0,0.11800246751409471
414.0,0.11253760500041454
415.0,0.10752530225414247
416.0,0.10314048196144471
417.0,0.09937316043034461
418.0,0.09611750005706321
419.0,0.09328525684287317
420.0,0.09082218733408987
421.0,0.0886913592917879
422.0,0.08681853364542186
423.0,0.08511070738419929
424.0,0.08354204624077624
425.0,0.08214750785203476
426.0,0.08093399845445662
427.0,0.07986448627713758
428.0,0.07891338084837735
429.0,0.07804774514500712
430.0,0.07717788605629289
431.0,0.07623234407916607
432.0,0.07525048216122465
433.0,0.07435382846914798
434.0,0.07365032518297443
435.0,0.07321020257337885
436.0,0.07307822337554781
437.0,0.07323804300629477
438.0,0.07361831788587014
439.0,0.07419529149805199
440.0,0.07503872085885332
441.0,0.07616471024874982
442.0,0.07744393968081009
443.0,0.07870352760280497
444.0,0.0798277270889341
445.0,0.0807231817110568
446.0,0.08130097813850534
447.0,0.0815117348784056
448.0,0.08135095278192314
449.0,0.08083010768152038
450.0,0.07996475026407124
451.0,0.07879344124623547
452.0,0.0773764824514801
453.0,0.07577943585127203
454.0,0.07405409699426166
455.0,0.07223036857596749
456.0,0.07034350866120923
457.0,0.06846929667874077
458.0,0.06667285593355463
459.0,0.06494317490889939
460.0,0.06323164637602977
461.0,0.06152889401786438
462.0,0.05986023261433032
463.0,0.05824876033384524
464.0,0.056734429110030266
465.0,0.05537908390259966
466.0,0.05419017026303882
467.0,0.0530849442188287
468.0,0.05195878403475665
469.0,0.05075611480521633
470.0,0.04944277944681763
471.0,0.048006447158245424
472.0,0.046547676304662985
473.0,0.04526568352342451
474.0,0.04433794044861179
475.0,0.043807143778805055
476.0,0.04356368349223756
477.0,0.04342162196464061
478.0,0.04322735548023425
479.0,0.042924873509116404
480.0,0.04251926579722276
481.0,0.04205690231166852
482.0,0.0416176540521658
483.0,0.041282699010848384
484.0,0.04110784326443341
485.0,0.04109828434178017
486.0,0.04121395066163373
487.0,0.04140605182721491
488.0,0.041655614596788015
489.0,0.04194416332676376
490.0,0.04221877119538764
491.0,0.04244117139990353
492.0,0.04263095364172993
493.0,0.04283573991565909
494.0,0.043085106882821994
495.0,0.04339135308545139
496.0,0.04375855631382172
497.0,0.044179051081387144
498.0,0.04463778035603669
499.0,0.04512193893201724
500.0,0.045622215857772624
501.0,0.04611840216959384
502.0,0.04657731466365614
503.0,0.04696450766883392
504.0,0.04726222599671076
505.0,0.04747657665778915
506.0,0.047657704023911146
507.0,0.04791826127763818
508.0,0.048363681408221726
509.0,0.049001736255987166
510.0,0.04976567182186259
511.0,0.05061374336183677
512.0,0.05153797551893691
513.0,0.052518553744851454
514.0,0.05356577063452217
515.0,0.05475876295155674
516.0,0.05614396549547468
517.0,0.05764727049100846
518.0,0.05916709169437742
519.0,0.06068552147884104
520.0,0.062212994139347805
521.0,0.06371850956831818
522.0,0.0651661884900657
523.0,0.06654888389629943
524.0,0.06786507200441114
525.0,0.06910080760912787
526.0,0.0702439973270968
527.0,0.07129619810445256
528.0,0.07227367182050926
529.0,0.07319224221895584
530.0,0.07404702454564602
531.0,0.07479965695974522
532.0,0.07538180883442014
533.0,0.07571997018872814
534.0,0.0757582376075932
535.0,0.07549645725546433
536.0,0.07500608930478755
537.0,0.0743815940173514
538.0,0.0736720244104963
539.0,0.07286383591749448
540.0,0.0719170654201508
541.0,0.07079354919043307
542.0,0.06947358273262763
543.0,0.06793590702532498
544.0,0.0661409461164073
545.0,0.06410767535509676
546.0,0.061951381874727623
547.0,0.059789583500616666
548.0,0.05765773317563447
549.0,0.05556815415454952
550.0,0.05356256591599323
551.0,0.051654619941187724
552.0,0.04980229302879041
553.0,0.04794647983413508
554.0,0.046061622911409084
555.0,0.044180102778432845
556.0,0.042363337163714654
557.0,0.04063194964312675
558.0,0.03896607653288789
559.0,0.03738222458543547
560.0,0.03595137283237587
561.0,0.03475281422288218
562.0,0.03382233835781609
563.0,0.03313347165422724
564.0,0.032611433073189755
565.0,0.03217487275311895
566.0,0.03175900547800467
567.0,0.031315658505687835
568.0,0.030915044957058158
569.0,0.030786969181920767
570.0,0.031068110700738366
571.0,0.03159692770267994
572.0,0.03209866116217297
573.0,0.03244446702250034
574.0,0.032580440849066084
575.0,0.0324248163831683
576.0,0.03197633615659701
577.0,0.03136222451640011
578.0,0.030754509529003604
579.0,0.030255691183283834
580.0,0.02985274100549333
581.0,0.02944098765622119
582.0,0.028892189142675648
583.0,0.028126731288892218
584.0,0.02711719474261781
585.0,0.025901274791424178
586.0,0.024594586339443752
587.0,0.023351851265674017
588.0,0.02231514830845252
589.0,0.021539114908285015
590.0,0.020963013642431888
591.0,0.020463164828109795
592.0,0.019945834509290397
593.0,0.019371053559270796
594.0,0.018716189541032047
595.0,0.017996140777024675
596.0,0.017275536097519334
597.0,0.016616504037905294
598.0,0.01602685100307849
599.0,0.015481142170717999
600.0,0.01496275825389573
601.0,0.014446580205404791
602.0,0.01389113363003551
603.0,0.013276615810974668
604.0,0.012631461902160288
605.0,0.012027455849926788
606.0,0.011551166566681023
607.0,0.01128831685477491
608.0,0.011289303576595286
609.0,0.011531733199892771
610.0,0.011930763570541639
611.0,0.01238262908340132
612.0,0.012836599607308596
613.0,0.013344422391143196
614.0,0.01398112213808414
615.0,0.014700762150385793
616.0,0.015359120977196827
617.0,0.015862002544276943
618.0,0.01618779266412107
619.0,0.016309398181007517
620.0,0.016213698879525104
621.0,0.015946186780405908
622.0,0.015604027507872417
623.0,0.01529154865592855
624.0,0.01506605750208212
625.0,0.01491660779508859
626.0,0.014784681415379156
627.0,0.014614018879698792
628.0,0.014370561242696742
629.0,0.014053313105746687
630.0,0.013721753727940364
631.0,0.013474920937314241
632.0,0.013380894170216234
633.0,0.013443750818095693
634.0,0.013660098539441043
635.0,0.014052727458695444
636.0,0.01463118810137086
637.0,0.015386365528783821
638.0,0.016331988380721085
639.0,0.01750151428458266
640.0,0.01890415331487172
641.0,0.02049319111209072
642.0,0.02216732901997967
643.0,0.023833324605091577
644.0,0.02547441422160196
645.0,0.027146145576830205
646.0,0.028911155501486818
647.0,0.030799890398772373
648.0,0.032808815619433496
649.0,0.034938221559577376
650.0,0.03722622916662019
651.0,0.0396373272746077
652.0,0.04200132535495954
653.0,0.04427314701662266
654.0,0.046697847326389375
655.0,0.04952157116291733
656.0,0.052754449815971716
657.0,0.056452011426653875
658.0,0.060864155143176946
659.0,0.0660821857888022
660.0,0.07183944635617656
661.0,0.07766959204415802
662.0,0.0832641447388377
663.0,0.08879631383728948
664.0,0.09482707216051342
665.0,0.10184363559329673
666.0,0.10988217145565177
667.0,0.11848517456107985
668.0,0.12740516389364143
669.0,0.13753081242530574
670.0,0.15009113300829252
671.0,0.16498660597584203
672.0,0.18154867571301647
673.0,0.20046135438278356
674.0,0.22297082551510683
675.0,0.2490759318001267
676.0,0.2794464415234239
677.0,0.31740887184398003
678.0,0.36410651561468294
679.0,0.4148597482538015
680.0,0.4660959599672559
681.0,0.5210768761924176
682.0,0.582463069541878
683.0,0.6459648960517246
684.0,0.7054390312804204
685.0,0.7583467751267914
686.0,0.8042938849576482
687.0,0.8426737435070544
688.0,0.8722315606160462
689.0,0.8906097773057646
690.0,0.8936809937825869
691.0,0.8780005992288813
692.0,0.8451625614862917
693.0,0.8012761626031648
694.0,0.7519165588018977
695.0,0.6991711414253288
696.0,0.6427801789703873
697.0,0.582829348585072
698.0,0.5222103804910961
699.0,0.4651443921814256
700.0,0.4137423023763706
701.0,0.3677402292148404
702.0,0.3265448624963396
703.0,0.28966528779102346
704.0,0.25655079546687376
705.0,0.22729353949432796
706.0,0.20287276054645154
707.0,0.18343461619830564
708.0,0.16725231715160233
709.0,0.15271969148993947
710.0,0.14002417392820013
711.0,0.12978914325157695
712.0,0.12165724931584274
713.0,0.11470459117797016
714.0,0.10812333096005916
715.0,0.10142870553594474
716.0,0.09451851572494141
717.0,0.08755772422964009
718.0,0.08075335316704663
719.0,0.0742377735038815
720.0,0.06802106315950474
721.0,0.06207135999124311
722.0,0.056393645869552284
723.0,0.051051301538798
724.0,0.04617092120242555
725.0,0.0419211701494791
726.0,0.038371645455914594
727.0,0.03538011634295879
728.0,0.03275765882466705
729.0,0.03050722517961893
730.0,0.028742962084478962
731.0,0.027481450962666076
732.0,0.026579851774726215
733.0,0.025803614708739542
734.0,0.024944431025617442
735.0,0.02391852679300993
736.0,0.022777195197744432
737.0,0.02163084277217686
738.0,0.02057707255145752
739.0,0.019649248270610375
740.0,0.018847960845071537
741.0,0.018174369420750097
742.0,0.01760672014205475
743.0,0.017121789830934347
744.0,0.01677108973226818
745.0,0.016641298982264408
746.0,0.016704033582713468
747.0,0.016815832209540915
748.0,0.016873183933038716
749.0,0.016867000888339728
750.0,0.016804613765050103
751.0,0.016691026236923312
752.0,0.01655628380620139
753.0,0.016445910425050475
754.0,0.016394952221472886
755.0,0.016406980735083843
756.0,0.016454965952593298
757.0,0.016496486725197157
758.0,0.016496846972283652
759.0,0.01644262258988924
760.0,0.01633977703232109
761.0,0.016206254523138147
762.0,0.016065546760616334
763.0,0.015989780870664605
764.0,0.016087807972557322
765.0,0.01636595069268068
766.0,0.01668106354186949
767.0,0.01687869201389086
768.0,0.016906224536317682
769.0,0.016759146094965482
770.0,0.01644187835597416
771.0,0.016008196493019544
772.0,0.01553852554228094
773.0,0.015066216783204689
774.0,0.014570091991522621
775.0,0.014043389499488357
776.0,0.013510775302358474
777.0,0.012987728389978817
778.0,0.012470402300698166
779.0,0.011953267876264745
780.0,0.011436933989148898
781.0,0.010926111366271862
782.0,0.010441301056340127
783.0,0.010024729055263013
784.0,0.009697037835986522
785.0,0.009421948159454449
786.0,0.009134861946636236
787.0,0.00879343959525769
788.0,0.008384731142623725
789.0,0.007913663737268428
790.0,0.007416685569687068
791.0,0.006954975322357337
792.0,0.006587201031905035
793.0,0.0063403751803959435
794.0,0.006195764783841692
795.0,0.006108802604972319
796.0,0.0060497892308788714
797.0,0.006025731383454608
798.0,0.006060231000560273
799.0,0.006159034787654491
800.0,0.0062885722383989595
801.0,0.006369884168651793
802.0,0.006285863849227927
803.0,0.005966979902638739
804.0,0.0054814805050893145
805.0,0.004987338921379217
806.0,0.004597186227606742
807.0,0.004332843133161707
808.0,0.004177450558147999
809.0,0.0040909422546199226
810.0,0.004017414750021625
811.0,0.003899201977349942
812.0,0.003690316710280625
813.0,0.003392788340606273
814.0,0.003063477949108051
815.0,0.002770161209619787
816.0,0.0025431694761778867
817.0,0.002384196008945738
818.0,0.002289834837075247
819.0,0.002242971963692761
820.0,0.0022153470568578026
821.0,0.002186293737978462
822.0,0.00215278340336654
823.0,0.002116653820337322
824.0,0.002078934903496782
825.0,0.0020550837026354074
826.0,0.0020646223508407613
827.0,0.0020984636559034098
828.0,0.0021203018861054856
829.0,0.002101516499597375
830.0,0.0020355112953239496
831.0,0.0019219175992702814
832.0,0.001768663221532324
833.0,0.0016028846655754964
834.0,0.0014460154531582003
835.0,0.0012834298397853966
836.0,0.001083377044851272
837.0,0.0008360221260506062
838.0,0.0005614069462225868
839.0,0.0002945992773987077
840.0,0.0001160165707209948
841.0,0.00014876497830842994
842.0,0.000419056253112865
843.0,0.0007846214899214499
844.0,0.0010616818932880911
845.0,0.0011715219713633457
846.0,0.0011292587383030656
847.0,0.0009858235989456676
848.0,0.0008176093761132208
849.0,0.0006943086165374229
850.0,0.0006484673875073454
851.0,0.0006688467368178852
852.0,0.0007234138549342267
853.0,0.0007844833316084932
854.0,0.000829134892248895
855.0,0.0008511782631140802
856.0,0.0008754118576550646
857.0,0.0009334664728997827
858.0,0.0010208868100907292
859.0,0.0011209416410868644
860.0,0.001266032407639936
861.0,0.001489558338602509
862.0,0.0017415873756676387
863.0,0.0019272409110533406
864.0,0.0019973415941899053
865.0,0.0019338991566511254
866.0,0.0016991540194350174
867.0,0.001304690472211295
868.0,0.0008595123761173384
869.0,0.000486345063091434
870.0,0.00022906532609141828
871.0,7.247800211557243e-05
872.0,0.0
873.0,1.2702267098568809e-05
874.0,0.00013058186462309995
875.0,0.0003708401472559131
876.0,0.0007242547933566656
877.0,0.0011454294008740318
878.0,0.0015646213811820048
879.0,0.0019058417729143073
880.0,0.0021239014588166905
881.0,0.002234724994648579
882.0,0.0022956391611355514
883.0,0.0023488253667589276
884.0,0.0024094758278979805
885.0,0.0025057754794478027
886.0,0.002666746710685841
887.0,0.0028842157702471533
888.0,0.0031146835205844575
889.0,0.003310808848968408
890.0,0.0034594808288417045
891.0,0.003595393324792362
892.0,0.0037641659652428716
893.0,0.0039763970411669375
894.0,0.004230049440824335
895.0,0.004546871323365953
896.0,0.004955722500696341
897.0,0.005467021982659179
898.0,0.006069436788585986
899.0,0.006739308154669818
900.0,0.007445706933864343
901.0,0.008156534578254923
902.0,0.00882992478874721
903.0,0.00943335552395641
904.0,0.010002197901088306
905.0,0.010627223073876313
906.0,0.011364861842239282
907.0,0.01219957007132702
908.0,0.013100694811126024
909.0,0.014043559593218652
910.0,0.014976207663616181
911.0,0.015839647135277135
912.0,0.016616831161453877
913.0,0.017326029629494977
914.0,0.017973465290398505
915.0,0.018538059076058017
916.0,0.018987851714491105
917.0,0.01928286791274303
918.0,0.019376837970724287
919.0,0.01927625605636757
920.0,0.01907244326893323
921.0,0.018863842384905016
922.0,0.01867320331613323
923.0,0.018497516645608225
924.0,0.018374376267801196
925.0,0.018344126905325886
926.0,0.018408833882130132
927.0,0.01854432605567488
928.0,0.01871932142915117
929.0,0.01888289923686462
930.0,0.01896657309667732
931.0,0.018895219952178854
932.0,0.018624028948872662
933.0,0.01818444897144536
934.0,0.01767711087599369
935.0,0.017219892018350752
936.0,0.016890684691813568
937.0,0.016715219321791486
938.0,0.016661904012956363
939.0,0.01665411636137573
940.0,0.01661938032161453
941.0,0.016533396461262673
942.0,0.016420313230507855
943.0,0.01631289433262606
944.0,0.016225169784725768
945.0,0.016146626121292085
946.0,0.016044001866936053
947.0,0.01587847851860255
948.0,0.01565136316802007
949.0,0.015421074557484232
950.0,0.01524101997688293
951.0,0.015106841409839866
952.0,0.01500707103052723
953.0,0.01497531966201232
954.0,0.01507263647143875
955.0,0.015350917043849
956.0,0.01583600598953197
957.0,0.01651252713299267
958.0,0.017305390849616215
959.0,0.018099728528093134
960.0,0.018773256990329057
961.0,0.019262254967391812
962.0,0.019620416847804467
963.0,0.01995070124842724
964.0,0.02025140258628716
965.0,0.02047199017132839
966.0,0.0207192123981296
967.0,0.021199942703424235
968.0,0.022001900427499665
969.0,0.023086690586273745
970.0,0.024434321207540632
971.0,0.026006228747436272
972.0,0.02766193960281893
973.0,0.02921922968150359
974.0,0.030557678971946972
975.0,0.03164534578997047
976.0,0.03250861310945019
977.0,0.033274156676472766
978.0,0.03414476801650068
979.0,0.035267943808643204
980.0,0.036651709769498275
981.0,0.038236883103489994
982.0,0.0399884965444344
983.0,0.0418685066283124
984.0,0.04384363858959611
985.0,0.04596108741613103
986.0,0.0483411120049311
987.0,0.051077010595066086
988.0,0.05417855010619102
989.0,0.057611145300478867
990.0,0.06134540803368446
991.0,0.06537820325628535
992.0,0.06975538617048394
993.0,0.0745755417946832
994.0,0.0799151127574422
995.0,0.08574644921448024
996.0,0.09198153805192119
997.0,0.09858363135756298
998.0,0.1054947203020001
999.0,0.11252741665910077
1000.0,0.11950112899548926
1001.0,0.12640793689367874
1002.0,0.13340992762593487
1003.0,0.1406994486594791
1004.0,0.14828172929993916
1005.0,0.15590828250774008
1006.0,0.16333010618544253
1007.0,0.1705012272315682
1008.0,0.17739045900421913
1009.0,0.18379710361834067
1010.0,0.1893611113708087
1011.0,0.193723436687382
1012.0,0.1967448855256509
1013.0,0.19856763189735904
1014.0,0.19946814627554116
1015.0,0.1996406154074053
1016.0,0.19908662345453443
1017.0,0.19769110308195864
1018.0,0.19543791083826112
1019.0,0.19249268243018125
1020.0,0.18910718892905015
1021.0,0.18542871397831867
1022.0,0.18135795111745007
1023.0,0.1768081641064856
1024.0,0.1720592956873888
1025.0,0.16759076329879324
1026.0,0.16368955970084192
1027.0,0.16044121171899528
1028.0,0.15791522379080603
1029.0,0.15610333247596336
1030.0,0.154865555281113
1031.0,0.1539893540743546
1032.0,0.15331192934552385
1033.0,0.15285720206228043
1034.0,0.15282866017172642
1035.0,0.15341362188967594
1036.0,0.15464092669091856
1037.0,0.1564958692223396
1038.0,0.15901780918915864
1039.0,0.1622480339914742
1040.0,0.16619212149072915
1041.0,0.17083002920711282
1042.0,0.17614134678125576
1043.0,0.1821275677058677
1044.0,0.18880854370773792
1045.0,0.19618495421703336
1046.0,0.2043067607590009
1047.0,0.21338107564669018
1048.0,0.22369014574804286
1049.0,0.2354145639384469
1050.0,0.24860666857378066
1051.0,0.2632957219208115
1052.0,0.2794513642619038
1053.0,0.29693344882518713
1054.0,0.31559127968693595
1055.0,0.3353773057006449
1056.0,0.35627717567743056
1057.0,0.3782150691713805
1058.0,0.40118598503138103
1059.0,0.4253095409604306
1060.0,0.45053185673753376
1061.0,0.4764295246190832
1062.0,0.5022758844420164
1063.0,0.5273759825680464
1064.0,0.5515417411176964
1065.0,0.5749355419801683
1066.0,0.5970544138251381
1067.0,0.6165784343425129
1068.0,0.6324638109935843
1069.0,0.6444672403776166
1070.0,0.6525722086658634
1071.0,0.6567178377515377
1072.0,0.6570190614381453
1073.0,0.653699663143599
1074.0,0.6468444423226718
1075.0,0.6365714778046194
1076.0,0.6233879390894643
1077.0,0.607865075738198
1078.0,0.5900895454127144
1079.0,0.570036123702163
1080.0,0.5482056821702593
1081.0,0.5254250003918043
1082.0,0.5023117473602419
1083.0,0.47911703324210314
1084.0,0.4558946399953767
1085.0,0.4329788303643974
1086.0,0.41116242837731126
1087.0,0.39089514699760136
1088.0,0.37182383497643806
1089.0,0.35351808672329066
1090.0,0.3360886989078713
1091.0,0.3198395427511253
1092.0,0.3049273660488013
1093.0,0.2914834136588828
1094.0,0.27957696072933236
1095.0,0.26895075190202256
1096.0,0.25910714349771
1097.0,0.24969732146198387
1098.0,0.24068566674905206
1099.0,0.23214428422049552
1100.0,0.22419575962440225
1101.0,0.21710498537939713
1102.0,0.21111177451421687
1103.0,0.20620885856094728
1104.0,0.2021225981598459
1105.0,0.19849352886695018
1106.0,0.19498371806011505
1107.0,0.1913156185424782
1108.0,0.1874142441125906
1109.0,0.18344195352570553
1110.0,0.17970720556599662
1111.0,0.17648111009670114
1112.0,0.17385442715122684
1113.0,0.17172028289406147
1114.0,0.16986746261250654
1115.0,0.1681177676050285
1116.0,0.16631464699119763
1117.0,0.16433704883398634
1118.0,0.16220404040590225
1119.0,0.16008065461843593
1120.0,0.15818713544131327
1121.0,0.15665248924705732
1122.0,0.15542363355684238
1123.0,0.15430304313202042
1124.0,0.1530882115938751
1125.0,0.1516781291088757
1126.0,0.1500504683691814
1127.0,0.14827427524246445
1128.0,0.14652555969917958
1129.0,0.1450138422659983
1130.0,0.14389015054782978
1131.0,0.1431695514765211
1132.0,0.14274194490531028
1133.0,0.14246316638893552
1134.0,0.1422604532510071
1135.0,0.14211318484720806
1136.0,0.1419781735582127
1137.0,0.14178347378687223
1138.0,0.14145020806657965
1139.0,0.1408934009204746
1140.0,0.1400395327627317
1141.0,0.13891435779746972
1142.0,0.13765137119057166
1143.0,0.13637250922260452
1144.0,0.1350792831449341
1145.0,0.13364949845325189
1146.0,0.1319298367109223
1147.0,0.12986035570718407
1148.0,0.12751130170361982
1149.0,0.12498098717552844
1150.0,0.12233059652782557
1151.0,0.11962869027077366
1152.0,0.11692034141000188
1153.0,0.11414826881917622
1154.0,0.11120085060270524
1155.0,0.10803594328321536
1156.0,0.10470060116104501
1157.0,0.10125146784254607
1158.0,0.0977340279060587
1159.0,0.0942009117472084
1160.0,0.09071185920919447
1161.0,0.08732550404505302
1162.0,0.08406794342274876
1163.0,0.08091996360721282
1164.0,0.07785701235398032
1165.0,0.07489668238117475
1166.0,0.07211889986057685
1167.0,0.06963617995211974
1168.0,0.06751750040592294
1169.0,0.06573973391503166
1170.0,0.06420452272111646
1171.0,0.06280139018263564
1172.0,0.06145119830333254
1173.0,0.060134096432615886
1174.0,0.058876762387823134
1175.0,0.057750470354846845
1176.0,0.05692488877534457
1177.0,0.056543295270433086
1178.0,0.056487278083596576
1179.0,0.05643200045480906
1180.0,0.056145789416053304
1181.0,0.05561610917635437
1182.0,0.054923981086176354
1183.0,0.05417670350946549
1184.0,0.05349753989260744
1185.0,0.052980891619899634
1186.0,0.05266686303452439
1187.0,0.052505405477089734
1188.0,0.05236820588672231
1189.0,0.05214739680000127
1190.0,0.05184165536820587
1191.0,0.05152572157305635
1192.0,0.05126430719824299
1193.0,0.05108839797346537
1194.0,0.05100225217366308
1195.0,0.05100795530254512
1196.0,0.05111782303559331
1197.0,0.05130863727414997
1198.0,0.051507076111893035
1199.0,0.051633992561732706
1200.0,0.05163978892938101
1201.0,0.05148118187675654
1202.0,0.05113550830660077
1203.0,0.0506655180806303
1204.0,0.05020157834580202
1205.0,0.04985451920058179
1206.0,0.04965895725869113
1207.0,0.04959129355102568
1208.0,0.04962108073841784
1209.0,0.049764908611628245
1210.0,0.050033261583783684
1211.0,0.0503349800288532
1212.0,0.050523998468064185
1213.0,0.05051322377175227
1214.0,0.05032658522101233
1215.0,0.0500647493624089
1216.0,0.04983251518469198
1217.0,0.04967204772166439
1218.0,0.0495782023326605
1219.0,0.04954663741839857
1220.0,0.04955009508982655
1221.0,0.04952829591479735
1222.0,0.04943383062109341
1223.0,0.0492659850638395
1224.0,0.04904830529604526
1225.0,0.04879844251212806
1226.0,0.04853567932544861
1227.0,0.04827019939737179
1228.0,0.04796160781208808
1229.0,0.04754189497724992
1230.0,0.04700135335092348
1231.0,0.046408057295273614
1232.0,0.04583921882194633
1233.0,0.04533695851274036
1234.0,0.044925103117035736
1235.0,0.04459436997422217
1236.0,0.044279687685274016
1237.0,0.043889749445488485
1238.0,0.04335721360206418
1239.0,0.042685494054031714
1240.0,0.041949590094731704
1241.0,0.04123562407219181
1242.0,0.040572849717540216
1243.0,0.039955046214940726
1244.0,0.039400137159929516
1245.0,0.03899037527592203
1246.0,0.03885192766042386
1247.0,0.03900053253527966
1248.0,0.03926613164093018
1249.0,0.03941805106430607
1250.0,0.039325360276764504
1251.0,0.03897872287707041
1252.0,0.0384514182933772
1253.0,0.03787415228008001
1254.0,0.03738345010571875
1255.0,0.03711202407686354
1256.0,0.037132246770224475
1257.0,0.03736969890445718
1258.0,0.03765660453278222
1259.0,0.03789248796111108
1260.0,0.038087008311562504
1261.0,0.0382482153573139
1262.0,0.038341626277412305
1263.0,0.03833135470518598
1264.0,0.038198416455922146
1265.0,0.03793373815743453
1266.0,0.03757317538872976
1267.0,0.03722181733545771
1268.0,0.03701158579290975
1269.0,0.037035950798804285
1270.0,0.03728825754155457
1271.0,0.03766720975095522
1272.0,0.03805840207039263
1273.0,0.03841814648753056
1274.0,0.038747422764027345
1275.0,0.0390354836437837
1276.0,0.03926337378828701
1277.0,0.03941214003992327
1278.0,0.039448571921265024
1279.0,0.03934209238642486
1280.0,0.039133850223628475
1281.0,0.03894986588676161
1282.0,0.038948581124188114
1283.0,0.03922320632917606
1284.0,0.03972526226625975
1285.0,0.040295749465112274
1286.0,0.0407822158139447
1287.0,0.04111735050932158
1288.0,0.04129152304331235
1289.0,0.04133831943618321
1290.0,0.04132807384133777
1291.0,0.041334330992104845
1292.0,0.04140391111862329
1293.0,0.041541781112337695
1294.0,0.04172508457630986
1295.0,0.04193971387134776
1296.0,0.042208534257479474
1297.0,0.04254170889190165
1298.0,0.04288615461518458
1299.0,0.04316133707033687
1300.0,0.04332058790382862
1301.0,0.04337432484650272
1302.0,0.04337557870087094
1303.0,0.04339897754649591
1304.0,0.04351073360024682
1305.0,0.04377012763605764
1306.0,0.04421153100381564
1307.0,0.04478055502086806
1308.0,0.04534180920107306
1309.0,0.04575684205110231
1310.0,0.0459693785035884
1311.0,0.04603158746289507
1312.0,0.04605372713982486
1313.0,0.04611462186217968
1314.0,0.04621942674723098
1315.0,0.04634125403207262
1316.0,0.046458516453808996
1317.0,0.046567546220934425
1318.0,0.046685952555810484
1319.0,0.04684076585483549
1320.0,0.047047191870205424
1321.0,0.04729544876596348
1322.0,0.04757343234350933
1323.0,0.04789549550139205
1324.0,0.04826848649324683
1325.0,0.0486548268440882
1326.0,0.04900202499640388
1327.0,0.04928382932940312
1328.0,0.04948095854699339
1329.0,0.049565899569330635
1330.0,0.04955960385879796
1331.0,0.04956181079910746
1332.0,0.04974436186859757
1333.0,0.0502567577517922
1334.0,0.0510587994375947
1335.0,0.05191871479496518
1336.0,0.052613253842221624
1337.0,0.05307373436852858
1338.0,0.05332727662172526
1339.0,0.053435801102455854
1340.0,0.05348890503554457
1341.0,0.05356354740665478
1342.0,0.05369155183684873
1343.0,0.053860498063082324
1344.0,0.0540478674458143
1345.0,0.054252001586608645
1346.0,0.05450082816106233
1347.0,0.05481936922250524
1348.0,0.05519046876924075
1349.0,0.05556202280192088
1350.0,0.055883703131194645
1351.0,0.0561218478080939
1352.0,0.056260051265504096
1353.0,0.05632843783884611
1354.0,0.05640777006542261
1355.0,0.05660866475807272
1356.0,0.0570182143678826
1357.0,0.05760953048757214
1358.0,0.05822313055010364
1359.0,0.0586166119196912
1360.0,0.05860107891238536
1361.0,0.05819601518133796
1362.0,0.05763082772382991
1363.0,0.057183329517313
1364.0,0.05701525083655373
1365.0,0.057164244889892524
1366.0,0.05756757525043793
1367.0,0.058094209035920885
1368.0,0.05862314812122166
1369.0,0.059099330206914824
1370.0,0.05953388366284143
1371.0,0.05994368780853482
1372.0,0.060352980742158197
1373.0,0.06083237883128079
1374.0,0.06143047760101489
1375.0,0.062092523102222685
1376.0,0.0626990536616211
1377.0,0.06316224475655752
1378.0,0.06344221126317931
1379.0,0.06351977768466943
1380.0,0.06343473247180956
1381.0,0.06328586710585521
1382.0,0.06311077943888246
1383.0,0.06282890717300904
1384.0,0.06240873722973772
1385.0,0.061981345991886067
1386.0,0.06173189709138577
1387.0,0.06175950610263581
1388.0,0.062040175242243034
1389.0,0.06246283372475142
1390.0,0.06289962424753381
1391.0,0.06327222893818576
1392.0,0.06354378106502304
1393.0,0.06371676673694943
1394.0,0.06384495888437741
1395.0,0.06398533701340686
1396.0,0.06412838385172229
1397.0,0.06422645826713141
1398.0,0.06428639553680798
1399.0,0.0643973782049366
1400.0,0.06468760290940409
1401.0,0.06522439701291749
1402.0,0.06594827939407136
1403.0,0.06669429959383547
1404.0,0.06728495263009257
1405.0,0.06759571737217313
1406.0,0.06757906800853641
1407.0,0.06733154788537571
1408.0,0.06707632864059632
1409.0,0.06707499016558119
1410.0,0.0674982411295092
1411.0,0.0682950563930213
1412.0,0.06921338856331591
1413.0,0.06995247565645163
1414.0,0.07034436083945114
1415.0,0.0704020689770321
1416.0,0.07026241519288792
1417.0,0.07008661974848288
1418.0,0.06996531403511191
1419.0,0.06992411789517247
1420.0,0.06995419232904981
1421.0,0.07004476902711582
1422.0,0.07021306963187651
1423.0,0.07050844326131847
1424.0,0.07096547700270109
1425.0,0.07154858046466417
1426.0,0.07214971145030186
1427.0,0.07263667406332278
1428.0,0.07294200514987756
1429.0,0.07311192441058753
1430.0,0.07328242703286036
1431.0,0.07359719798646375
1432.0,0.07417141834345384
1433.0,0.07507987030644972
1434.0,0.07624098156389247
1435.0,0.07739258532536719
1436.0,0.07820637780810955
1437.0,0.07846755179381407
1438.0,0.07824453139287557
1439.0,0.07784145896712824
1440.0,0.0775111671222665
1441.0,0.07726590014520368
1442.0,0.07704911668897202
1443.0,0.0768904274858713
1444.0,0.07685748661026104
1445.0,0.07701357914836299
1446.0,0.07743117585299164
1447.0,0.07813121547432644
1448.0,0.07897567086607521
1449.0,0.07977448073018906
1450.0,0.0805252290972151
1451.0,0.08135515026868984
1452.0,0.0822512666623623
1453.0,0.08300305633685504
1454.0,0.08334473632885972
1455.0,0.08315570335817069
1456.0,0.08256109668685427
1457.0,0.0818568401499436
1458.0,0.08131875096397864
1459.0,0.08111867651703822
1460.0,0.08133113047383675
1461.0,0.08187050403721458
1462.0,0.08252357089956369
1463.0,0.08310250666772939
1464.0,0.08356842359336003
1465.0,0.08397299590591864
1466.0,0.08435573572079344
1467.0,0.08474618115111354
1468.0,0.08516550363632919
1469.0,0.08561065309076724
1470.0,0.08605636568528191
1471.0,0.08647377018358882
1472.0,0.08684793685483955
1473.0,0.08717727859668384
1474.0,0.08746938323009495
1475.0,0.0877374262661095
1476.0,0.08798854643874376
1477.0,0.08821310261117066
1478.0,0.08839848214255652
1479.0,0.08855354329853635
1480.0,0.08871359813725221
1481.0,0.08892503158064294
1482.0,0.08921224540760073
1483.0,0.08955728119736617
1484.0,0.08990793008419029
1485.0,0.09020888175967468
1486.0,0.09042624128767823
1487.0,0.09055559073733069
1488.0,0.09063148042424912
1489.0,0.09071364823022507
1490.0,0.09086283269938022
1491.0,0.09111371847609379
1492.0,0.09145571899850999
1493.0,0.09183848419829838
1494.0,0.09217906072736148
1495.0,0.09240444302610493
1496.0,0.09251343440616455
1497.0,0.09258518977212499
1498.0,0.09272400417820725
1499.0,0.09300000765861788
1500.0,0.09344619933109827
1501.0,0.0940460253102679
1502.0,0.09471689096447822
1503.0,0.09535030158348351
1504.0,0.09587191192112363
1505.0,0.09627543371314323
1506.0,0.09660311410997013
1507.0,0.09690633645610663
1508.0,0.09721000369746943
1509.0,0.097511002807808
1510.0,0.09780498496227616
1511.0,0.09808962321322404
1512.0,0.09835878660366351
1513.0,0.09861666514997913
1514.0,0.09888562887321733
1515.0,0.09916967627463957
1516.0,0.09943369607600872
1517.0,0.09966648209600126
1518.0,0.09992144300335859
1519.0,0.10025682266662705
1520.0,0.10067192706894168
1521.0,0.10109522882678579
1522.0,0.10144640164972984
1523.0,0.1017679356632259
1524.0,0.10220422484137914
1525.0,0.10277331112067989
1526.0,0.10332331288518443
1527.0,0.10375939755864308
1528.0,0.10413122133895708
1529.0,0.10449818900469762
1530.0,0.10485969958197325
1531.0,0.10519094131471723
1532.0,0.10547987769219244
1533.0,0.10575062218700054
1534.0,0.1060083748073091
1535.0,0.10616449176698811
1536.0,0.1061487566219608
1537.0,0.10605623040730405
1538.0,0.106087907053586
1539.0,0.10639163279551961
1540.0,0.10698429370259674
1541.0,0.10777627127352599
1542.0,0.10863237203184806
1543.0,0.10945357981261841
1544.0,0.11019738811125843
1545.0,0.11085931959155493
1546.0,0.11145673732195527
1547.0,0.11200384064757907
1548.0,0.11250775624002743
1549.0,0.11297053104697408
1550.0,0.11339827493094301
1551.0,0.11379563091875194
1552.0,0.11413550849747808
1553.0,0.11437592735309421
1554.0,0.11452281038710241
1555.0,0.11463877596173777
1556.0,0.11478830004515556
1557.0,0.11500201727192189
1558.0,0.11528724358202586
1559.0,0.11563209603601707
1560.0,0.11600645868173837
1561.0,0.11639874376792028
1562.0,0.11685123746022086
1563.0,0.11740280557657345
1564.0,0.11801283307371879
1565.0,0.11853392803297735
1566.0,0.11876137481400623
1567.0,0.11861985448174803
1568.0,0.11827479349148007
1569.0,0.11803663635634568
1570.0,0.1181589681026177
1571.0,0.11871173714766758
1572.0,0.11957327239853255
1573.0,0.12048168771200443
1574.0,0.12117810973506865
1575.0,0.12151454842659626
1576.0,0.12150399205193879
1577.0,0.1213021441960618
1578.0,0.12109138287566137
1579.0,0.12096385090837095
1580.0,0.12089251480924201
1581.0,0.12083345034491527
1582.0,0.12079855086675925
1583.0,0.12083773759243793
1584.0,0.12099477052819779
1585.0,0.12126589354463299
1586.0,0.12159609913763625
1587.0,0.12191525984998394
1588.0,0.12217667904360136
1589.0,0.12237110126822662
1590.0,0.1225329109640011
1591.0,0.1227229138506242
1592.0,0.12299318675398774
1593.0,0.12336079044860321
1594.0,0.12381426366830425
1595.0,0.12434196192386135
1596.0,0.12495161380502812
1597.0,0.12569238991699008
1598.0,0.12655097932097917
1599.0,0.0
