0.0,0.0
1.0,0.0
2.0,0.0
3.0,0.0
4.0,0.0
5.0,0.0
6.0,0.0
7.0,0.0
8.0,0.0
9.0,0.0
10.0,0.0
11.0,0.0
12.0,0.0
13.0,0.0
14.0,0.0
15.0,0.0
16.0,0.0
17.0,0.0
18.0,0.0
19.0,0.0
20.0,0.0
21.0,0.0
22.0,0.0
23.0,0.0
24.0,0.0
25.0,0.0
26.0,0.0
27.0,0.0
28.0,0.0
29.0,0.0
30.0,0.0
31.0,0.0
32.0,0.0
33.0,0.0
34.0,0.0
35.0,0.0
36.0,0.0
37.0,0.0
38.0,0.0
39.0,0.0
40.0,0.0
41.0,0.0
42.0,0.0
43.0,0.0
44.0,0.0
45.0,0.0
46.0,0.0
47.0,0.0
48.0,0.0
49.0,0.0
50.0,0.0
51.0,0.0
52.0,0.0
53.0,0.0
54.0,0.0
55.0,0.0
56.0,0.0
57.0,0.0
58.0,0.0
59.0,0.0
60.0,0.0
61.0,0.0
62.0,0.0
63.0,0.0
64.0,0.0
65.0,0.0
66.0,0.0
67.0,0.0
68.0,0.0
69.0,0.0
70.0,0.0
71.0,0.0
72.0,0.0
73.0,0.0
74.0,0.0
75.0,0.0
76.0,0.0
77.0,0.0
78.0,0.0
79.0,0.0
80.0,0.0
81.0,0.0
82.0,0.0
83.0,0.0
84.0,0.0
85.0,0.0
86.0,0.0
87.0,0.0
88.0,0.0
89.0,0.0
90.0,0.0
91.0,0.0
92.0,0.0
93.0,0.0
94.0,0.0
95.0,0.0
96.0,0.0
97.0,0.0
98.0,0.0
99.0,0.0
100.0,0.0
101.0,0.0
102.0,0.0
103.0,0.0
104.0,0.0
105.0,0.0
106.0,0.0
107.0,0.0
108.0,0.0
109.0,0.0
110.0,0.0
111.0,0.0
112.0,0.0
113.0,0.0
114.0,0.0
115.0,0.0
116.0,0.0
117.0,0.0
118.0,0.0
119.0,0.0
120.0,0.0
121.0,0.0
122.0,0.0
123.0,0.0
124.0,0.0
125.0,0.0
126.0,0.0
127.0,0.0
128.0,0.0
129.0,0.0
130.0,0.0
131.0,0.0
132.0,0.0
133.0,0.0
134.0,0.0
135.0,0.0
136.0,0.0
137.0,0.0
138.0,0.0
139.0,0.0
140.0,0.0
141.0,0.0
142.0,0.0
143.0,0.0
144.0,0.0
145.0,0.0
146.0,0.0
147.0,0.0
148.0,0.0
149.0,0.0
150.0,0.0
151.0,0.0
152.0,0.0
153.0,0.0
154.0,0.0
155.0,0.0
156.0,0.0
157.0,0.0
158.0,0.0
159.0,0.0
160.0,0.0
161.0,0.0
162.0,0.0
163.0,0.0
164.0,0.0
165.0,0.0
166.0,0.0
167.0,0.0
168.0,0.0
169.0,0.0
170.0,0.0
171.0,0.0
172.0,0.0
173.0,0.0
174.0,0.0
175.0,0.0
176.0,0.0
177.0,0.0
178.0,0.0
179.0,0.003891033823427148
180.0,0.0016088680145616152
181.0,0.00029068824129330206
182.0,0.0
183.0,0.00046360025856817533
184.0,0.0017024389684084928
185.0,0.004158970643037496
186.0,0.008036905969851516
187.0,0.012662774798391507
188.0,0.017187984318511318
189.0,0.02152365687879121
190.0,0.025950274604675916
191.0,0.030402214231391445
192.0,0.034610095013085096
193.0,0.038423071883282756
194.0,0.04183324335086802
195.0,0.044910178667330825
196.0,0.04776945315213166
197.0,0.05052119708307801
198.0,0.05326675229881517
199.0,0.056052901269999844
200.0,0.058768812609245824
201.0,0.061201144164295784
202.0,0.0632277766914896
203.0,0.06489134580762379
204.0,0.06629218223569422
205.0,0.06740277425815788
206.0,0.06791967894989748
207.0,0.06756279351767702
208.0,0.06654312403012785
209.0,0.06542282613952222
210.0,0.06458214589541011
211.0,0.06410284943029354
212.0,0.06399763187100016
213.0,0.06429027223477102
214.0,0.06502580119119272
215.0,0.06639769400986395
216.0,0.06876293662244148
217.0,0.07211172521531195
218.0,0.07579781175497746
219.0,0.07926664041362086
220.0,0.08264716960031826
221.0,0.08616345507451495
222.0,0.08956591996151964
223.0,0.09241235974561557
224.0,0.09445280791262933
225.0,0.09572168625680211
226.0,0.09644079865067456
227.0,0.09681033939595407
228.0,0.09686698666719418
229.0,0.09654615460625549
230.0,0.0958630649128357
231.0,0.09509302461474878
232.0,0.09471085491651199
233.0,0.09515575370276197
234.0,0.09652900304075984
235.0,0.09846630793569078
236.0,0.10053493802684688
237.0,0.10278602472330933
238.0,0.10547936607681418
239.0,0.10844885473699784
240.0,0.11121710547951469
241.0,0.1134664718937044
242.0,0.11514573467803546
243.0,0.11633469102550664
244.0,0.11714856189418044
245.0,0.1176423290597366
246.0,0.11776248755642071
247.0,0.11741280934949894
248.0,0.11671301566463577
249.0,0.1160634487738148
250.0,0.11582952260983304
251.0,0.11608480485439687
252.0,0.11669167574540784
253.0,0.11749356052429649
254.0,0.11843873879978317
255.0,0.1195793286662733
256.0,0.12089671392213752
257.0,0.12228463967790026
258.0,0.12373062673412971
259.0,0.12531244135489839
260.0,0.12702624016432007
261.0,0.12872667877039845
262.0,0.1302062739916342
263.0,0.13126505533758703
264.0,0.13173433355837993
265.0,0.13163494073885362
266.0,0.13126381775106422
267.0,0.13097212896296473
268.0,0.13088290389460777
269.0,0.13092082005023276
270.0,0.1310093780772167
271.0,0.1311074301743108
272.0,0.13119600605620374
273.0,0.13128920099443098
274.0,0.13141753741582973
275.0,0.13156225362254736
276.0,0.13164321413212487
277.0,0.13161950363374797
278.0,0.13156196790336971
279.0,0.13162956249002633
280.0,0.1320075023515498
281.0,0.13290104151507431
282.0,0.13440082198421532
283.0,0.1362574263582771
284.0,0.13803191423379302
285.0,0.1395369688175473
286.0,0.14088940424947283
287.0,0.14213781136426173
288.0,0.14312812121733798
289.0,0.1436456193332042
290.0,0.1436044636249889
291.0,0.14315238733324454
292.0,0.14252792505760103
293.0,0.14182169799679933
294.0,0.14101244400190782
295.0,0.1401369760742266
296.0,0.13931386837671045
297.0,0.1386836749933994
298.0,0.13833886932833617
299.0,0.1382909505144584
300.0,0.13850857122023108
301.0,0.13899143877344688
302.0,0.13984704947265547
303.0,0.141235295412391
304.0,0.14307644088570304
305.0,0.14501501948987916
306.0,0.14683188980619089
307.0,0.14861666723455458
308.0,0.15041792662953746
309.0,0.1520420955927061
310.0,0.15320227035080114
311.0,0.1537171094367077
312.0,0.15361263624695087
313.0,0.15308579350981533
314.0,0.15235309505097006
315.0,0.1515142194206388
316.0,0.15052413443611268
317.0,0.14937398177463646
318.0,0.1483078531384049
319.0,0.1476963653925759
320.0,0.14775527695574053
321.0,0.14841773229302202
322.0,0.1494238979403637
323.0,0.15054802107390441
324.0,0.1517808226338525
325.0,0.15316972725284494
326.0,0.1546167660262704
327.0,0.15601688067957986
328.0,0.15739444568363214
329.0,0.15878006352913
330.0,0.16009238525247105
331.0,0.1611766265754222
332.0,0.1618903876682226
333.0,0.1621476546632914
334.0,0.16195924778426762
335.0,0.16147263654103816
336.0,0.1608871415760622
337.0,0.16029613220396743
338.0,0.15966863336329395
339.0,0.15900717945534104
340.0,0.1583782093846975
341.0,0.15779663133517186
342.0,0.15723506214523708
343.0,0.1567220717397082
344.0,0.15634986210252078
345.0,0.15621150971626407
346.0,0.15633950426251275
347.0,0.15668917751400424
348.0,0.15721403451442695
349.0,0.1579494001772742
350.0,0.15894813465873125
351.0,0.16018305997081794
352.0,0.16151937592971366
353.0,0.16276763149685525
354.0,0.16378221069901777
355.0,0.16452569441861942
356.0,0.16503619415710102
357.0,0.16534480383150985
358.0,0.16541530656390868
359.0,0.16517021047390446
360.0,0.16465060462377323
361.0,0.1640202277161671
362.0,0.16332935147404293
363.0,0.1624834049247985
364.0,0.16150902741770057
365.0,0.16060686739799812
366.0,0.15993296694110337
367.0,0.15950780230820538
368.0,0.15930807357746657
369.0,0.15935277851167795
370.0,0.15973593822808307
371.0,0.16058343532018582
372.0,0.1619785170796766
373.0,0.16381224943486472
374.0,0.1657281225697329
375.0,0.16738649509404446
376.0,0.16874577549211012
377.0,0.169903078220213
378.0,0.17079804468561954
379.0,0.1712168761466154
380.0,0.1709525304123357
381.0,0.17004938564908056
382.0,0.16883744565185788
383.0,0.1675566716735054
384.0,0.16612947911996345
385.0,0.16451185424147963
386.0,0.16293597376056135
387.0,0.16170163219037093
388.0,0.16096611311049136
389.0,0.16074145583781252
390.0,0.16096072119595506
391.0,0.1615529020329839
392.0,0.16251397296144598
393.0,0.16392566414963528
394.0,0.16579603663134557
395.0,0.1678381282881488
396.0,0.16962852209444257
397.0,0.1709782950688321
398.0,0.17196604775308832
399.0,0.1726828982238059
400.0,0.1730997149344805
401.0,0.1730788202250415
402.0,0.17256785087592563
403.0,0.1717589255215265
404.0,0.1708580346207509
405.0,0.16982149185178197
406.0,0.16856618110756483
407.0,0.1672300621715701
408.0,0.16607724098355503
409.0,0.16530463337879897
410.0,0.16497598046252782
411.0,0.16504094001718972
412.0,0.1653872491473184
413.0,0.16593332239122482
414.0,0.1666937252380143
415.0,0.1677158244511846
416.0,0.16887084787119844
417.0,0.16986001709141618
418.0,0.17047200662292483
419.0,0.17071594227024667
420.0,0.17071860742242273
421.0,0.17058892748453391
422.0,0.17034078078971615
423.0,0.1699363867019077
424.0,0.16941405128509202
425.0,0.16887137915317685
426.0,0.16835603895100926
427.0,0.16786279178587915
428.0,0.16739668270545172
429.0,0.16696307477732897
430.0,0.1665382770850229
431.0,0.16609514209575027
432.0,0.16563933862294722
433.0,0.1652346032349884
434.0,0.16498760886761032
435.0,0.16500329952556902
436.0,0.16532520002964934
437.0,0.16584911927085855
438.0,0.16635075694480606
439.0,0.1666353787214523
440.0,0.16666276493056287
441.0,0.1665325025780403
442.0,0.16639671070605666
443.0,0.16639652299720664
444.0,0.166590958816488
445.0,0.16693674966223948
446.0,0.16732699160250764
447.0,0.16765498101749254
448.0,0.1678738686595539
449.0,0.16800008051824655
450.0,0.16809608450482383
451.0,0.16823871833990645
452.0,0.16847317380625826
453.0,0.16879330266713533
454.0,0.1691227519887203
455.0,0.16933100836411896
456.0,0.16929735539697122
457.0,0.1689702381340482
458.0,0.16844544633676006
459.0,0.16795111756155523
460.0,0.1677074264388223
461.0,0.1677886454106764
462.0,0.16809719470599926
463.0,0.16845579820838463
464.0,0.1687232073182121
465.0,0.16887008656571345
466.0,0.168917139292464
467.0,0.1688887811725952
468.0,0.16890927176127202
469.0,0.16915091511911418
470.0,0.16961264963317613
471.0,0.17005702845688342
472.0,0.17016019641272861
473.0,0.16973154849995742
474.0,0.1688307885502408
475.0,0.16771126492019905
476.0,0.16662701249016376
477.0,0.16570597694741096
478.0,0.1649747585337279
479.0,0.16441851104418082
480.0,0.16405341850852384
481.0,0.16391617169973005
482.0,0.1640099232719544
483.0,0.1642970209189426
484.0,0.16472792915876722
485.0,0.1653098220481357
486.0,0.16612780751697254
487.0,0.16716456284929349
488.0,0.16818827441230255
489.0,0.1689181078556321
490.0,0.16922668794653395
491.0,0.16916788463174892
492.0,0.1688741256643671
493.0,0.16840529599902776
494.0,0.16770233003288249
495.0,0.16676748144482723
496.0,0.16574506302198588
497.0,0.1647890731275714
498.0,0.16396596601583835
499.0,0.1632875584993454
500.0,0.16274147799476946
501.0,0.16229472495356367
502.0,0.16191530128065124
503.0,0.16158757727969897
504.0,0.1613360769190766
505.0,0.16123364941294382
506.0,0.16136847419733058
507.0,0.1618019714099611
508.0,0.16248381386692412
509.0,0.16322293388890186
510.0,0.16379421080663725
511.0,0.16407521677876613
512.0,0.16409143111417712
513.0,0.1639544752011729
514.0,0.1637898529986751
515.0,0.16366537296152495
516.0,0.1635743654609032
517.0,0.16346278286615323
518.0,0.16323312124337896
519.0,0.16279254344156835
520.0,0.1621449176869536
521.0,0.1614066600465316
522.0,0.1607192354697966
523.0,0.1601597379600075
524.0,0.1597383614855985
525.0,0.15942631040130484
526.0,0.1591893280900002
527.0,0.15901348918591363
528.0,0.15889830794563198
529.0,0.15884091223584162
530.0,0.15882062576592726
531.0,0.15880743916250883
532.0,0.15878468526912204
533.0,0.15875960101599063
534.0,0.15875482644208339
535.0,0.15880748037214742
536.0,0.15896616272766173
537.0,0.15923368563161522
538.0,0.1595285950588522
539.0,0.1596818765646837
540.0,0.15950003816897607
541.0,0.15895427499721893
542.0,0.15825698227551654
543.0,0.15769238791343754
544.0,0.15740215285344683
545.0,0.15735358476169492
546.0,0.1574207076388443
547.0,0.1574752465009731
548.0,0.15746522106090266
549.0,0.15739502223137658
550.0,0.1572830466889651
551.0,0.1571425483302592
552.0,0.15697268750559024
553.0,0.15677268141833323
554.0,0.1565571802416238
555.0,0.15636325739688817
556.0,0.15623290338776308
557.0,0.15618668126789081
558.0,0.1562059652775628
559.0,0.15623856986182505
560.0,0.1562338827304418
561.0,0.15617820709259378
562.0,0.15608156170796095
563.0,0.15593836980780396
564.0,0.15572756011816768
565.0,0.15543282477682585
566.0,0.15506377208184585
567.0,0.15465426692667406
568.0,0.15418205577350264
569.0,0.15353955376730033
570.0,0.15269921083455507
571.0,0.15181276867329108
572.0,0.15107583630310017
573.0,0.15057319360473564
574.0,0.15027645445494797
575.0,0.15011222599173035
576.0,0.1500344042689019
577.0,0.15005204808813366
578.0,0.15016327869905222
579.0,0.15032466608317074
580.0,0.15049025142782646
581.0,0.1506370723181033
582.0,0.15075891640283745
583.0,0.15084584694419267
584.0,0.150862634779397
585.0,0.1507622076939511
586.0,0.1505173143983749
587.0,0.15015462249758582
588.0,0.14975923873207897
589.0,0.14942563233696293
590.0,0.149199828874087
591.0,0.14905979255505009
592.0,0.14894419403252002
593.0,0.1487589374490198
594.0,0.14840198057348697
595.0,0.14786872478497215
596.0,0.14729218830737156
597.0,0.14684397249895798
598.0,0.14660838012710975
599.0,0.1465479603237464
600.0,0.1465624262680304
601.0,0.14660977449638923
602.0,0.14674478727908336
603.0,0.14697824608507815
604.0,0.14721901091565193
605.0,0.14738977779925466
606.0,0.14748876549957746
607.0,0.1475352879720282
608.0,0.14751318888899434
609.0,0.1473483555831535
610.0,0.1469641326168286
611.0,0.14636999347581015
612.0,0.14566770645316895
613.0,0.1449778978527977
614.0,0.14437684282957486
615.0,0.14388092067041036
616.0,0.14347650945544077
617.0,0.143172335012539
618.0,0.14299790756631203
619.0,0.14297381357272776
620.0,0.14307710472215018
621.0,0.14323744762910506
622.0,0.143391866364865
623.0,0.14353210767532898
624.0,0.1436749164527069
625.0,0.1438154215783518
626.0,0.14391878904793598
627.0,0.1439416616182243
628.0,0.14387734130144847
629.0,0.14378268183875853
630.0,0.14378211828794363
631.0,0.14398643448610893
632.0,0.14436263348552159
633.0,0.1447189143229044
634.0,0.14481464382931808
635.0,0.14452129800046076
636.0,0.14390831041940821
637.0,0.14318364883640688
638.0,0.14253279582536793
639.0,0.1420222297765208
640.0,0.14163239064390976
641.0,0.1413067041295697
642.0,0.14100344625046235
643.0,0.14071319568430507
644.0,0.14043971072282302
645.0,0.14017852811954246
646.0,0.139904491686635
647.0,0.13959221222316587
648.0,0.13924276210454145
649.0,0.13890873518141145
650.0,0.13868430240661545
651.0,0.1386662445607698
652.0,0.13889938570309335
653.0,0.13930530952681364
654.0,0.13970130923143154
655.0,0.1399039591554584
656.0,0.13984078067119032
657.0,0.1395833304130335
658.0,0.13929802810160707
659.0,0.1391777221399807
660.0,0.13931657172548062
661.0,0.13961739875685786
662.0,0.13984742744763468
663.0,0.13979514234131873
664.0,0.1394122812907802
665.0,0.13883073332898654
666.0,0.1382242644898296
667.0,0.1376214802328548
668.0,0.13695775314659253
669.0,0.13626897768135038
670.0,0.13570065111086582
671.0,0.13539528243002852
672.0,0.13539212933267342
673.0,0.13560608607483582
674.0,0.13593116127424487
675.0,0.13635500499153286
676.0,0.13689793999265476
677.0,0.13751761777705074
678.0,0.13810299571489715
679.0,0.13852743915992594
680.0,0.13872780819374353
681.0,0.13875001922641195
682.0,0.13874667223634496
683.0,0.13889310914661013
684.0,0.13928908566185483
685.0,0.139889273119142
686.0,0.1404997478425637
687.0,0.1408852787833863
688.0,0.14089688659216548
689.0,0.14054958864539457
690.0,0.13998744904658578
691.0,0.13935889881020602
692.0,0.1386938140054531
693.0,0.13794913226573258
694.0,0.13717116869906398
695.0,0.13647813667512354
696.0,0.13593156212046953
697.0,0.13550994322845733
698.0,0.13516479324093456
699.0,0.13491051852740943
700.0,0.13486561996370972
701.0,0.13507844783933476
702.0,0.13538131219756155
703.0,0.13548112340666707
704.0,0.1351575388201971
705.0,0.13442951856304197
706.0,0.13354930448591595
707.0,0.1328170361023404
708.0,0.13237664856892128
709.0,0.13220060692823477
710.0,0.13216569432346137
711.0,0.13211594293392181
712.0,0.13195229904496242
713.0,0.13166786426839616
714.0,0.1313481031910252
715.0,0.13115155790993793
716.0,0.1312036938032224
717.0,0.13148901402393054
718.0,0.1318552527015886
719.0,0.1321246900426165
720.0,0.13219749195289454
721.0,0.13207289562201863
722.0,0.131824435782685
723.0,0.13153401210672389
724.0,0.13124983776748034
725.0,0.13098454709367402
726.0,0.1307338461118479
727.0,0.13050506568203313
728.0,0.1303135078515648
729.0,0.13016716864456568
730.0,0.13005663420799463
731.0,0.12995770251383487
732.0,0.12984638979304475
733.0,0.12971439615229002
734.0,0.1295746154779282
735.0,0.12944884642115284
736.0,0.12933971351168994
737.0,0.12922840946321357
738.0,0.12911850538326075
739.0,0.12904870962522075
740.0,0.12905310756642202
741.0,0.12913227244221265
742.0,0.12925779961269324
743.0,0.12940770642554378
744.0,0.12961285484660057
745.0,0.1299120573587771
746.0,0.13025493932544385
747.0,0.13051556623080235
748.0,0.13058791045931417
749.0,0.13045553047975667
750.0,0.13018908539075436
751.0,0.12989328352433982
752.0,0.12963659602339794
753.0,0.1294345298471407
754.0,0.1292774887906808
755.0,0.12910352388173674
756.0,0.12880099819773289
757.0,0.12832697658397868
758.0,0.1277849101694326
759.0,0.12738136100909053
760.0,0.1272989929914412
761.0,0.12756381281707296
762.0,0.12802774927167532
763.0,0.1284950922379593
764.0,0.1288592375126093
765.0,0.129102658806246
766.0,0.12925576931267163
767.0,0.12935843760443755
768.0,0.12942698436524036
769.0,0.12946141009584056
770.0,0.1294652954770657
771.0,0.12946732710714826
772.0,0.12950731910472058
773.0,0.1296010557920001
774.0,0.12971560546900457
775.0,0.12977413393826787
776.0,0.1297051078876263
777.0,0.12949159582094188
778.0,0.12917657840797098
779.0,0.12882349757821615
780.0,0.12847256441087562
781.0,0.12812074957372327
782.0,0.12777704129413126
783.0,0.12751306038448385
784.0,0.12741444123847712
785.0,0.12751378271272656
786.0,0.1277633611040485
787.0,0.12806897439051979
788.0,0.1283730202844388
789.0,0.12868969144311837
790.0,0.12901414102787984
791.0,0.1292683948885841
792.0,0.12935548686053272
793.0,0.12923728462806444
794.0,0.12898418533971978
795.0,0.1287403250235758
796.0,0.12863135644676071
797.0,0.12868468947660971
798.0,0.12882641388031785
799.0,0.12894635475031085
800.0,0.12898393380036055
801.0,0.12894481370184813
802.0,0.12884379554258513
803.0,0.12865766432590192
804.0,0.1283125066846565
805.0,0.12777254481437528
806.0,0.1271256503642786
807.0,0.12651980845864552
808.0,0.126043214719948
809.0,0.12569488606594986
810.0,0.1254265232407933
811.0,0.12518119554011126
812.0,0.12492965684706853
813.0,0.12466532514104839
814.0,0.12439334011300474
815.0,0.12416847075933579
816.0,0.1240776338517755
817.0,0.12413229476311466
818.0,0.12423104864130069
819.0,0.12424612938891416
820.0,0.1241152057539538
821.0,0.12385458552534545
822.0,0.1235230052520011
823.0,0.12316056747474691
824.0,0.12276999505181696
825.0,0.12236128448702899
826.0,0.12196856937298334
827.0,0.12163277594455962
828.0,0.12137976795165806
829.0,0.1212098017715858
830.0,0.12109634127015267
831.0,0.12099912572352384
832.0,0.12088788763116654
833.0,0.12075787370131419
834.0,0.12064186989354819
835.0,0.12059880737350082
836.0,0.12067093064666545
837.0,0.12085023093200514
838.0,0.12107391882295915
839.0,0.12125865391194746
840.0,0.12134866299228314
841.0,0.12134566241719125
842.0,0.12130152700872598
843.0,0.12127870206920982
844.0,0.12131969263661796
845.0,0.12142147932394182
846.0,0.12152410803390745
847.0,0.12154276211344145
848.0,0.12141468473144162
849.0,0.12114957620054895
850.0,0.1208511966708199
851.0,0.12065768206211991
852.0,0.12065031363879175
853.0,0.12079863641467681
854.0,0.12098602066195868
855.0,0.1210886734481395
856.0,0.12104912346884095
857.0,0.12089391375255082
858.0,0.12068393119221044
859.0,0.12046531944886163
860.0,0.12024361193408428
861.0,0.12002070379746138
862.0,0.11984361546357136
863.0,0.11979990727174888
864.0,0.11997104662246133
865.0,0.12031357262316666
866.0,0.12062626464723564
867.0,0.12066934472747964
868.0,0.12032479544244878
869.0,0.11969516555071336
870.0,0.11904340569353489
871.0,0.11861663729161676
872.0,0.11848997398533373
873.0,0.11857584093820422
874.0,0.11871934602654977
875.0,0.11878181190561837
876.0,0.11871978950719453
877.0,0.11858962463390577
878.0,0.11849736786218235
879.0,0.11853536750030286
880.0,0.11872375252252398
881.0,0.11900696306438902
882.0,0.11929820483402848
883.0,0.11954046540552837
884.0,0.1197248050708688
885.0,0.11985961847351168
886.0,0.1199811053616423
887.0,0.12016397988281857
888.0,0.12044015500824823
889.0,0.12073315893139025
890.0,0.12089227757079368
891.0,0.12078713982354683
892.0,0.12041618705579044
893.0,0.11992005155401497
894.0,0.11945486410730544
895.0,0.1190696858797623
896.0,0.11874930040465881
897.0,0.11848373405382118
898.0,0.11825859414883194
899.0,0.11805626515309586
900.0,0.1178743414900385
901.0,0.11774148686665481
902.0,0.1177297270810656
903.0,0.11790457102506019
904.0,0.11824142867288817
905.0,0.11862616907537132
906.0,0.11893849405657003
907.0,0.1191251614061154
908.0,0.11920685428973371
909.0,0.11925570877790453
910.0,0.11935222449466715
911.0,0.11953178052647218
912.0,0.11976634059952795
913.0,0.11996444445461185
914.0,0.12000592992099329
915.0,0.11983562137597004
916.0,0.11951850882243514
917.0,0.11920607921949089
918.0,0.11904022892513633
919.0,0.11906344568177707
920.0,0.1191998645181972
921.0,0.11931442561076955
922.0,0.11930950510039429
923.0,0.11916706788696158
924.0,0.11893965848393973
925.0,0.11871112229267783
926.0,0.11853912379576087
927.0,0.11843245342102393
928.0,0.11836014121277794
929.0,0.11828568637281561
930.0,0.11819552788565962
931.0,0.11809506344478093
932.0,0.11799031413877636
933.0,0.11786552517775106
934.0,0.11769786890565087
935.0,0.11749432745821048
936.0,0.11730489791992371
937.0,0.1172053303900461
938.0,0.11724703445792284
939.0,0.11741980266549334
940.0,0.11764817054199
941.0,0.11782998361848684
942.0,0.11790386830343169
943.0,0.11788892308125798
944.0,0.1178830583730342
945.0,0.11800629454622069
946.0,0.11831426252464194
947.0,0.11875440072360144
948.0,0.11918794069585747
949.0,0.11947503125949566
950.0,0.11956104056557348
951.0,0.11950250319293076
952.0,0.11941046214055379
953.0,0.11936563756103596
954.0,0.1193876498163593
955.0,0.11944910455801516
956.0,0.11953101138957739
957.0,0.11964430376338442
958.0,0.11979022690538221
959.0,0.11993508484625925
960.0,0.12001391475981049
961.0,0.11997209843444312
962.0,0.11981054148094816
963.0,0.11958471857077152
964.0,0.11936086633529563
965.0,0.11917780887671275
966.0,0.119037278188589
967.0,0.11892384279520019
968.0,0.11883786339908475
969.0,0.11878999489118769
970.0,0.11877938192015569
971.0,0.11876824893485372
972.0,0.1186844894500495
973.0,0.11848273888919209
974.0,0.11819237751654632
975.0,0.11791922583542058
976.0,0.11778711169079881
977.0,0.11784940712551173
978.0,0.11805147809362487
979.0,0.11827946926164534
980.0,0.11844250099992648
981.0,0.11851080697289851
982.0,0.1185077922763555
983.0,0.11845366413754854
984.0,0.1183413032750158
985.0,0.11817455518917941
986.0,0.11798707924668428
987.0,0.11783118019689576
988.0,0.11774810816340026
989.0,0.11774185267371057
990.0,0.11779620138486435
991.0,0.11791814014586688
992.0,0.11812527815730606
993.0,0.1184063135103941
994.0,0.11871212051244973
995.0,0.1189768325918833
996.0,0.11915980547883515
997.0,0.11926988898839253
998.0,0.11933216718568274
999.0,0.1193437806610615
1000.0,0.11929311396795633
1001.0,0.11919351950743307
1002.0,0.11911019734610417
1003.0,0.1191397305264531
1004.0,0.11932719237806505
1005.0,0.1196185871669665
1006.0,0.11988838686981507
1007.0,0.12002143124966658
1008.0,0.11998654131840225
1009.0,0.11984440866669743
1010.0,0.11967442638496839
1011.0,0.11951526398254259
1012.0,0.11937379846255985
1013.0,0.11926380004060622
1014.0,0.11925441301487327
1015.0,0.11942563796871508
1016.0,0.11977579685825651
1017.0,0.12019015823432244
1018.0,0.12048825863859924
1019.0,0.12054629421646346
1020.0,0.12038684701949565
1021.0,0.12015783028395244
1022.0,0.12002128450920446
1023.0,0.12005544881018926
1024.0,0.12022678969807699
1025.0,0.12043582931841657
1026.0,0.12060446688275472
1027.0,0.12070706355024552
1028.0,0.1207587831204498
1029.0,0.12078248865874586
1030.0,0.12077869887451786
1031.0,0.12074420250773749
1032.0,0.12069556339365589
1033.0,0.12068142647896729
1034.0,0.12075924166184926
1035.0,0.12094132976509064
1036.0,0.12117307447064923
1037.0,0.12135791180415767
1038.0,0.12142131044986915
1039.0,0.12136492938342475
1040.0,0.1212639184626505
1041.0,0.1212090535206311
1042.0,0.12124625314022267
1043.0,0.12136088055287547
1044.0,0.12149291291170183
1045.0,0.12157654628748313
1046.0,0.12158246995667929
1047.0,0.12153018964906931
1048.0,0.12146222997181802
1049.0,0.12140182529010687
1050.0,0.1213510582113248
1051.0,0.12131217904863559
1052.0,0.12130567822702926
1053.0,0.12137113749897985
1054.0,0.1215243999294432
1055.0,0.12173049024185414
1056.0,0.12193013376065495
1057.0,0.12208388637502754
1058.0,0.12219339933007775
1059.0,0.12229291032198225
1060.0,0.12241659224853307
1061.0,0.12257342625544665
1062.0,0.12275895123763378
1063.0,0.1229755436652736
1064.0,0.12324878892976335
1065.0,0.12360640220537017
1066.0,0.12402714825360062
1067.0,0.12444760853085685
1068.0,0.12482252367316857
1069.0,0.1251448257980309
1070.0,0.12541436142142348
1071.0,0.12562597548011437
1072.0,0.12577587033371765
1073.0,0.12586389759428973
1074.0,0.12589312414047452
1075.0,0.12585612651426314
1076.0,0.12572553073390744
1077.0,0.12549310233547
1078.0,0.12520227746413481
1079.0,0.12491431409874001
1080.0,0.12465883143603892
1081.0,0.12443227846769755
1082.0,0.12421828682953989
1083.0,0.1239838111997753
1084.0,0.1236933799904982
1085.0,0.1233578157380861
1086.0,0.12304627612489999
1087.0,0.12284401806583256
1088.0,0.1227922330374312
1089.0,0.12285173077037845
1090.0,0.12292684810338561
1091.0,0.12293208923309684
1092.0,0.12284747878846286
1093.0,0.12271508371412027
1094.0,0.12260203034248918
1095.0,0.12255863153467805
1096.0,0.12259003083726214
1097.0,0.12266527934777743
1098.0,0.12274949501026017
1099.0,0.122837030019956
1100.0,0.12293451460013191
1101.0,0.12302000527565332
1102.0,0.12305109791520996
1103.0,0.12299769629624979
1104.0,0.12287545001119918
1105.0,0.12274766731631653
1106.0,0.12267189289616354
1107.0,0.12265275639454867
1108.0,0.12268282426726188
1109.0,0.1227914538654431
1110.0,0.12302792112235184
1111.0,0.12341416253556803
1112.0,0.12387042135734444
1113.0,0.12422833702184416
1114.0,0.1243490883205022
1115.0,0.12422666881228445
1116.0,0.12399923758098169
1117.0,0.1238538133818465
1118.0,0.12389912875119097
1119.0,0.12409961738391062
1120.0,0.12432896138246693
1121.0,0.12446867200911665
1122.0,0.12447406476923426
1123.0,0.12438421813122696
1124.0,0.12426309269203573
1125.0,0.12415250257844118
1126.0,0.12406223241178577
1127.0,0.1239918581464714
1128.0,0.1239660586155737
1129.0,0.12401442782637256
1130.0,0.12413404861566363
1131.0,0.12427264040858713
1132.0,0.12434729027317731
1133.0,0.12430694576580137
1134.0,0.12417332790044805
1135.0,0.12400848010770046
1136.0,0.1238567602811047
1137.0,0.12373754830366224
1138.0,0.12365347811625549
1139.0,0.12358890885073567
1140.0,0.12352212567846965
1141.0,0.12344221086770271
1142.0,0.12336684655456986
1143.0,0.12336054898368701
1144.0,0.12349474515372727
1145.0,0.12376667939661751
1146.0,0.12408054950087047
1147.0,0.12430456471947454
1148.0,0.12435990846646017
1149.0,0.12427137935225008
1150.0,0.12414468241563659
1151.0,0.12408730245950197
1152.0,0.1241396136918306
1153.0,0.1242666486672662
1154.0,0.12439585572546338
1155.0,0.12447710455317229
1156.0,0.12450645638905355
1157.0,0.12450769487194413
1158.0,0.1245085041769135
1159.0,0.12451911961198123
1160.0,0.12453726522872854
1161.0,0.12456379897165798
1162.0,0.1246036499409956
1163.0,0.124661859686346
1164.0,0.1247380184905803
1165.0,0.12482586880802837
1166.0,0.12492344516968243
1167.0,0.12503583599098422
1168.0,0.1251594772252116
1169.0,0.12527680335592412
1170.0,0.12537026718309507
1171.0,0.12543453957873468
1172.0,0.12547682205034638
1173.0,0.12550557268265983
1174.0,0.1255124008949823
1175.0,0.12548963622934609
1176.0,0.12547215141923065
1177.0,0.1255267298146442
1178.0,0.1257064225473954
1179.0,0.1259871595215555
1180.0,0.12624228928445558
1181.0,0.1263273045616392
1182.0,0.1261900444247426
1183.0,0.1259035281654512
1184.0,0.12560470960822137
1185.0,0.12540219242464523
1186.0,0.12531345239123418
1187.0,0.12530505330241365
1188.0,0.12536859648427962
1189.0,0.1255045351608201
1190.0,0.125694508177696
1191.0,0.12591662210399912
1192.0,0.12616086851017802
1193.0,0.12641881520446663
1194.0,0.12667014718017167
1195.0,0.12687255650524493
1196.0,0.12697888835931104
1197.0,0.12698213502456443
1198.0,0.12691840365455798
1199.0,0.12681430013232567
1200.0,0.12666878851773647
1201.0,0.12649180730936108
1202.0,0.12632002543106916
1203.0,0.126201644741253
1204.0,0.12616559812274386
1205.0,0.12619887038208505
1206.0,0.12626270408169388
1207.0,0.1263323995225023
1208.0,0.12640562930484875
1209.0,0.12648368952202582
1210.0,0.12655705788203986
1211.0,0.1266015239457714
1212.0,0.12660444786815245
1213.0,0.12658723211443945
1214.0,0.12659344904616332
1215.0,0.1266585785638737
1216.0,0.12678082115308442
1217.0,0.12691868705122916
1218.0,0.1270189408691344
1219.0,0.12705380182904563
1220.0,0.12703910243940875
1221.0,0.12702026144534856
1222.0,0.12703482281739253
1223.0,0.1270866369328918
1224.0,0.1271603404128442
1225.0,0.12724430810987933
1226.0,0.127343771831606
1227.0,0.12746720058093547
1228.0,0.1275890946814408
1229.0,0.12765935368904663
1230.0,0.12765134603041262
1231.0,0.1275793105192866
1232.0,0.12747509586453318
1233.0,0.12736578619904632
1234.0,0.12726344884714866
1235.0,0.12717225115413572
1236.0,0.12710535335795803
1237.0,0.12707617057266246
1238.0,0.12708322700386132
1239.0,0.12713294092474509
1240.0,0.12726061194872051
1241.0,0.12748800754605705
1242.0,0.12778466425952462
1243.0,0.12808321400493702
1244.0,0.1283228086165992
1245.0,0.1284829468622706
1246.0,0.12858654109140105
1247.0,0.12866434374891778
1248.0,0.12872360961759205
1249.0,0.12876572013434862
1250.0,0.12879927824770002
1251.0,0.12882844120373022
1252.0,0.12885016954980705
1253.0,0.1288647268907881
1254.0,0.12888374960602447
1255.0,0.1289317438480039
1256.0,0.12902659295786165
1257.0,0.12915416606343183
1258.0,0.1292703850880424
1259.0,0.12932604256110294
1260.0,0.12930716576495743
1261.0,0.12925565635965452
1262.0,0.12924472972610462
1263.0,0.12933136014701518
1264.0,0.12951195489286163
1265.0,0.12972023330257726
1266.0,0.12988417558291626
1267.0,0.1299867058059149
1268.0,0.13004595997452736
1269.0,0.13006680829241568
1270.0,0.13003986266888753
1271.0,0.1299586011534068
1272.0,0.12984919290263286
1273.0,0.12977096151609385
1274.0,0.12976718679641908
1275.0,0.12982925087619562
1276.0,0.12990909915381102
1277.0,0.1299579715919692
1278.0,0.1299584594395652
1279.0,0.12993091920893884
1280.0,0.12990446231751662
1281.0,0.12989363288555716
1282.0,0.12990209754534388
1283.0,0.12993346480391285
1284.0,0.13000424535891497
1285.0,0.13013110880901418
1286.0,0.13030554109294165
1287.0,0.13049132058570354
1288.0,0.13064325532042143
1289.0,0.13074064242405053
1290.0,0.1308056431077859
1291.0,0.13089750904353545
1292.0,0.13108251134213728
1293.0,0.13137003763235433
1294.0,0.1316839569091828
1295.0,0.1319037833105089
1296.0,0.13194201160286895
1297.0,0.13182042113141088
1298.0,0.13166728147866047
1299.0,0.13162375263058185
1300.0,0.13174263099771255
1301.0,0.1319700402411738
1302.0,0.1322003664759826
1303.0,0.13235480788528875
1304.0,0.13243059095867268
1305.0,0.13246606737701938
1306.0,0.13249444976375563
1307.0,0.13253324626481677
1308.0,0.1325783281318173
1309.0,0.1326089246421045
1310.0,0.1326046761498562
1311.0,0.13256012711035817
1312.0,0.13249359073235745
1313.0,0.13244286172911224
1314.0,0.13243828719770806
1315.0,0.13247721498734305
1316.0,0.13253376679083695
1317.0,0.1325904867278773
1318.0,0.13264241387837822
1319.0,0.13268459037540636
1320.0,0.13271644764055493
1321.0,0.13274649788102236
1322.0,0.13278146212088823
1323.0,0.13281385233911946
1324.0,0.13280665274463954
1325.0,0.13270763015194337
1326.0,0.13252420797689815
1327.0,0.13235242052259977
1328.0,0.1323189644477779
1329.0,0.13248988781314489
1330.0,0.1328028385436305
1331.0,0.13309798886045887
1332.0,0.13322814069202704
1333.0,0.13316373909422868
1334.0,0.13300990235307514
1335.0,0.13292638334936635
1336.0,0.133013071901635
1337.0,0.1332485075988926
1338.0,0.13353331031223972
1339.0,0.13376967269014448
1340.0,0.13392059531118294
1341.0,0.13401761338436857
1342.0,0.13411072341519203
1343.0,0.13423199972402672
1344.0,0.13438690796081265
1345.0,0.13454313428016484
1346.0,0.13464051722344833
1347.0,0.1346426288889293
1348.0,0.13457599860650032
1349.0,0.13453044907956516
1350.0,0.13461069863482436
1351.0,0.1348448812048044
1352.0,0.13514918094869768
1353.0,0.13539926157147192
1354.0,0.13552661627262694
1355.0,0.13554374520488457
1356.0,0.1355138461875449
1357.0,0.13549349238260522
1358.0,0.1354920892236907
1359.0,0.13549666742974856
1360.0,0.13549760329702978
1361.0,0.13548697825528538
1362.0,0.1354633545041493
1363.0,0.13543904152666314
1364.0,0.13543355748542485
1365.0,0.13545904575329099
1366.0,0.13551289767668664
1367.0,0.13558278518722
1368.0,0.1356578833294808
1369.0,0.1357387451930379
1370.0,0.1358232786250794
1371.0,0.13588716007556167
1372.0,0.13590577141895369
1373.0,0.1358847090871649
1374.0,0.13587370649603814
1375.0,0.13594830931290997
1376.0,0.13614610915850384
1377.0,0.13642618080080735
1378.0,0.13668728195550278
1379.0,0.13683300775609147
1380.0,0.13684503761234063
1381.0,0.13679922459935184
1382.0,0.13680632339753174
1383.0,0.1369284691199779
1384.0,0.13714142733214518
1385.0,0.13736089024273504
1386.0,0.13751702675393054
1387.0,0.1376028254784858
1388.0,0.13764541254398371
1389.0,0.1376696316149826
1390.0,0.13768236549336577
1391.0,0.1376822065005488
1392.0,0.13769114651166248
1393.0,0.1377478417049936
1394.0,0.13787535692247901
1395.0,0.13804356004556229
1396.0,0.13815828322525286
1397.0,0.13813329385033735
1398.0,0.1379701213590082
1399.0,0.1377626738535982
1400.0,0.1376319205729469
1401.0,0.13764205869694834
1402.0,0.13776031546742526
1403.0,0.13789336351978917
1404.0,0.13796577084076206
1405.0,0.1379623513033794
1406.0,0.13792341397407948
1407.0,0.1378965111563484
1408.0,0.1378923886157396
1409.0,0.13790615127438527
1410.0,0.13794535127261837
1411.0,0.1380353599097684
1412.0,0.13819958301049215
1413.0,0.1384153375673272
1414.0,0.13861799760165197
1415.0,0.1387583270984671
1416.0,0.13883792255566405
1417.0,0.13889246213881346
1418.0,0.13896067445909493
1419.0,0.13906256141036039
1420.0,0.13918576126694743
1421.0,0.13929266193622863
1422.0,0.1393513597481226
1423.0,0.13936422633252615
1424.0,0.13936580255454564
1425.0,0.13939491187291514
1426.0,0.1394680759839264
1427.0,0.13957206086908006
1428.0,0.13970221818207923
1429.0,0.1398957298476632
1430.0,0.1401707538658547
1431.0,0.14047195601225454
1432.0,0.14070142565875793
1433.0,0.14078634520619612
1434.0,0.1407367878908791
1435.0,0.14063674039121693
1436.0,0.14054982443364028
1437.0,0.14046582587053272
1438.0,0.1403809385821115
1439.0,0.14034488735439385
1440.0,0.14041190625463235
1441.0,0.14058414998592175
1442.0,0.1407838020479315
1443.0,0.14090134043802183
1444.0,0.14088585546328392
1445.0,0.14078280859715123
1446.0,0.14069076302320765
1447.0,0.14068579975283008
1448.0,0.14076992049368706
1449.0,0.14088388222140893
1450.0,0.14097217604689544
1451.0,0.1410171839610858
1452.0,0.14103147684079415
1453.0,0.1410254698527761
1454.0,0.1409770460995246
1455.0,0.14087414590529815
1456.0,0.14076085537104235
1457.0,0.14071875167413633
1458.0,0.14081381694600625
1459.0,0.1410312672035183
1460.0,0.14127169237823575
1461.0,0.1414383134251369
1462.0,0.14151407230383165
1463.0,0.14153637690920295
1464.0,0.1415437704116353
1465.0,0.14155781560898004
1466.0,0.1415773506140376
1467.0,0.14159244790880243
1468.0,0.14159860755272496
1469.0,0.14159552220880367
1470.0,0.14159036130093475
1471.0,0.14160514778381086
1472.0,0.14166055379934187
1473.0,0.14174924633164926
1474.0,0.14183959261599477
1475.0,0.14190392242017663
1476.0,0.141935414525417
1477.0,0.1419441333822636
1478.0,0.14194767574508155
1479.0,0.14195963702068012
1480.0,0.14198107463773973
1481.0,0.14200144071818877
1482.0,0.14200103550287912
1483.0,0.14196031822322838
1484.0,0.14189718990577668
1485.0,0.14187797825540602
1486.0,0.141965118477835
1487.0,0.14216115430501997
1488.0,0.14238196398872782
1489.0,0.14250189610949637
1490.0,0.14246146529844755
1491.0,0.14232148271130984
1492.0,0.14220639033153648
1493.0,0.1422084465591906
1494.0,0.14233497970555406
1495.0,0.1425256689198821
1496.0,0.1427398468727295
1497.0,0.14298412798774607
1498.0,0.14324477534827823
1499.0,0.14347532271418456
1500.0,0.14364353026144727
1501.0,0.14374855449420038
1502.0,0.14380182794663943
1503.0,0.14381418145318395
1504.0,0.1437920239357146
1505.0,0.14373858916981166
1506.0,0.1436591619888085
1507.0,0.14355848653230288
1508.0,0.14343751682535824
1509.0,0.14332832398993975
1510.0,0.14331053014142814
1511.0,0.14343384123918368
1512.0,0.14365599628555747
1513.0,0.14387860904451716
1514.0,0.1440238039308534
1515.0,0.14407626873689006
1516.0,0.14407548824715924
1517.0,0.14405201075654053
1518.0,0.14399367253049486
1519.0,0.14391044787690468
1520.0,0.14386368816856807
1521.0,0.14392070456750716
1522.0,0.14409930023216883
1523.0,0.14433943293412468
1524.0,0.14454359019583138
1525.0,0.14465803642844535
1526.0,0.14470098360465947
1527.0,0.14471438241339468
1528.0,0.14472672657694172
1529.0,0.1447475010843741
1530.0,0.14477112967055122
1531.0,0.14479158182856644
1532.0,0.14480757444484602
1533.0,0.14481934793968482
1534.0,0.14483453350087774
1535.0,0.1448712440196898
1536.0,0.14493570738234662
1537.0,0.14500504953560364
1538.0,0.14503910976041998
1539.0,0.14500823778719188
1540.0,0.14492885737184572
1541.0,0.14486419570057535
1542.0,0.14487578471933385
1543.0,0.14497551930786315
1544.0,0.14511878704185524
1545.0,0.14523957567680518
1546.0,0.14530345292979646
1547.0,0.1453243869942485
1548.0,0.14531375561527998
1549.0,0.14525894831836997
1550.0,0.14516133787838725
1551.0,0.14505997397446393
1552.0,0.14502883740374042
1553.0,0.14512241710697507
1554.0,0.14531123540167426
1555.0,0.1455052580436035
1556.0,0.14564002673809717
1557.0,0.1457128961999755
1558.0,0.14575447325528398
1559.0,0.14580011884488966
1560.0,0.14586909955046548
1561.0,0.14595062447340268
1562.0,0.1460112355740006
1563.0,0.1460191864079084
1564.0,0.14596889353788306
1565.0,0.1459085060584543
1566.0,0.1459271854861699
1567.0,0.14607913846041454
1568.0,0.14632468829065406
1569.0,0.14651638745854875
1570.0,0.14648434377933206
1571.0,0.14620986631562116
1572.0,0.14587702465322971
1573.0,0.14573690845663886
1574.0,0.1459174297675594
1575.0,0.1463245376273406
1576.0,0.14672024389868513
1577.0,0.14693127571313022
1578.0,0.14696407140664514
1579.0,0.1469198155232061
1580.0,0.1468916682888796
1581.0,0.1469160596399507
1582.0,0.1469677431641215
1583.0,0.1470088599509445
1584.0,0.14702098086559784
1585.0,0.1470064352911587
1586.0,0.14697498820734184
1587.0,0.1469242577649365
1588.0,0.1468519445216629
1589.0,0.14677518855907298
1590.0,0.14671511782295818
1591.0,0.14667573523511157
1592.0,0.14665879959034456
1593.0,0.1466822100822241
1594.0,0.14677243001950332
1595.0,0.14694463185467546
1596.0,0.14717314183767705
1597.0,0.1473504587256556
1598.0,0.14750570616620487
1599.0,0.0
