0.0,0.0
1.0,0.0
2.0,0.0
3.0,0.0
4.0,0.0
5.0,0.0
6.0,0.0
7.0,0.0
8.0,0.0
9.0,0.0
10.0,0.0
11.0,0.0
12.0,0.0
13.0,0.0
14.0,0.0
15.0,0.0
16.0,0.0
17.0,0.0
18.0,0.0
19.0,0.0
20.0,0.0
21.0,0.0
22.0,0.0
23.0,0.0
24.0,0.0
25.0,0.0
26.0,0.0
27.0,0.0
28.0,0.0
29.0,0.0
30.0,0.0
31.0,0.0
32.0,0.0
33.0,0.0
34.0,0.0
35.0,0.0
36.0,0.0
37.0,0.0
38.0,0.0
39.0,0.0
40.0,0.0
41.0,0.0
42.0,0.0
43.0,0.0
44.0,0.0
45.0,0.0
46.0,0.0
47.0,0.0
48.0,0.0
49.0,0.0
50.0,0.0
51.0,0.0
52.0,0.0
53.0,0.0
54.0,0.0
55.0,0.0
56.0,0.0
57.0,0.0
58.0,0.0
59.0,0.0
60.0,0.0
61.0,0.0
62.0,0.0
63.0,0.0
64.0,0.0
65.0,0.0
66.0,0.0
67.0,0.0
68.0,0.0
69.0,0.0
70.0,0.0
71.0,0.0
72.0,0.0
73.0,0.0
74.0,0.0
75.0,0.0
76.0,0.0
77.0,0.0
78.0,0.0
79.0,0.0
80.0,0.0
81.0,0.0
82.0,0.0
83.0,0.0
84.0,0.0
85.0,0.0
86.0,0.0
87.0,0.0
88.0,0.0
89.0,0.0
90.0,0.0
91.0,0.0
92.0,0.0
93.0,0.0
94.0,0.0
95.0,0.0
96.0,0.0
97.0,0.0
98.0,0.0
99.0,0.0
100.0,0.0
101.0,0.0
102.0,0.0
103.0,0.0
104.0,0.0
105.0,0.0
106.0,0.0
107.0,0.0
108.0,0.0
109.0,0.0
110.0,0.0
111.0,0.0
112.0,0.0
113.0,0.0
114.0,0.0
115.0,0.0
116.0,0.034018013989495555
117.0,0.029534071713615884
118.0,0.025336063544618814
119.0,0.021380183975919897
120.0,0.017840723854315566
121.0,0.014754452600707402
122.0,0.01199646821880207
123.0,0.009444316344538128
124.0,0.007161571360041585
125.0,0.00525941853778833
126.0,0.0037013739205284946
127.0,0.002395704568473378
128.0,0.0013373429381398072
129.0,0.0005740970001453238
130.0,0.0001324564740715628
131.0,0.0
132.0,0.00013019025444738208
133.0,0.00044892343435687376
134.0,0.000883835432732516
135.0,0.0013984820502881412
136.0,0.001989504980594914
137.0,0.002640029470490579
138.0,0.00328683392896445
139.0,0.0038220067810937897
140.0,0.0041646024218695565
141.0,0.004349712484588486
142.0,0.004526789931291186
143.0,0.004874080256964897
144.0,0.005489300863341762
145.0,0.006345398082787224
146.0,0.007299649544100784
147.0,0.008165853754103058
148.0,0.008807289360568293
149.0,0.009183755976452712
150.0,0.009340576118688437
151.0,0.009338731382090959
152.0,0.009155223574348947
153.0,0.008657064978481399
154.0,0.0078034407955325236
155.0,0.006776647642586342
156.0,0.005777419982224474
157.0,0.004829708305692293
158.0,0.003894110082149016
159.0,0.002998704301211186
160.0,0.0021986330541853283
161.0,0.0015286036132877712
162.0,0.0010052508965364693
163.0,0.0006320650179142406
164.0,0.0003893644031428556
165.0,0.0002866842444495532
166.0,0.00046999848661999355
167.0,0.0010967211676575772
168.0,0.002060049718243806
169.0,0.0030159294518475877
170.0,0.003669030320185618
171.0,0.003940076502914391
172.0,0.003910627349669071
173.0,0.003770144665605657
174.0,0.0037481277050926964
175.0,0.00399435082805466
176.0,0.004516879248219308
177.0,0.005184232234289876
178.0,0.005809305044497615
179.0,0.006145819082788995
180.0,0.005922355763384846
181.0,0.0051352703616959205
182.0,0.004163547887468422
183.0,0.0034847041838002024
184.0,0.003329335242450049
185.0,0.0036301169836763236
186.0,0.004160927697337891
187.0,0.004697587286957128
188.0,0.005148384588663291
189.0,0.005503763203278167
190.0,0.005767196959408749
191.0,0.00595128484311791
192.0,0.006043718894529371
193.0,0.00595699031228103
194.0,0.005612892653012014
195.0,0.005105271938428468
196.0,0.0046801120732563595
197.0,0.0045657176957506485
198.0,0.0048178799228626445
199.0,0.005297896684226755
200.0,0.005763744429505557
201.0,0.006016848729572866
202.0,0.00599290047280332
203.0,0.005740970427404735
204.0,0.005404545733905808
205.0,0.0051585815537416035
206.0,0.005078122980005428
207.0,0.005078099764837751
208.0,0.005021203127853924
209.0,0.0048666112222410796
210.0,0.0047258692340488295
211.0,0.0047753602317830435
212.0,0.004982826635899218
213.0,0.005071588441158736
214.0,0.004969174066414173
215.0,0.004970287168593379
216.0,0.005279917252279609
217.0,0.005770533415996093
218.0,0.00626158051932757
219.0,0.0067079696034452185
220.0,0.007114307137180309
221.0,0.0074784948396956485
222.0,0.0077982864373687955
223.0,0.008066654810349516
224.0,0.008265744491336657
225.0,0.008385971524248803
226.0,0.008452531829059362
227.0,0.008476759694976077
228.0,0.00839145060211055
229.0,0.008133642431497279
230.0,0.007756643355850135
231.0,0.0074267343284385445
232.0,0.007329930666432061
233.0,0.00754783368027645
234.0,0.0080045441095844
235.0,0.008512548637583328
236.0,0.008884582137217878
237.0,0.008960143635951212
238.0,0.008642492444222882
239.0,0.008039046837563624
240.0,0.007447355961200164
241.0,0.007165406235784988
242.0,0.007300217264104902
243.0,0.007738289960836253
244.0,0.00823740328187239
245.0,0.00853732839443988
246.0,0.00850242529258316
247.0,0.008174112395072708
248.0,0.007736044871758829
249.0,0.007422129212072748
250.0,0.007396435800867129
251.0,0.007712829145389177
252.0,0.008261569885140707
253.0,0.008776863594735285
254.0,0.00894114528725598
255.0,0.008502429398140054
256.0,0.00749245919668573
257.0,0.00629204248823656
258.0,0.005438616658724027
259.0,0.005325716223572696
260.0,0.0059587427030601825
261.0,0.006972551998653986
262.0,0.0078006655126275914
263.0,0.007979434620235426
264.0,0.007404528331204752
265.0,0.006350278580080637
266.0,0.0052867600316179875
267.0,0.004594523961275576
268.0,0.0044931850596285905
269.0,0.005001027177776396
270.0,0.005855092476290791
271.0,0.006656812893034547
272.0,0.00713512380781911
273.0,0.007288242353986951
274.0,0.007270667189030022
275.0,0.00722721740651211
276.0,0.007200501490059352
277.0,0.007150734704161499
278.0,0.007078347622726078
279.0,0.007071248771735483
280.0,0.0072601554401631185
281.0,0.0077298506151868285
282.0,0.008459014569570544
283.0,0.009307369817307065
284.0,0.010075955808423354
285.0,0.010599101217092288
286.0,0.01080814800063612
287.0,0.01077271697343296
288.0,0.010652360377863102
289.0,0.010587409942843906
290.0,0.010611899388770829
291.0,0.010682055163803827
292.0,0.010763714547370573
293.0,0.010910601049208268
294.0,0.0112442611859771
295.0,0.011781639668786315
296.0,0.012361600078188983
297.0,0.012762980186636796
298.0,0.012846063607637737
299.0,0.012583932212234417
300.0,0.012059741158603754
301.0,0.011444143041665522
302.0,0.010902664844493093
303.0,0.010512782490017414
304.0,0.010248247427672275
305.0,0.010047645143752004
306.0,0.00985901211935114
307.0,0.00964044411339049
308.0,0.00938231763465669
309.0,0.009117465262013957
310.0,0.008883731107082404
311.0,0.008678939398744867
312.0,0.00848564995340162
313.0,0.008317250573958712
314.0,0.008216597064727438
315.0,0.008228198676482279
316.0,0.008370382061706927
317.0,0.008623753940499523
318.0,0.00893243861767179
319.0,0.009230142553417697
320.0,0.009470563722684733
321.0,0.009644378464375825
322.0,0.0097708764254546
323.0,0.009869597486537707
324.0,0.009932711027012653
325.0,0.009932813611099656
326.0,0.00987380256470971
327.0,0.00980213267010377
328.0,0.009764664259726552
329.0,0.00977723832528865
330.0,0.009828611630439021
331.0,0.009894599302731288
332.0,0.009954252571947708
333.0,0.010000069559113478
334.0,0.010033755090419372
335.0,0.010070500222869039
336.0,0.010140920824527111
337.0,0.010287199895317678
338.0,0.010553297409288676
339.0,0.010931106973956606
340.0,0.011329484995653782
341.0,0.011544461217349644
342.0,0.011317797718379152
343.0,0.010612501284397946
344.0,0.009731056785398984
345.0,0.009054778146340037
346.0,0.008743730710471076
347.0,0.008741374966915294
348.0,0.008899060041804518
349.0,0.00903663941662447
350.0,0.009028949665491504
351.0,0.008846016869796025
352.0,0.00854395931787233
353.0,0.008222623435109044
354.0,0.00797055079653175
355.0,0.007856776815572286
356.0,0.007895356598511039
357.0,0.008008152215961295
358.0,0.008094440793893543
359.0,0.0081489816751118
360.0,0.00822693799097407
361.0,0.008308976700954651
362.0,0.008305607916374247
363.0,0.008152370369855055
364.0,0.007860226636096979
365.0,0.0075015169702082884
366.0,0.007105563380463975
367.0,0.006580739533369351
368.0,0.005845209133634621
369.0,0.004970349830756504
370.0,0.004165216667899152
371.0,0.003664024811315225
372.0,0.003663113388582828
373.0,0.00424793222496711
374.0,0.005242277198410972
375.0,0.006243354369017018
376.0,0.006818937836382877
377.0,0.006762321105978741
378.0,0.006242464880548693
379.0,0.005655448347764103
380.0,0.005262782941698352
381.0,0.005036547453540874
382.0,0.004888179822261973
383.0,0.0048062858394366526
384.0,0.004799390475223597
385.0,0.004866814810920439
386.0,0.004998756435072749
387.0,0.0051855627512721325
388.0,0.005430775593454729
389.0,0.00574660575644137
390.0,0.006139877721238363
391.0,0.006588211066350214
392.0,0.007032570546597783
393.0,0.007415183011661108
394.0,0.007719802742970017
395.0,0.00796384992464616
396.0,0.008163108611053405
397.0,0.008300699835457448
398.0,0.00832895040485715
399.0,0.008241547002496241
400.0,0.00811286304298342
401.0,0.008048745206699848
402.0,0.008113231906323404
403.0,0.008290777566846708
404.0,0.008510370653311172
405.0,0.008722933329352145
406.0,0.008935609635434716
407.0,0.009156291024152496
408.0,0.00934457895951546
409.0,0.009407407456766936
410.0,0.009223271226936114
411.0,0.008663928625563644
412.0,0.007726260968453635
413.0,0.0066595667938981196
414.0,0.005811528385481379
415.0,0.005350210158348356
416.0,0.005213801928451001
417.0,0.00527568527883715
418.0,0.0055134548977070486
419.0,0.0060799931634548665
420.0,0.007074299459954192
421.0,0.008310673311978434
422.0,0.009419986960500615
423.0,0.010103634658402139
424.0,0.010294162804148743
425.0,0.010151172881268211
426.0,0.009936140604365984
427.0,0.009835189574567638
428.0,0.009922734680047118
429.0,0.010188761317435957
430.0,0.010570754280131545
431.0,0.011015012433725713
432.0,0.011511608044901589
433.0,0.012075231247766438
434.0,0.012667038106354611
435.0,0.013177172191530917
436.0,0.013482078894355376
437.0,0.01353212626819933
438.0,0.013399993440408875
439.0,0.013266942731738118
440.0,0.013361131878230403
441.0,0.013797928374361113
442.0,0.014469575098488452
443.0,0.015132549979493093
444.0,0.015605480487755119
445.0,0.015847157997880168
446.0,0.015902415357118893
447.0,0.015850022847743728
448.0,0.015746483831245217
449.0,0.015610328829195441
450.0,0.015441621743850664
451.0,0.015262811222991335
452.0,0.015138788769366363
453.0,0.015135420730897464
454.0,0.015272162346231521
455.0,0.015502904136500906
456.0,0.01574350058061813
457.0,0.015924641930405325
458.0,0.016028390907583234
459.0,0.016068139891016853
460.0,0.016065100614364614
461.0,0.01605379877326729
462.0,0.0160637895886373
463.0,0.016092667571490527
464.0,0.016092901239098123
465.0,0.015978286233857775
466.0,0.01568483801609366
467.0,0.015233511968150037
468.0,0.014714552223286659
469.0,0.014211944866152404
470.0,0.013761403233411795
471.0,0.01335892235102809
472.0,0.013019529101850558
473.0,0.012829553650495984
474.0,0.012927652747583007
475.0,0.013436204757885428
476.0,0.014298669652797358
477.0,0.015231229681908043
478.0,0.01588638545367671
479.0,0.016068734720113942
480.0,0.015832420644416145
481.0,0.01539753984730563
482.0,0.014941952453627283
483.0,0.014468927811839394
484.0,0.01395217420263739
485.0,0.013443607961958537
486.0,0.012986338879862447
487.0,0.012570264441510326
488.0,0.012182097350392107
489.0,0.011846719514125081
490.0,0.011630677373348663
491.0,0.011599364735800144
492.0,0.011760436221381676
493.0,0.012049319517749013
494.0,0.012367217149407028
495.0,0.012634712328269293
496.0,0.012822210069157958
497.0,0.012945319393794619
498.0,0.01302872894149354
499.0,0.013003453741640247
500.0,0.012655553303568379
501.0,0.01188794179031849
502.0,0.010945967905253817
503.0,0.01030576732540689
504.0,0.010371649549949957
505.0,0.01116270095624261
506.0,0.012270877097468214
507.0,0.013136022915364975
508.0,0.013416496842223458
509.0,0.013107667739082562
510.0,0.012451194698073653
511.0,0.01176887781378888
512.0,0.011264829716383096
513.0,0.010994875646404556
514.0,0.010909124520816715
515.0,0.010922929204054466
516.0,0.01098891393315804
517.0,0.011100434512421486
518.0,0.011263288436352603
519.0,0.011450425636294281
520.0,0.011606707978767727
521.0,0.011695662029598486
522.0,0.011717293901951975
523.0,0.011690073706372095
524.0,0.011631500236333747
525.0,0.011545470617627562
526.0,0.011428688602484915
527.0,0.01128533063493431
528.0,0.011091204066503768
529.0,0.010771465622899767
530.0,0.010293418987427083
531.0,0.009742535708536448
532.0,0.009304321022818196
533.0,0.009164846769300627
534.0,0.009374328416948075
535.0,0.009807173734231456
536.0,0.010262057211584685
537.0,0.010598250945501375
538.0,0.010760392824513132
539.0,0.010758893806491976
540.0,0.010638523007603817
541.0,0.010422032709487827
542.0,0.010066410143946714
543.0,0.009530393985659802
544.0,0.00892578563554347
545.0,0.008498162202160264
546.0,0.00846154515085884
547.0,0.008842400401543826
548.0,0.009453194985527325
549.0,0.010019548206863238
550.0,0.010362467160874966
551.0,0.01047571501992528
552.0,0.010454272350015281
553.0,0.010440414534939824
554.0,0.010571037532221217
555.0,0.010889366914909937
556.0,0.011315202197373253
557.0,0.01166950513473608
558.0,0.01176639586922168
559.0,0.011537636365326787
560.0,0.011078925898504788
561.0,0.010594189158441014
562.0,0.010269701441426804
563.0,0.010198737309558448
564.0,0.010361069080409457
565.0,0.010652211113566956
566.0,0.010966687526784202
567.0,0.011262043135150446
568.0,0.011565110917129973
569.0,0.011899721822359433
570.0,0.012252953142645628
571.0,0.012619660159902013
572.0,0.01300569734713608
573.0,0.013390404956802993
574.0,0.013722140023247675
575.0,0.01394316624329639
576.0,0.014030193306682315
577.0,0.014013116970298722
578.0,0.014007339771913041
579.0,0.014212198509788943
580.0,0.014732081070984782
581.0,0.015429691103076348
582.0,0.015975438136855757
583.0,0.016040227728674084
584.0,0.015516675860480222
585.0,0.01458616699197457
586.0,0.013597594365905463
587.0,0.012840259210772476
588.0,0.012436845575624966
589.0,0.012352090545568628
590.0,0.012480337238752526
591.0,0.012760238483082609
592.0,0.013189727150957897
593.0,0.01378075164705661
594.0,0.014462449313659143
595.0,0.015085873887079049
596.0,0.015555838534433875
597.0,0.015883972907300703
598.0,0.016111292410620037
599.0,0.01624106370353906
600.0,0.016226663607700975
601.0,0.016029440029610376
602.0,0.015700016084530866
603.0,0.015365757813289527
604.0,0.015147773691996824
605.0,0.01508797923477434
606.0,0.015138672343145254
607.0,0.015182450919011714
608.0,0.015089028686240624
609.0,0.014807992473594545
610.0,0.01441049895193025
611.0,0.014075341728254975
612.0,0.014000369494718279
613.0,0.014275490523458112
614.0,0.014823822586974233
615.0,0.015429425759842297
616.0,0.015861824408621716
617.0,0.015993574858443438
618.0,0.015857697567521645
619.0,0.015619481724486683
620.0,0.015465022641407367
621.0,0.015516041487027787
622.0,0.015762512042560184
623.0,0.01605842587186712
624.0,0.016191606536651193
625.0,0.01595060642250934
626.0,0.015271608381742352
627.0,0.014347300482653758
628.0,0.013517017538369092
629.0,0.013037113786325993
630.0,0.01293746151170505
631.0,0.013065845545102484
632.0,0.01324641600372245
633.0,0.013442467870349195
634.0,0.013701817453848908
635.0,0.01400030432323851
636.0,0.01428535621020055
637.0,0.01457235769150167
638.0,0.014898478433643447
639.0,0.015244300900441599
640.0,0.015497071909583382
641.0,0.015494314505460127
642.0,0.015163656067060827
643.0,0.014608545746733426
644.0,0.01408348962530448
645.0,0.013852656897203497
646.0,0.01403774571480354
647.0,0.014547028088187641
648.0,0.015125818516040002
649.0,0.01550868577269704
650.0,0.01553233645947305
651.0,0.015209610277022945
652.0,0.014707590068104515
653.0,0.014222186725062036
654.0,0.013848866669623927
655.0,0.013562095573375732
656.0,0.013319810109310826
657.0,0.013115946856193217
658.0,0.012966859792002183
659.0,0.012882065773283324
660.0,0.012837099688185583
661.0,0.012816970809218065
662.0,0.012866848961526234
663.0,0.013021836685456867
664.0,0.013228153495185135
665.0,0.013380565845251158
666.0,0.013404068917715617
667.0,0.013294648130470321
668.0,0.013104288950237408
669.0,0.012872333061428765
670.0,0.012582351486459142
671.0,0.012226331393740186
672.0,0.011856828176366241
673.0,0.01157127098375288
674.0,0.011455165623727837
675.0,0.01152224782509026
676.0,0.011700023421829298
677.0,0.011868744746645454
678.0,0.011931347247836621
679.0,0.011853802830030014
680.0,0.011676978455621434
681.0,0.011487627616037499
682.0,0.011370177043714791
683.0,0.01137786249738204
684.0,0.011505852150717533
685.0,0.01169632284668809
686.0,0.01188480185152152
687.0,0.012050042643184322
688.0,0.012198103578906161
689.0,0.012314405660026617
690.0,0.012345690141992938
691.0,0.012218335067983976
692.0,0.011932309674997255
693.0,0.011610123420375151
694.0,0.011433204979663159
695.0,0.011526912594939875
696.0,0.011865562720028144
697.0,0.012278229603029045
698.0,0.012532860179978567
699.0,0.012474806154359142
700.0,0.01212014023927288
701.0,0.01164766347667856
702.0,0.011321788426061352
703.0,0.01132940781936842
704.0,0.011656014488255817
705.0,0.012089956879219987
706.0,0.012345278998903808
707.0,0.012243189413157829
708.0,0.011798878283633463
709.0,0.01121961627009288
710.0,0.010804679449097687
711.0,0.010771314459369186
712.0,0.01115181677272048
713.0,0.011779076480026074
714.0,0.012394992622713041
715.0,0.01279590086834037
716.0,0.012920218635330105
717.0,0.012822059782335249
718.0,0.012562364535751214
719.0,0.012155834847006886
720.0,0.011575957116317148
721.0,0.01087916552879259
722.0,0.010263196277240039
723.0,0.009932937924559904
724.0,0.00995465317769062
725.0,0.010225568616653913
726.0,0.010557365932543583
727.0,0.010794447190221823
728.0,0.010899465440207812
729.0,0.010916959623575917
730.0,0.010922990046553172
731.0,0.011031990340197917
732.0,0.011329000008567458
733.0,0.011781582458736284
734.0,0.012211813422106588
735.0,0.012335846802065897
736.0,0.011974327364452919
737.0,0.01124671163553237
738.0,0.01051885881553849
739.0,0.010163311047447388
740.0,0.01032028570815574
741.0,0.010839769548762812
742.0,0.011391236431628704
743.0,0.011682843591209302
744.0,0.011610705272427524
745.0,0.011256477177143343
746.0,0.010760774004256346
747.0,0.010172790685611666
748.0,0.009487239013922677
749.0,0.008740425912498184
750.0,0.008092904856603411
751.0,0.0077972523381589776
752.0,0.008014382006683085
753.0,0.00867500502283819
754.0,0.009471217727007541
755.0,0.01002988944802019
756.0,0.010134317186719421
757.0,0.009840069413793784
758.0,0.009386808618043252
759.0,0.009017120363103981
760.0,0.008856917480421722
761.0,0.008881559341772649
762.0,0.009006226193115141
763.0,0.009180982531101833
764.0,0.00942962249877305
765.0,0.009782050136148135
766.0,0.010167512243673793
767.0,0.010420274752625747
768.0,0.0103687886831213
769.0,0.009981123596356445
770.0,0.00942423938846948
771.0,0.008932316768911652
772.0,0.008623154110537268
773.0,0.008475025751031595
774.0,0.00841068324473937
775.0,0.008352048592272343
776.0,0.008264177531810135
777.0,0.008150353411764122
778.0,0.008028672869552445
779.0,0.007938933527101621
780.0,0.007925836542516218
781.0,0.007996188529617476
782.0,0.008106873156087602
783.0,0.008197119983954837
784.0,0.008230293834515068
785.0,0.00820936112264059
786.0,0.008167809258099235
787.0,0.00814232908159962
788.0,0.00815027044826755
789.0,0.008191452060270332
790.0,0.008251004873125689
791.0,0.008304244652174442
792.0,0.00833220201917595
793.0,0.008332749092374525
794.0,0.008335141738398943
795.0,0.008399166575947192
796.0,0.008576001695008051
797.0,0.008870438949403703
798.0,0.009209946695445614
799.0,0.009463700387202734
800.0,0.009516142236643654
801.0,0.009335845685297106
802.0,0.009017830711804009
803.0,0.008739499495604763
804.0,0.008666632391994389
805.0,0.00885961865731516
806.0,0.00923404714986864
807.0,0.009623185784425892
808.0,0.00989196792666358
809.0,0.01001620836899042
810.0,0.010046428109674821
811.0,0.010034760032899714
812.0,0.009984790708314983
813.0,0.009872170991434337
814.0,0.009737379518158562
815.0,0.009678965175264787
816.0,0.009755874049611979
817.0,0.009950617162310937
818.0,0.010210618153935813
819.0,0.010507879951393129
820.0,0.010878383433429395
821.0,0.011353029014939953
822.0,0.011864518392530943
823.0,0.012261451722202499
824.0,0.012394836132560427
825.0,0.012240373428271722
826.0,0.011938583217967813
827.0,0.011710316247897645
828.0,0.011714939678993286
829.0,0.011962817701073658
830.0,0.012333402681267591
831.0,0.012670550395777858
832.0,0.012891871578344538
833.0,0.012995000525294065
834.0,0.013024048202638583
835.0,0.013056065837193764
836.0,0.013153920243868633
837.0,0.013317223709910841
838.0,0.013474347514639218
839.0,0.013516708937241273
840.0,0.013374501473422562
841.0,0.013076342145509512
842.0,0.012729149272297346
843.0,0.012433150024738937
844.0,0.01222621900481824
845.0,0.012095612207622397
846.0,0.012020541377514127
847.0,0.012018260245947876
848.0,0.012133222284237077
849.0,0.012393242534417925
850.0,0.012722643444238846
851.0,0.012916783361158424
852.0,0.012895556935691777
853.0,0.012884027423109068
854.0,0.013007864817651926
855.0,0.012971917626093954
856.0,0.01262751370881987
857.0,0.012377447790322349
858.0,0.01252413407218117
859.0,0.012786043672255665
860.0,0.012777968913326554
861.0,0.012470389964556072
862.0,0.012060215105757388
863.0,0.011746447725292208
864.0,0.011651040572131344
865.0,0.011773616877239323
866.0,0.012020324450184305
867.0,0.012281473059329584
868.0,0.012491817762139035
869.0,0.012647164578140135
870.0,0.012756260488422821
871.0,0.012829014041099818
872.0,0.012901418993509328
873.0,0.012996385985090175
874.0,0.013070940858319002
875.0,0.013037701203460483
876.0,0.012827893182663863
877.0,0.012447037011431128
878.0,0.011977034372139983
879.0,0.01148192400395831
880.0,0.010927461909693625
881.0,0.010296456014345479
882.0,0.009702739517783887
883.0,0.009326571253922777
884.0,0.009287607226160455
885.0,0.009546185838630872
886.0,0.009927205660017757
887.0,0.010277986776377146
888.0,0.010576926092472294
889.0,0.010842558610807518
890.0,0.01105427514663948
891.0,0.01118575077678502
892.0,0.011232534944749684
893.0,0.011212935858748663
894.0,0.011152178456745765
895.0,0.011060164932014616
896.0,0.010930965139973825
897.0,0.010766281451509596
898.0,0.010571161468373613
899.0,0.010329601795801113
900.0,0.010022471631565943
901.0,0.009661233535840308
902.0,0.009306065355357829
903.0,0.00905287604019589
904.0,0.008958818889055142
905.0,0.008984803086144633
906.0,0.008981320041994367
907.0,0.00875202607171216
908.0,0.008217153675014799
909.0,0.0075005686041744735
910.0,0.006848855555263322
911.0,0.006463378777980144
912.0,0.0063955744461732245
913.0,0.006547308651766781
914.0,0.0067672842698515145
915.0,0.006963930347191338
916.0,0.007104187157844777
917.0,0.007196866170332883
918.0,0.007297926552340461
919.0,0.00747127804144776
920.0,0.007736998611846513
921.0,0.00804203496558581
922.0,0.008271810495893761
923.0,0.008327236115160508
924.0,0.008203806630051935
925.0,0.00800130994464665
926.0,0.00785821313858115
927.0,0.007862003137372064
928.0,0.008004051510313803
929.0,0.008197818737087803
930.0,0.008350085598511525
931.0,0.008415035504838964
932.0,0.008403701430613864
933.0,0.008343842103020305
934.0,0.008229187121020276
935.0,0.008034590901357386
936.0,0.007753969825138984
937.0,0.007433603851084991
938.0,0.007163610350673422
939.0,0.007013667691984804
940.0,0.006984606427349549
941.0,0.007023955417237104
942.0,0.007076814651205021
943.0,0.007131058703444881
944.0,0.007204426925230156
945.0,0.0072425604961827705
946.0,0.007154708143079169
947.0,0.007023347429260474
948.0,0.007018658924568433
949.0,0.007027154891209364
950.0,0.006789706059110168
951.0,0.006445594029297119
952.0,0.006378081897542021
953.0,0.006582521211118797
954.0,0.006709047564848025
955.0,0.006572315948293439
956.0,0.0062562305008926344
957.0,0.005903173582286314
958.0,0.005605872876068174
959.0,0.005382283148532951
960.0,0.005217816670314679
961.0,0.005132527854933566
962.0,0.005172186608346063
963.0,0.00536848760022457
964.0,0.005691308287827546
965.0,0.00604717109117453
966.0,0.006342116025933264
967.0,0.006543429945013113
968.0,0.0066803809820594195
969.0,0.006809633919000246
970.0,0.006990234791204197
971.0,0.007246065583298433
972.0,0.007536456445308037
973.0,0.0077812724868802086
974.0,0.007924437325287026
975.0,0.00797102313688891
976.0,0.007965164105539324
977.0,0.007954939750473067
978.0,0.00797182983339173
979.0,0.008004078551816562
980.0,0.00799135628697517
981.0,0.007848226458468666
982.0,0.007496773847730287
983.0,0.006956289265947269
984.0,0.006387982640550516
985.0,0.005993804181025575
986.0,0.005876753645097876
987.0,0.005998165110210341
988.0,0.006239865093604968
989.0,0.006468243311757438
990.0,0.006601844528927925
991.0,0.006657601025003179
992.0,0.006736127344180165
993.0,0.006996585078900219
994.0,0.007561710504916386
995.0,0.008351866740320901
996.0,0.009084582981591094
997.0,0.009476104020309961
998.0,0.009435406631661258
999.0,0.009083750159654569
1000.0,0.008631693123326456
1001.0,0.00820504150889928
1002.0,0.007794681839433992
1003.0,0.0073948255676881125
1004.0,0.007060678763047112
1005.0,0.006852796213197565
1006.0,0.006784557982207007
1007.0,0.006804296176061209
1008.0,0.006833027170427108
1009.0,0.006825534345564932
1010.0,0.006788285334848876
1011.0,0.006750638382638341
1012.0,0.006759130067944652
1013.0,0.00687121236286603
1014.0,0.007089317669961681
1015.0,0.0073251039782255
1016.0,0.007449925957376813
1017.0,0.007379092510287455
1018.0,0.007133434905014502
1019.0,0.006823768061679503
1020.0,0.006560801610710376
1021.0,0.006375601475255288
1022.0,0.00624547067626835
1023.0,0.00613964262390454
1024.0,0.006014175957266943
1025.0,0.00583517819545093
1026.0,0.005630463116626405
1027.0,0.005471227881951146
1028.0,0.0053839934392474476
1029.0,0.005324345907968708
1030.0,0.005235272236705613
1031.0,0.00511600331293427
1032.0,0.005058924881740534
1033.0,0.005131416537759503
1034.0,0.005203164754897682
1035.0,0.005121677827012561
1036.0,0.005021449687281798
1037.0,0.005137046590207306
1038.0,0.005427418196439049
1039.0,0.005654232467617093
1040.0,0.005675597131509336
1041.0,0.005514215430770297
1042.0,0.005274768972228228
1043.0,0.005068458811958276
1044.0,0.004945997676037539
1045.0,0.004893406822353119
1046.0,0.004866933119219097
1047.0,0.0047961913089205055
1048.0,0.004617808162423576
1049.0,0.004351521959703897
1050.0,0.004102245667249482
1051.0,0.003959639280803229
1052.0,0.003928130772087812
1053.0,0.0039611704195018915
1054.0,0.004028859025594911
1055.0,0.004174074190217925
1056.0,0.004465414574552629
1057.0,0.004868038770664385
1058.0,0.005246776129865016
1059.0,0.005491971697406339
1060.0,0.00559392202563197
1061.0,0.005619449038051172
1062.0,0.005654534909915521
1063.0,0.005746276191322508
1064.0,0.005882166989426507
1065.0,0.006018693173197309
1066.0,0.006127052410998868
1067.0,0.006223574378006302
1068.0,0.006322054620919171
1069.0,0.00637988130627265
1070.0,0.006318842795727142
1071.0,0.0060809167168970335
1072.0,0.005693112478101503
1073.0,0.005265657555214132
1074.0,0.004890254097352886
1075.0,0.004567490332534285
1076.0,0.004268105675377942
1077.0,0.004003948391571255
1078.0,0.003837430865300806
1079.0,0.0038250511313054902
1080.0,0.003909373692636997
1081.0,0.003917067130264518
1082.0,0.0036666736125827715
1083.0,0.003114387461914281
1084.0,0.0024328383866498715
1085.0,0.0019021135449125426
1086.0,0.0017020865637529248
1087.0,0.001809972198353882
1088.0,0.002075579450445786
1089.0,0.0023510503388781967
1090.0,0.0025949914674842367
1091.0,0.0028334931581236456
1092.0,0.0030413212549630364
1093.0,0.003146118605747844
1094.0,0.003094215506699416
1095.0,0.0028993999645517132
1096.0,0.0026422738285702962
1097.0,0.0024148203098406373
1098.0,0.002258043438555679
1099.0,0.0021536179600421534
1100.0,0.0020541110716073563
1101.0,0.0019001048691976163
1102.0,0.0016578829175141752
1103.0,0.0013874502807056377
1104.0,0.0012105078995521545
1105.0,0.0011448892056544202
1106.0,0.0010704718236843047
1107.0,0.0009117583977773791
1108.0,0.0007256104957029941
1109.0,0.0005985383206604522
1110.0,0.000551794440926151
1111.0,0.0005215093428405093
1112.0,0.0004340661531061496
1113.0,0.000325931500808202
1114.0,0.0002995317665590025
1115.0,0.00036834792362291924
1116.0,0.0004699034246175571
1117.0,0.0005925949000589181
1118.0,0.0007285177895140216
1119.0,0.0007672946306668538
1120.0,0.0006753088483885117
1121.0,0.000670513634075498
1122.0,0.0008765739119002969
1123.0,0.0010130880713155044
1124.0,0.0008942568166534215
1125.0,0.0008570987672696095
1126.0,0.0012025566226771256
1127.0,0.0017038379499916267
1128.0,0.0020267668829428154
1129.0,0.002151014963219844
1130.0,0.0021679951799634667
1131.0,0.0020757294237243873
1132.0,0.0018638535042975746
1133.0,0.001580599197561816
1134.0,0.0013177631337641382
1135.0,0.0011572103083715701
1136.0,0.0011147162206644745
1137.0,0.0011396687157345098
1138.0,0.001174300844691445
1139.0,0.0011939197469388318
1140.0,0.0011965388192045345
1141.0,0.0012010902976135884
1142.0,0.001247321564861209
1143.0,0.001368162681396612
1144.0,0.0015637752269690997
1145.0,0.001775001723912789
1146.0,0.0018890877384371563
1147.0,0.0018326031051431046
1148.0,0.0016490200755500395
1149.0,0.0014929547786334263
1150.0,0.0015428367121164965
1151.0,0.0018705998860641948
1152.0,0.0023869032977903437
1153.0,0.0029181001048005917
1154.0,0.0033371735062825147
1155.0,0.003612454792849329
1156.0,0.0037917149466067668
1157.0,0.0039501310204271
1158.0,0.004128447280976388
1159.0,0.004328742153849763
1160.0,0.00452098291932318
1161.0,0.004638569608795273
1162.0,0.004621703223712248
1163.0,0.004478475739117804
1164.0,0.004309170125699424
1165.0,0.004285140114442448
1166.0,0.0045240822260191604
1167.0,0.004966369594328668
1168.0,0.005386382986240029
1169.0,0.005520878363201809
1170.0,0.005260782752828402
1171.0,0.004743173930092021
1172.0,0.004244691777156834
1173.0,0.003971197941031651
1174.0,0.003949103856638714
1175.0,0.0040646657240175355
1176.0,0.004152783241000935
1177.0,0.004107897057052529
1178.0,0.003936394159363976
1179.0,0.003728503384986176
1180.0,0.0036009241178918128
1181.0,0.0036236584959524476
1182.0,0.003783905012469113
1183.0,0.004014477937341915
1184.0,0.004281155381745616
1185.0,0.004611972131728648
1186.0,0.0049910707899668005
1187.0,0.005310464196979003
1188.0,0.0054334135051974375
1189.0,0.0052983824106582755
1190.0,0.004997362831511254
1191.0,0.004707121773346062
1192.0,0.004512824996975917
1193.0,0.004403664348487657
1194.0,0.004452665434545894
1195.0,0.004712238613175074
1196.0,0.004960206961783287
1197.0,0.004919622446772104
1198.0,0.00465999790453106
1199.0,0.0044631074968361495
1200.0,0.00442597573598269
1201.0,0.004420549294960913
1202.0,0.004283688365750993
1203.0,0.003998889882024015
1204.0,0.003751646038314127
1205.0,0.003697022058934074
1206.0,0.0037565408644946174
1207.0,0.003797413886593992
1208.0,0.0038338683516099537
1209.0,0.003930076567644769
1210.0,0.004082323566230006
1211.0,0.0042417060383672656
1212.0,0.004368411875136813
1213.0,0.004471677644880323
1214.0,0.0046053583919345165
1215.0,0.004817125327730681
1216.0,0.005088003700542659
1217.0,0.005297829081797489
1218.0,0.005303840793071474
1219.0,0.005076346064259496
1220.0,0.004726058662928717
1221.0,0.004405383458716938
1222.0,0.004208557907375288
1223.0,0.0041395833081672995
1224.0,0.004133806057215195
1225.0,0.004124537278935969
1226.0,0.004081247450016756
1227.0,0.004006159296387757
1228.0,0.003935567975658472
1229.0,0.003924312181783296
1230.0,0.00399872327563372
1231.0,0.004127996088801628
1232.0,0.004246842779928456
1233.0,0.004302838286305871
1234.0,0.00428202827029836
1235.0,0.004204343009706513
1236.0,0.004087187216710947
1237.0,0.003924279736197911
1238.0,0.0037281334340165118
1239.0,0.003552878760099798
1240.0,0.003471960385507733
1241.0,0.003528580287980365
1242.0,0.0036861610966530955
1243.0,0.0038449936357753955
1244.0,0.003914810125451446
1245.0,0.003873217352658803
1246.0,0.0037620306085897615
1247.0,0.0036433281728236178
1248.0,0.0035445727762014045
1249.0,0.003466158059804103
1250.0,0.0034383151054323546
1251.0,0.0035179058160834664
1252.0,0.0037481686004743053
1253.0,0.0040965350231116915
1254.0,0.004433867790041818
1255.0,0.004636130863544752
1256.0,0.004692839560429873
1257.0,0.004662298561454392
1258.0,0.004568048108506834
1259.0,0.00438931514582902
1260.0,0.004106548748567307
1261.0,0.003823150819195764
1262.0,0.0037766923768620952
1263.0,0.004123018004562717
1264.0,0.004782443749926479
1265.0,0.005503449680078432
1266.0,0.006044740617488165
1267.0,0.006322813762330293
1268.0,0.006426555094269731
1269.0,0.006456039849644907
1270.0,0.006423572934253607
1271.0,0.006326516970875107
1272.0,0.006208432198256675
1273.0,0.006172954378363293
1274.0,0.0063139339878188205
1275.0,0.006616753443903445
1276.0,0.006968787422645284
1277.0,0.007260120530067915
1278.0,0.007451925468929282
1279.0,0.007574032051892776
1280.0,0.00768691603216673
1281.0,0.007827951570937686
1282.0,0.007991393050831824
1283.0,0.008146207060684307
1284.0,0.008270128437542656
1285.0,0.008374278134008484
1286.0,0.008481021393509425
1287.0,0.008587680580428747
1288.0,0.00863039102572824
1289.0,0.008510853352908132
1290.0,0.008237649635921607
1291.0,0.007972346484512394
1292.0,0.00788586035783917
1293.0,0.008026124752097075
1294.0,0.008333231837516275
1295.0,0.008723043627654803
1296.0,0.009177463579863598
1297.0,0.009729363336270308
1298.0,0.010316836095647153
1299.0,0.010784432538796851
1300.0,0.011036727738457153
1301.0,0.011102614511957543
1302.0,0.01106878029303629
1303.0,0.011014299107288794
1304.0,0.010982600727393765
1305.0,0.010965503298880852
1306.0,0.010920764016201734
1307.0,0.010807033730324683
1308.0,0.010613109076444471
1309.0,0.010373461605988454
1310.0,0.010152586273455888
1311.0,0.010006640107722231
1312.0,0.009950134610351519
1313.0,0.009935740062571974
1314.0,0.009880969494939856
1315.0,0.009743778508219059
1316.0,0.009582107004215024
1317.0,0.009594133494198909
1318.0,0.01001453685186865
1319.0,0.010849857203442947
1320.0,0.011800639763370424
1321.0,0.012467185743360254
1322.0,0.012630719445447941
1323.0,0.012382398860997929
1324.0,0.012048330174696198
1325.0,0.01197799221253526
1326.0,0.012304395183864503
1327.0,0.012873237202881332
1328.0,0.013359185578040722
1329.0,0.013479302365484058
1330.0,0.013184053774873028
1331.0,0.012670584155577369
1332.0,0.01222727972635304
1333.0,0.012024228028443662
1334.0,0.01204457124140923
1335.0,0.012178393294813045
1336.0,0.012297318591407064
1337.0,0.01231514937567664
1338.0,0.012264624815193137
1339.0,0.012286115247348683
1340.0,0.012427496277623601
1341.0,0.012531794018246
1342.0,0.012526492375366127
1343.0,0.0125985090594435
1344.0,0.012813095739770283
1345.0,0.012917787628801691
1346.0,0.012775037817312124
1347.0,0.012587099996390419
1348.0,0.012532211593301743
1349.0,0.0125525619967478
1350.0,0.012574640804832726
1351.0,0.01262932371724404
1352.0,0.012746677240376966
1353.0,0.012886611921761743
1354.0,0.012946476113731092
1355.0,0.012840473932442253
1356.0,0.012589355174626227
1357.0,0.012316665779668196
1358.0,0.012162302494716198
1359.0,0.012180208925265015
1360.0,0.012300088586537458
1361.0,0.012384679138993993
1362.0,0.012335169710431484
1363.0,0.01215177318552546
1364.0,0.011915658282138378
1365.0,0.011717675575325853
1366.0,0.01158662527657213
1367.0,0.011508118864022102
1368.0,0.011474733882108526
1369.0,0.011482405525792105
1370.0,0.011520143115134218
1371.0,0.011567293437839785
1372.0,0.011600489336476422
1373.0,0.011612549016983192
1374.0,0.011609070075465494
1375.0,0.011566506906667051
1376.0,0.01143594054846514
1377.0,0.01120616342096839
1378.0,0.010945081885042646
1379.0,0.010797215194957382
1380.0,0.010889238910116103
1381.0,0.011217069674474847
1382.0,0.01162248161749474
1383.0,0.011871647416340558
1384.0,0.011818331130908105
1385.0,0.01151212143187201
1386.0,0.011195583999970601
1387.0,0.011183554848336524
1388.0,0.01161328721824012
1389.0,0.012301571657800242
1390.0,0.01285907035452602
1391.0,0.012957160572626095
1392.0,0.012568869538362892
1393.0,0.011986356710017243
1394.0,0.011551030973437154
1395.0,0.011364822302547081
1396.0,0.011337472000805052
1397.0,0.011366360639957704
1398.0,0.011423217827623844
1399.0,0.01155925040124306
1400.0,0.011773302533806929
1401.0,0.011957333070339943
1402.0,0.01202297022017125
1403.0,0.011977636428663535
1404.0,0.011859510648735805
1405.0,0.01168587552517833
1406.0,0.011460265755490542
1407.0,0.01121665933874702
1408.0,0.0110827029418505
1409.0,0.011196443920983623
1410.0,0.011551797893316645
1411.0,0.011993766054680388
1412.0,0.012348186636410033
1413.0,0.012540353709646568
1414.0,0.012624925662941225
1415.0,0.012705638931445523
1416.0,0.01281499375380217
1417.0,0.012921042561479607
1418.0,0.013002807359991889
1419.0,0.013076033031392542
1420.0,0.013181317920550772
1421.0,0.013335138161683524
1422.0,0.01349891001662816
1423.0,0.013611994672385441
1424.0,0.01364166608616224
1425.0,0.0136042305454665
1426.0,0.013548428324725137
1427.0,0.013508506873769338
1428.0,0.013478415337856667
1429.0,0.013444705128536127
1430.0,0.013411502657613511
1431.0,0.013387952927745278
1432.0,0.013377298218662875
1433.0,0.013375532247172986
1434.0,0.013380150144756298
1435.0,0.013406471475123083
1436.0,0.01346253130435801
1437.0,0.01350244043823319
1438.0,0.013463660160133839
1439.0,0.013344667735284088
1440.0,0.013207594762548416
1441.0,0.013119818958582469
1442.0,0.013115969773053793
1443.0,0.013194342464032047
1444.0,0.013355043352633433
1445.0,0.0136371359177508
1446.0,0.014040731237950202
1447.0,0.0144666205568168
1448.0,0.014813839799655476
1449.0,0.015075710493976213
1450.0,0.015270263960573183
1451.0,0.015357626006192185
1452.0,0.015256622050920363
1453.0,0.014915205753955912
1454.0,0.014422406348982425
1455.0,0.01399396468576411
1456.0,0.013810111701045208
1457.0,0.013885011116599455
1458.0,0.014078333328826326
1459.0,0.014207249357993196
1460.0,0.014168637703292547
1461.0,0.013988270784138904
1462.0,0.01374821532197873
1463.0,0.01351702678327997
1464.0,0.013330529204783254
1465.0,0.013187904709932169
1466.0,0.013073910396862537
1467.0,0.012974914812517127
1468.0,0.012883013593107256
1469.0,0.012820857393056925
1470.0,0.012852749785211358
1471.0,0.01300896171572008
1472.0,0.013222133057769016
1473.0,0.013394095088909423
1474.0,0.013490635648249927
1475.0,0.013526421679034312
1476.0,0.013510574255959286
1477.0,0.013430044953241897
1478.0,0.013260724186009445
1479.0,0.013023157431175235
1480.0,0.012794665756128663
1481.0,0.012636780998163233
1482.0,0.012550038951378566
1483.0,0.012518966478049669
1484.0,0.01254135308505671
1485.0,0.012600495659796679
1486.0,0.012648179953053944
1487.0,0.012603310003421991
1488.0,0.012405353533547318
1489.0,0.012083367584388029
1490.0,0.011748370047556161
1491.0,0.011520257652037527
1492.0,0.011446173574990504
1493.0,0.011472847545307384
1494.0,0.01151448374740939
1495.0,0.01155550561829704
1496.0,0.011621303228735086
1497.0,0.011687859103362952
1498.0,0.011720916776264877
1499.0,0.01174539887630923
1500.0,0.011797471035183624
1501.0,0.011859640882504859
1502.0,0.011895549759636928
1503.0,0.011901688313814468
1504.0,0.011899851917990291
1505.0,0.011909617163977641
1506.0,0.011931254722423582
1507.0,0.011940845142416875
1508.0,0.011893397070998353
1509.0,0.011758496088900436
1510.0,0.011588211891942757
1511.0,0.011486859164478329
1512.0,0.011471278313123029
1513.0,0.01145125359401123
1514.0,0.01137287860559539
1515.0,0.011252099382005054
1516.0,0.011060853386276902
1517.0,0.01074413661815167
1518.0,0.010335216753340648
1519.0,0.009963780701199819
1520.0,0.009773871435281349
1521.0,0.00980916177454446
1522.0,0.009961451370328389
1523.0,0.010055005474577626
1524.0,0.009985931306950559
1525.0,0.009794993368215849
1526.0,0.009629688384048637
1527.0,0.009628233842376259
1528.0,0.00981306782649552
1529.0,0.010082343347383282
1530.0,0.010293825326102526
1531.0,0.010376397538981189
1532.0,0.010376369958928752
1533.0,0.01035295139563544
1534.0,0.010297425114492702
1535.0,0.010223371140212378
1536.0,0.010198791737260935
1537.0,0.010234275585854071
1538.0,0.01025307633991348
1539.0,0.01019342165000189
1540.0,0.010085619770561261
1541.0,0.010052524429321714
1542.0,0.01017263127960081
1543.0,0.010282417019494679
1544.0,0.010172971756598731
1545.0,0.010018744264398634
1546.0,0.01016876064218197
1547.0,0.010573721509233226
1548.0,0.010888699640566657
1549.0,0.010980966988313884
1550.0,0.010924116276411142
1551.0,0.010711412011270825
1552.0,0.010299372339368475
1553.0,0.009750984827663886
1554.0,0.009258001157511984
1555.0,0.009054469365712532
1556.0,0.009210077124527066
1557.0,0.009546889520644471
1558.0,0.009847466425817124
1559.0,0.0100646163963857
1560.0,0.010240499866736818
1561.0,0.010377860239352107
1562.0,0.010413909279416662
1563.0,0.010270586774758502
1564.0,0.009982329582723583
1565.0,0.009706736054605286
1566.0,0.009582896717650296
1567.0,0.009628756488930534
1568.0,0.00976652696512506
1569.0,0.009900590283874277
1570.0,0.009991944097547667
1571.0,0.01006272544789659
1572.0,0.010126056136581598
1573.0,0.010160157160968198
1574.0,0.010132709615414884
1575.0,0.010018477993672212
1576.0,0.009804731136036637
1577.0,0.00951826402551112
1578.0,0.009234968249549835
1579.0,0.009034704036980453
1580.0,0.008949740795017631
1581.0,0.008953605067646614
1582.0,0.008993656443064574
1583.0,0.0090458254944425
1584.0,0.009133939517308448
1585.0,0.009222872526425351
1586.0,0.009173794273634867
1587.0,0.008887954708355812
1588.0,0.008420734589142899
1589.0,0.007960047026276104
1590.0,0.007696146836910707
1591.0,0.007666341752870632
1592.0,0.007745969232578511
1593.0,0.007831164816655169
1594.0,0.007930159253989424
1595.0,0.008062807897589478
1596.0,0.00819625660525693
1597.0,0.008262834579257094
1598.0,0.008141374863964318
1599.0,0.007865497265653614
