0.0,0.0
1.0,0.0
2.0,0.0
3.0,0.0
4.0,0.0
5.0,0.0
6.0,0.0
7.0,0.0
8.0,0.0
9.0,0.0
10.0,0.0
11.0,0.0
12.0,0.0
13.0,0.0
14.0,0.0
15.0,0.0
16.0,0.0
17.0,0.0
18.0,0.0
19.0,0.0
20.0,0.0
21.0,0.0
22.0,0.0
23.0,0.0
24.0,0.0
25.0,0.0
26.0,0.0
27.0,0.0
28.0,0.0
29.0,0.0
30.0,0.0
31.0,0.0
32.0,0.0
33.0,0.0
34.0,0.0
35.0,0.0
36.0,0.0
37.0,0.0
38.0,0.0
39.0,0.0
40.0,0.0
41.0,0.0
42.0,0.0
43.0,0.0
44.0,0.0
45.0,0.0
46.0,0.0
47.0,0.0
48.0,0.0
49.0,0.0
50.0,0.0
51.0,0.0
52.0,0.0
53.0,0.0
54.0,0.0
55.0,0.0
56.0,0.0
57.0,0.0
58.0,0.0
59.0,0.0
60.0,0.0
61.0,0.0
62.0,0.0
63.0,0.0
64.0,0.0
65.0,0.0
66.0,0.0
67.0,0.0
68.0,0.0
69.0,0.0
70.0,0.0
71.0,0.0
72.0,0.0
73.0,0.0
74.0,0.0
75.0,0.0
76.0,0.0
77.0,0.0
78.0,0.0
79.0,0.0
80.0,0.0
81.0,0.0
82.0,0.20504982605487987
83.0,0.342560884431908
84.0,0.3986982496826974
85.0,0.423818871777512
86.0,0.4479281454206091
87.0,0.48278019782189385
88.0,0.524686006521957
89.0,0.5694510586843367
90.0,0.6188369208118933
91.0,0.6762560030286447
92.0,0.7394149676225682
93.0,0.7954598667941692
94.0,0.8335520777162043
95.0,0.8594865168060708
96.0,0.8856304722744562
97.0,0.9132286278437766
98.0,0.9365441550573239
99.0,0.9541709391441809
100.0,0.9680349159902754
101.0,0.9791761050355262
102.0,0.9877817804739539
103.0,0.9939892875732338
104.0,0.9979756655640004
105.0,1.0000327501090966
106.0,1.0007058585652382
107.0,1.0006371933021394
108.0,1.0000563495741865
109.0,0.9987750556463317
110.0,0.9968994591344389
111.0,0.9949555218876315
112.0,0.9931608572491801
113.0,0.9912925758170182
114.0,0.9892835472166598
115.0,0.9873454840043674
116.0,0.9855858896672656
117.0,0.9839275683276713
118.0,0.9823026852253713
119.0,0.9807097042378977
120.0,0.9791610775890577
121.0,0.9776047953256513
122.0,0.9758845602300741
123.0,0.9739499587135318
124.0,0.9720366138078859
125.0,0.9705703661407689
126.0,0.9699137235051344
127.0,0.9700861023164474
128.0,0.9707250866983766
129.0,0.9713493428330907
130.0,0.9716797297851111
131.0,0.9716546832771937
132.0,0.9713403076475383
133.0,0.9709325538837591
134.0,0.9706615614682647
135.0,0.9706700324457933
136.0,0.9709512971737005
137.0,0.9714045713391729
138.0,0.9719110094022435
139.0,0.9723455189664657
140.0,0.9726361288709079
141.0,0.9728176464162797
142.0,0.9730219379803402
143.0,0.9734162370867121
144.0,0.974099525248739
145.0,0.9750471661836301
146.0,0.9761125995549224
147.0,0.9770987266977817
148.0,0.9778559205737993
149.0,0.9783359211673737
150.0,0.978592283304094
151.0,0.9787134938608026
152.0,0.9787327488262718
153.0,0.9785899039213695
154.0,0.9782565149246177
155.0,0.9778328755978453
156.0,0.977425241379059
157.0,0.9770318165977353
158.0,0.9766202139475463
159.0,0.9762149167105741
160.0,0.9758841389727784
161.0,0.9756985125149792
162.0,0.9757029968282093
163.0,0.9758911555292004
164.0,0.9761905509617654
165.0,0.9765036287863758
166.0,0.9767742661963513
167.0,0.977007224917613
168.0,0.9772214355716833
169.0,0.9774127895684147
170.0,0.9775498039360613
171.0,0.9776019827544483
172.0,0.9775760086715866
173.0,0.9775320468708449
174.0,0.9775660823147796
175.0,0.9777481707617678
176.0,0.9780744770646737
177.0,0.9784647717482456
178.0,0.9788064060138763
179.0,0.9789055702417522
180.0,0.9784973472084018
181.0,0.9775567825087906
182.0,0.9764565052874266
183.0,0.9757350417922969
184.0,0.9757360886259435
185.0,0.9764231123314455
186.0,0.9774407175564089
187.0,0.9783209030456337
188.0,0.9787552700980623
189.0,0.9786795874608999
190.0,0.9782407648872796
191.0,0.9777012142382872
192.0,0.9773085663333223
193.0,0.9772795601211489
194.0,0.9776916571903962
195.0,0.9783671621197464
196.0,0.9789666971816537
197.0,0.9792026446786176
198.0,0.9790127360249977
199.0,0.9785573247310538
200.0,0.978084171753247
201.0,0.9777501966885145
202.0,0.9775740870761387
203.0,0.9775190138270416
204.0,0.977531378722752
205.0,0.9775657903828153
206.0,0.9776069516252285
207.0,0.9776669887607115
208.0,0.9777476416107367
209.0,0.9778170335691541
210.0,0.9778693362541409
211.0,0.9779544546186318
212.0,0.9780987472664243
213.0,0.9782425714706583
214.0,0.9782485682328862
215.0,0.9779908635938195
216.0,0.977485075376822
217.0,0.9769033653516217
218.0,0.9764495604289131
219.0,0.9762429540189765
220.0,0.9763233240185701
221.0,0.9766503704859163
222.0,0.9770964412107581
223.0,0.9775248450585218
224.0,0.9778854841417539
225.0,0.9782045675664331
226.0,0.9784874149185216
227.0,0.9786960921309429
228.0,0.9787889531512233
229.0,0.9787573068159001
230.0,0.9786370745249545
231.0,0.9784756184034032
232.0,0.9782889610528134
233.0,0.9780737507418069
234.0,0.9778372082778818
235.0,0.9775907334450845
236.0,0.9773356455162321
237.0,0.977049943318999
238.0,0.9767030548130098
239.0,0.9763224463080498
240.0,0.9760175653657983
241.0,0.9759406213189362
242.0,0.9761873936755739
243.0,0.9766802792835841
244.0,0.9771973317619929
245.0,0.97754207415842
246.0,0.9776596112059
247.0,0.9775890482769675
248.0,0.9773908406315251
249.0,0.9771023286891616
250.0,0.9767247760105524
251.0,0.976255541628307
252.0,0.9757167217305475
253.0,0.975163388984482
254.0,0.9746436197410024
255.0,0.9741507485804219
256.0,0.9736677878280614
257.0,0.973238003573365
258.0,0.972956356698766
259.0,0.9729123368804068
260.0,0.973105045409085
261.0,0.97342408971262
262.0,0.9737779733099711
263.0,0.9741973225869659
264.0,0.9747241373890739
265.0,0.9752937247574369
266.0,0.9757537498727546
267.0,0.9759416340835139
268.0,0.9757278460224468
269.0,0.9750941098757876
270.0,0.9742583322484513
271.0,0.9735954057986693
272.0,0.9734014038032907
273.0,0.9737154116422179
274.0,0.9743476235012918
275.0,0.9750227598757155
276.0,0.9755222354862458
277.0,0.975785457154171
278.0,0.9758789495569827
279.0,0.9759185509843167
280.0,0.9759882707638367
281.0,0.9761083981644285
282.0,0.9762693534829695
283.0,0.9764528687307623
284.0,0.976645858750815
285.0,0.976848079080684
286.0,0.9770673923188159
287.0,0.9772913433599478
288.0,0.9774693145058925
289.0,0.9775159930451496
290.0,0.9773489804323175
291.0,0.9769755603757522
292.0,0.9765263078020036
293.0,0.9762312346865245
294.0,0.9762964145475723
295.0,0.9767242288372673
296.0,0.9772894324540777
297.0,0.9777092905251225
298.0,0.9778220249002685
299.0,0.9775946332008947
300.0,0.977106103378759
301.0,0.9765364000580302
302.0,0.9760705738603831
303.0,0.9758042436236166
304.0,0.9757061797226478
305.0,0.9756750653356314
306.0,0.9755811689240657
307.0,0.975275651505461
308.0,0.9747056094002832
309.0,0.9739993591219165
310.0,0.9733859481265585
311.0,0.973035023828744
312.0,0.9729725018658762
313.0,0.9731090760818428
314.0,0.9733013865904057
315.0,0.9734375634376782
316.0,0.9734709370436916
317.0,0.9734094371310061
318.0,0.9733111371803939
319.0,0.9732495868880869
320.0,0.9732800049709752
321.0,0.9734125056497036
322.0,0.9736030627255354
323.0,0.973776248704189
324.0,0.973850337423534
325.0,0.9737799186327041
326.0,0.9735882943400972
327.0,0.9733527874408987
328.0,0.9731565799178784
329.0,0.9730393734877705
330.0,0.9729918985556818
331.0,0.9729462055288352
332.0,0.9727723432303785
333.0,0.9723648215094036
334.0,0.9717318865302984
335.0,0.9710177276821118
336.0,0.9704353295684051
337.0,0.970181761133362
338.0,0.9703810752997662
339.0,0.9709751101588275
340.0,0.9717185001953358
341.0,0.9723303205921882
342.0,0.9726684415171237
343.0,0.9727658088250937
344.0,0.9727430767269567
345.0,0.9727104931207662
346.0,0.9726926927830941
347.0,0.9726670097703003
348.0,0.9726173988698592
349.0,0.9725173704771567
350.0,0.9723323475666247
351.0,0.9720533571751319
352.0,0.9717095770025406
353.0,0.971347807033178
354.0,0.9710065818290989
355.0,0.9707092713534713
356.0,0.970457593690529
357.0,0.9702279276058026
358.0,0.9700176696094273
359.0,0.9699067838002489
360.0,0.9699693633205441
361.0,0.9701319579161455
362.0,0.9702249025979554
363.0,0.9701419028991334
364.0,0.9698930251426527
365.0,0.9695504883373595
366.0,0.9691697980356369
367.0,0.968733539972291
368.0,0.9682097523501603
369.0,0.9676302463493294
370.0,0.9670846913058927
371.0,0.9666711898319129
372.0,0.9664677280547648
373.0,0.9665049627837172
374.0,0.9667147880902952
375.0,0.9669570062943187
376.0,0.9671252354199462
377.0,0.9672119855908264
378.0,0.9672585631754154
379.0,0.9672789613179373
380.0,0.9672153878488553
381.0,0.9669895105110695
382.0,0.9666294620099571
383.0,0.9662796837491966
384.0,0.966087188813044
385.0,0.9661101639554062
386.0,0.9663143163761537
387.0,0.966623972898151
388.0,0.9669962949808628
389.0,0.9674343856052539
390.0,0.9679463680390256
391.0,0.9684969388713188
392.0,0.9689887279385249
393.0,0.9692873661067735
394.0,0.9692767504107187
395.0,0.96897787027439
396.0,0.9685763957196951
397.0,0.9682650310926819
398.0,0.9680878018556858
399.0,0.9679881994572632
400.0,0.9679185885510355
401.0,0.9678602006410243
402.0,0.9678183283574998
403.0,0.9677970520959697
404.0,0.9677782086760722
405.0,0.9677252246621391
406.0,0.9676023856898162
407.0,0.9673946777899526
408.0,0.9671201608179236
409.0,0.9668275576138384
410.0,0.9665699976577872
411.0,0.9663770949609083
412.0,0.9662418811964805
413.0,0.9661338413140002
414.0,0.9660240222283523
415.0,0.9659043239132399
416.0,0.9657873689592681
417.0,0.9656880050263557
418.0,0.9656373079261702
419.0,0.9656969972381332
420.0,0.9658930506303662
421.0,0.9661616837879312
422.0,0.9663888649277069
423.0,0.9664896850894451
424.0,0.9664526966689689
425.0,0.966330030829157
426.0,0.9661861710342625
427.0,0.9660461618565138
428.0,0.9659060650316288
429.0,0.9657663805216804
430.0,0.965662962953004
431.0,0.9656649863769063
432.0,0.9658349911348798
433.0,0.966183538744663
434.0,0.9666448902919546
435.0,0.9671261619344992
436.0,0.967602071021585
437.0,0.9681089156483204
438.0,0.9686416413301714
439.0,0.9690889715232354
440.0,0.9692421690140881
441.0,0.9689705702931725
442.0,0.9683976157555472
443.0,0.9678307486893148
444.0,0.9675343036606608
445.0,0.9675971928993714
446.0,0.9679542315161641
447.0,0.9684296185762652
448.0,0.9688325922091869
449.0,0.9690432784022887
450.0,0.9690449469555701
451.0,0.9689232883375474
452.0,0.9688007889562974
453.0,0.9687665340810838
454.0,0.968832560688481
455.0,0.9689520716859149
456.0,0.969073138831183
457.0,0.9691729398406042
458.0,0.9692633091855107
459.0,0.9693530149494934
460.0,0.9694166688362164
461.0,0.9693942198440177
462.0,0.9692331601384806
463.0,0.9689467673341223
464.0,0.9686152962417179
465.0,0.9683298722829949
466.0,0.9681396349450193
467.0,0.9680438048481682
468.0,0.9679892271440294
469.0,0.9678864463672789
470.0,0.9676594382943118
471.0,0.9672846207816249
472.0,0.966815698110399
473.0,0.966361558098946
474.0,0.9660311525288076
475.0,0.9658812477080789
476.0,0.9658810992346823
477.0,0.965937824265587
478.0,0.9659782235613978
479.0,0.9660069243619966
480.0,0.9660498902767047
481.0,0.9660809859152338
482.0,0.9659984136573465
483.0,0.9656824906537714
484.0,0.9651350003347073
485.0,0.9645236884365624
486.0,0.9640884177895468
487.0,0.9639900448832636
488.0,0.9642243298847846
489.0,0.9646329728019204
490.0,0.9649996732930014
491.0,0.965173221366733
492.0,0.9651132069218306
493.0,0.9648765294259212
494.0,0.9645462951960175
495.0,0.9641678860094861
496.0,0.9637329515122086
497.0,0.9632314490570398
498.0,0.9627198594856191
499.0,0.9623240227355426
500.0,0.9621850659760981
501.0,0.9623255306503385
502.0,0.9625880617184364
503.0,0.9627763568435057
504.0,0.9628252605504549
505.0,0.9627729997093506
506.0,0.9626600645613381
507.0,0.9625155684290296
508.0,0.9623573310021755
509.0,0.9621953293266804
510.0,0.9620355232849412
511.0,0.9618711883284026
512.0,0.9616866239698453
513.0,0.9614739949139101
514.0,0.9612421699046609
515.0,0.9610090220660004
516.0,0.9607884738429123
517.0,0.9605815496284704
518.0,0.9603848141805057
519.0,0.9602115264994863
520.0,0.9600862036742387
521.0,0.9600198769650854
522.0,0.9600014365678657
523.0,0.9600065767372075
524.0,0.9600523951378367
525.0,0.9602404732159775
526.0,0.9606292521522375
527.0,0.9611020372331197
528.0,0.9614471182742022
529.0,0.9615243583163455
530.0,0.9613365887054569
531.0,0.9609893550876062
532.0,0.9605817739745591
533.0,0.9601191575577686
534.0,0.9595833525943668
535.0,0.9590190270313549
536.0,0.9585373299066227
537.0,0.9582647916891096
538.0,0.9582753275955619
539.0,0.9585385025092686
540.0,0.958903716669467
541.0,0.9591702408474847
542.0,0.959177603365352
543.0,0.9589000849449688
544.0,0.958477393229063
545.0,0.9581201286402976
546.0,0.957966843714404
547.0,0.9580133465556969
548.0,0.9581707630435297
549.0,0.9583373977558584
550.0,0.9584471415857913
551.0,0.9584903605025366
552.0,0.9584879051423844
553.0,0.9585080987684512
554.0,0.9586724184346822
555.0,0.959039205659844
556.0,0.9595138345016834
557.0,0.9598817771327882
558.0,0.9599322094821676
559.0,0.9595955221983667
560.0,0.9589813645057585
561.0,0.9582866819885965
562.0,0.9576554755547186
563.0,0.9571410088885708
564.0,0.9567385894582664
565.0,0.9564681871376165
566.0,0.9564280535085488
567.0,0.9567785341260479
568.0,0.9576021422600457
569.0,0.9586884902902799
570.0,0.9596237871899893
571.0,0.9601402526978495
572.0,0.9602636492297157
573.0,0.9601413988432639
574.0,0.9598622433282987
575.0,0.9593757557007025
576.0,0.95861063644264
577.0,0.957677407120189
578.0,0.9568146682686418
579.0,0.9561875715234489
580.0,0.9558121094027024
581.0,0.9556135434157471
582.0,0.9555516256505142
583.0,0.9557103301763002
584.0,0.9561621955746383
585.0,0.9568183439026041
586.0,0.9574344931609601
587.0,0.9577373242655456
588.0,0.9575739476580928
589.0,0.9569971112797507
590.0,0.9562752468232133
591.0,0.9557477150228628
592.0,0.9556409947398075
593.0,0.9559523702049308
594.0,0.9564879066773685
595.0,0.9570156631718764
596.0,0.9573976961340632
597.0,0.9576405805181305
598.0,0.9578058418451796
599.0,0.9579418548382937
600.0,0.9580920561684346
601.0,0.9582788830383171
602.0,0.9584919882884421
603.0,0.9586579809805355
604.0,0.9586236370940522
605.0,0.9582957463076532
606.0,0.9577789338276093
607.0,0.9573248702697918
608.0,0.9571635248868325
609.0,0.9573581605830449
610.0,0.9577841851373013
611.0,0.9582206324676162
612.0,0.9584999448424399
613.0,0.9585700451873633
614.0,0.9584703992352799
615.0,0.9582658008228231
616.0,0.957978055845301
617.0,0.9576051332480432
618.0,0.9571626199346885
619.0,0.9567202560796584
620.0,0.9563861442952958
621.0,0.9562377589814652
622.0,0.9562739523197902
623.0,0.9564256484902997
624.0,0.9566106255128138
625.0,0.95679032066003
626.0,0.9569712300215792
627.0,0.9571411496223605
628.0,0.9572859029822454
629.0,0.9574646746700212
630.0,0.9577417353359176
631.0,0.9580645580417804
632.0,0.958254958640989
633.0,0.958099551330775
634.0,0.9575276807085105
635.0,0.9567040337074365
636.0,0.9559195692797499
637.0,0.9553899147629579
638.0,0.9551652420567733
639.0,0.9551602467136184
640.0,0.9551817504602927
641.0,0.9550270630967439
642.0,0.954608762363399
643.0,0.9540133067892125
644.0,0.9534884220362954
645.0,0.9533048426508832
646.0,0.9535911792549153
647.0,0.9542448559981894
648.0,0.9549680417133342
649.0,0.9554339702567736
650.0,0.9554310690699154
651.0,0.9549745651780726
652.0,0.9543015783624347
653.0,0.9537228534771418
654.0,0.9534565443549725
655.0,0.9535153582042941
656.0,0.9537471722734601
657.0,0.9539371174563087
658.0,0.9539105125017626
659.0,0.9536374253069106
660.0,0.9532386236644712
661.0,0.9529257177802444
662.0,0.9528942406606289
663.0,0.9531767331986701
664.0,0.9536032184100969
665.0,0.9539014803878451
666.0,0.9538683631039264
667.0,0.9534859731605949
668.0,0.9529068621913706
669.0,0.9523360657050038
670.0,0.9518916701794403
671.0,0.9515996862038792
672.0,0.951428855047723
673.0,0.9512861281733066
674.0,0.9510680213236633
675.0,0.9507313797024153
676.0,0.9503428746455999
677.0,0.9500830920465437
678.0,0.950151746805774
679.0,0.9506566068794553
680.0,0.9515170026243626
681.0,0.9524561124165865
682.0,0.9531554264659484
683.0,0.9534403135403776
684.0,0.9533548623719259
685.0,0.9530690884939158
686.0,0.9527276327286951
687.0,0.9523381523511256
688.0,0.9518562333527438
689.0,0.9513407642417175
690.0,0.9509101824224806
691.0,0.9506265983869504
692.0,0.9504677874117182
693.0,0.9503614756535429
694.0,0.950197847601686
695.0,0.9498740275896297
696.0,0.9493893159054856
697.0,0.9488765291869817
698.0,0.9485610143182919
699.0,0.9486278558310534
700.0,0.9490619975769969
701.0,0.9496392912760477
702.0,0.9500862316646547
703.0,0.950256792810289
704.0,0.9501709566196812
705.0,0.9499437604252463
706.0,0.949650442635134
707.0,0.9492859324693966
708.0,0.948854279218057
709.0,0.9484282543460832
710.0,0.9481474829414684
711.0,0.9481369539078888
712.0,0.948421015277633
713.0,0.9488866169411146
714.0,0.9493334823893652
715.0,0.9496136434389518
716.0,0.9497339947496712
717.0,0.9497165063523014
718.0,0.9494407895374734
719.0,0.9489770099164901
720.0,0.9487725799124712
721.0,0.9488954970013074
722.0,0.9486622776582166
723.0,0.9478629153921709
724.0,0.9474014177323743
725.0,0.9478781977641588
726.0,0.9487068304434467
727.0,0.9491544690861854
728.0,0.9491686042921407
729.0,0.9489814154900666
730.0,0.9487166634616794
731.0,0.9483832081057795
732.0,0.9479413090018651
733.0,0.9474237032163516
734.0,0.9469486447311138
735.0,0.946614219539684
736.0,0.9464366622938144
737.0,0.9463678092428522
738.0,0.9463756544556023
739.0,0.9465260821180825
740.0,0.9468908979890991
741.0,0.9474052439109978
742.0,0.9479000003003486
743.0,0.9482319893947395
744.0,0.9483539018615849
745.0,0.9483038683081342
746.0,0.9481414253773506
747.0,0.9478767316175862
748.0,0.9474819118331974
749.0,0.9469539953100067
750.0,0.9464656995606278
751.0,0.9463090140739032
752.0,0.9464018333485197
753.0,0.9462607585101448
754.0,0.9458884365211289
755.0,0.9459057731238967
756.0,0.9463225516526164
757.0,0.9463332701457376
758.0,0.9456642400881213
759.0,0.9449384516775815
760.0,0.9446473797442976
761.0,0.9447015408277285
762.0,0.9448651677681015
763.0,0.9450132433316868
764.0,0.9451132701650834
765.0,0.9451838149820646
766.0,0.9452261632460508
767.0,0.945171864995628
768.0,0.944883997253455
769.0,0.944315052941051
770.0,0.9436331219945167
771.0,0.9431064883907786
772.0,0.9429001611220456
773.0,0.9429905978288293
774.0,0.9432259264182362
775.0,0.9434846368717669
776.0,0.9437872649930361
777.0,0.9441680151113736
778.0,0.9445578373431651
779.0,0.9448644686735234
780.0,0.9450561325170399
781.0,0.9451487894674275
782.0,0.9451738794568557
783.0,0.9451656068421337
784.0,0.9451475541891845
785.0,0.9451396983079965
786.0,0.9451239844850904
787.0,0.9449762706442364
788.0,0.9445541446053132
789.0,0.9438618264143632
790.0,0.9431198760036766
791.0,0.9426955284929942
792.0,0.9428588220747176
793.0,0.9435824506626147
794.0,0.944549343535204
795.0,0.9453623951373297
796.0,0.9457619160433909
797.0,0.9457182474609358
798.0,0.9454122859970046
799.0,0.9450828633947432
800.0,0.9448978971467772
801.0,0.944890562089321
802.0,0.9449828276353135
803.0,0.9450782990259411
804.0,0.9451117143851142
805.0,0.9450729157513925
806.0,0.9449913761548889
807.0,0.9448980191764095
808.0,0.9448024199586574
809.0,0.9446962462332054
810.0,0.94459627204157
811.0,0.944543351136284
812.0,0.9445412607767198
813.0,0.9445515557005136
814.0,0.9445545064847326
815.0,0.9445717100114409
816.0,0.9446368755706045
817.0,0.9447544960647417
818.0,0.9448732387409395
819.0,0.944953047903182
820.0,0.945057479046711
821.0,0.9452711776939843
822.0,0.9455595913899667
823.0,0.9457976935532829
824.0,0.945889278066983
825.0,0.9458301082540091
826.0,0.9456988676126807
827.0,0.9456393988676774
828.0,0.9457966312488248
829.0,0.9461911588014934
830.0,0.9466759243387148
831.0,0.9470095014082467
832.0,0.9470064119793504
833.0,0.9466650530812771
834.0,0.9461651328584828
835.0,0.9457341116108197
836.0,0.9454950770906783
837.0,0.9454374166937494
838.0,0.9454770562155552
839.0,0.9455667386087373
840.0,0.9457270099907659
841.0,0.945959042024902
842.0,0.9461824462745015
843.0,0.9462342462739973
844.0,0.9459769330602188
845.0,0.9454191699759784
846.0,0.944737155247608
847.0,0.9441817417384831
848.0,0.9439293938630939
849.0,0.9439935972096349
850.0,0.9442345156024011
851.0,0.9444705645206943
852.0,0.9445789888912768
853.0,0.9445411782737827
854.0,0.9444316723168442
855.0,0.9443471662503127
856.0,0.9443551533136518
857.0,0.9444634036470404
858.0,0.9446102046548808
859.0,0.9447022654012893
860.0,0.9446677081045312
861.0,0.9444965197508093
862.0,0.9442398350677759
863.0,0.9439653497091859
864.0,0.9436997153521928
865.0,0.9434305601418083
866.0,0.9431879419415327
867.0,0.9430637199590868
868.0,0.9431566215487593
869.0,0.9434743078508637
870.0,0.9438645158736507
871.0,0.9440959334393079
872.0,0.9440129038361054
873.0,0.9436364818865313
874.0,0.9431346018557831
875.0,0.9426935079445885
876.0,0.9423849468685821
877.0,0.9421807351029517
878.0,0.9420616130501271
879.0,0.9420681241462491
880.0,0.9422877616246189
881.0,0.942724522958098
882.0,0.9432239669141805
883.0,0.9435929442262563
884.0,0.9437469620669312
885.0,0.9437254045830377
886.0,0.9436109778696602
887.0,0.9434032404864221
888.0,0.9430015050230321
889.0,0.9423942691327132
890.0,0.9417537788649801
891.0,0.9413375760952765
892.0,0.9413070584841539
893.0,0.9415964413612653
894.0,0.9419328492614616
895.0,0.9419819422115588
896.0,0.9415756283044467
897.0,0.9408353880834991
898.0,0.940097192387235
899.0,0.9396974198627247
900.0,0.9397560566524357
901.0,0.9401278819164456
902.0,0.9405525249799933
903.0,0.940885601237583
904.0,0.9411253945660008
905.0,0.9412935756899368
906.0,0.9413661622267828
907.0,0.9412607279740419
908.0,0.9409436472387815
909.0,0.940507526502971
910.0,0.9400857575149727
911.0,0.9397420544053741
912.0,0.9394775699119498
913.0,0.9392826048537259
914.0,0.9391798515512004
915.0,0.9392242998839263
916.0,0.9394264920894821
917.0,0.9397257804016707
918.0,0.940055353981254
919.0,0.9403861495884482
920.0,0.9407014434327536
921.0,0.9409772539883912
922.0,0.9411816704623754
923.0,0.9412907053243431
924.0,0.9413115599986219
925.0,0.9412597487266993
926.0,0.9411121018834298
927.0,0.9408234155397124
928.0,0.9403746240087316
929.0,0.93988359332281
930.0,0.9396549941684104
931.0,0.9398167753455415
932.0,0.9400118098315574
933.0,0.9398623249511258
934.0,0.9395095440512007
935.0,0.9393051610692563
936.0,0.9393136135579064
937.0,0.9393599648999378
938.0,0.9392762538493451
939.0,0.9390720458460691
940.0,0.9389385132516798
941.0,0.938991546912429
942.0,0.9391275541251172
943.0,0.9392193246432239
944.0,0.9392606305532618
945.0,0.9392758239875229
946.0,0.9392563979032789
947.0,0.939189614137023
948.0,0.939086920444266
949.0,0.9389962497338491
950.0,0.9389825802916504
951.0,0.93909667568087
952.0,0.9393169635688492
953.0,0.9395168912731217
954.0,0.9395325663101871
955.0,0.9392633944555616
956.0,0.9387723500980756
957.0,0.9382864578245956
958.0,0.9380459036539931
959.0,0.9381394812599996
960.0,0.9384747063771486
961.0,0.9388826125819139
962.0,0.9392386136712887
963.0,0.9395351038029065
964.0,0.9398108019684898
965.0,0.9400566713848048
966.0,0.9402457814536918
967.0,0.9403705688155861
968.0,0.9404246649972214
969.0,0.94038717533462
970.0,0.9402243195674924
971.0,0.9399221791638125
972.0,0.9395487993455537
973.0,0.9392308113983903
974.0,0.9390503400717969
975.0,0.938994438757195
976.0,0.9390008121140674
977.0,0.939019681833756
978.0,0.939049305000943
979.0,0.9391067065456576
980.0,0.9391537987629479
981.0,0.9391767564329466
982.0,0.9393186733193734
983.0,0.9396648732090271
984.0,0.9399734023987991
985.0,0.9399829276846763
986.0,0.93982708455367
987.0,0.9398177401008936
988.0,0.9400353745781923
989.0,0.940280878029135
990.0,0.9402797450977561
991.0,0.940070658811799
992.0,0.9400940359501453
993.0,0.9405408808153974
994.0,0.9410054485732927
995.0,0.9411389482401858
996.0,0.9411103914540414
997.0,0.941225131420607
998.0,0.9415547314728518
999.0,0.9419718362787244
1000.0,0.9422702506861251
1001.0,0.9422572665141606
1002.0,0.9418768857912247
1003.0,0.9412673631816723
1004.0,0.9406527170639956
1005.0,0.940150944236075
1006.0,0.9397408359736492
1007.0,0.9393968835741003
1008.0,0.9391547133497138
1009.0,0.9390940161988
1010.0,0.9392429058400571
1011.0,0.939498060586147
1012.0,0.939685650693297
1013.0,0.9396852810055671
1014.0,0.9395057850143037
1015.0,0.9392661834350428
1016.0,0.9391199232194433
1017.0,0.9391578813808399
1018.0,0.9393546307040925
1019.0,0.9395916460745337
1020.0,0.9397084338108114
1021.0,0.9395970586540692
1022.0,0.939298341267282
1023.0,0.9390011834365739
1024.0,0.9389680632491573
1025.0,0.939359526342441
1026.0,0.9400546674958737
1027.0,0.9407031958788149
1028.0,0.9409781124502791
1029.0,0.9407969165485927
1030.0,0.9403329695619753
1031.0,0.9398471538389342
1032.0,0.9394593503934303
1033.0,0.9391254612022981
1034.0,0.9388203556519494
1035.0,0.9386045834776804
1036.0,0.9385742222165295
1037.0,0.9387596718662522
1038.0,0.9390591741751065
1039.0,0.939317247784632
1040.0,0.9394536652747342
1041.0,0.9394830675798123
1042.0,0.9394578830576025
1043.0,0.9394544301856479
1044.0,0.9395474276193365
1045.0,0.9397440230550779
1046.0,0.9399552509975402
1047.0,0.9399968826062284
1048.0,0.9396926522146094
1049.0,0.9390863445266049
1050.0,0.9384677488166081
1051.0,0.9381411702499574
1052.0,0.9382046440884559
1053.0,0.9385383139702446
1054.0,0.9389404878798464
1055.0,0.9393144735130121
1056.0,0.9397015229966453
1057.0,0.940105541241272
1058.0,0.9404397973027071
1059.0,0.9406230911568616
1060.0,0.9406465748945312
1061.0,0.9405742231611693
1062.0,0.9404871702230285
1063.0,0.9404134837607401
1064.0,0.940346443509792
1065.0,0.9403105043373099
1066.0,0.9403202165211444
1067.0,0.9403235565987047
1068.0,0.9403094237668768
1069.0,0.9403911949146584
1070.0,0.9405420642041697
1071.0,0.9404613177370726
1072.0,0.9401773727534986
1073.0,0.940287893780268
1074.0,0.940872138560299
1075.0,0.9410311831700775
1076.0,0.9402483679552673
1077.0,0.9391539900378383
1078.0,0.9385015465258777
1079.0,0.9383636973606184
1080.0,0.9384745319908673
1081.0,0.9385948472571767
1082.0,0.9385390392174834
1083.0,0.9382628726413538
1084.0,0.9379376502541918
1085.0,0.9377804909127601
1086.0,0.9377734740897602
1087.0,0.9377185945499482
1088.0,0.9375468346914306
1089.0,0.9373670117551445
1090.0,0.9372954198169146
1091.0,0.9373272411500579
1092.0,0.9373139980280927
1093.0,0.9371761649612084
1094.0,0.9370965000834028
1095.0,0.9372552602818781
1096.0,0.9375275625672517
1097.0,0.937654322015723
1098.0,0.9375367787752885
1099.0,0.9373072142110235
1100.0,0.9372063389195275
1101.0,0.9373131406053266
1102.0,0.9374385304964423
1103.0,0.9374006823945433
1104.0,0.9372425724157607
1105.0,0.937131904252637
1106.0,0.937172379471043
1107.0,0.9372570062623415
1108.0,0.9371685641492216
1109.0,0.9369174659422524
1110.0,0.9367418390492783
1111.0,0.9367325637699903
1112.0,0.9367477615076498
1113.0,0.9366597261467274
1114.0,0.9364921800326135
1115.0,0.9363857541139735
1116.0,0.9364377996982992
1117.0,0.936545902655396
1118.0,0.9365481140217119
1119.0,0.9364677222231261
1120.0,0.9364326774175415
1121.0,0.9364662678646583
1122.0,0.9365102790534856
1123.0,0.9365367510397752
1124.0,0.9365619480186691
1125.0,0.9366166610137698
1126.0,0.9367074498686286
1127.0,0.9368054799071104
1128.0,0.9369185800910304
1129.0,0.9370953565316384
1130.0,0.9372277975959252
1131.0,0.9370880956905302
1132.0,0.9367973048939486
1133.0,0.9367931234418272
1134.0,0.9370460712810483
1135.0,0.9370438091761352
1136.0,0.9368035554359709
1137.0,0.9369201087554366
1138.0,0.937511263903917
1139.0,0.9380845278796541
1140.0,0.9383613929656165
1141.0,0.9384973928374771
1142.0,0.938678894445599
1143.0,0.938954714433788
1144.0,0.9393007703721151
1145.0,0.9396204295124075
1146.0,0.9397551647116833
1147.0,0.9396116111507499
1148.0,0.9392587207740479
1149.0,0.9388972181420943
1150.0,0.9387326118742993
1151.0,0.9388446031942539
1152.0,0.9391461525065914
1153.0,0.9394477290185311
1154.0,0.9395908746081754
1155.0,0.9395341855234595
1156.0,0.9393599661457404
1157.0,0.9392110116247306
1158.0,0.9391877603607625
1159.0,0.9392978772892229
1160.0,0.9394588225840343
1161.0,0.9395382306788794
1162.0,0.9394477286234775
1163.0,0.9392200723516788
1164.0,0.9389965696689695
1165.0,0.9389367788564672
1166.0,0.9391074488219523
1167.0,0.9394391276039529
1168.0,0.939786904088283
1169.0,0.9400487046949482
1170.0,0.9402099980321235
1171.0,0.9402962093228172
1172.0,0.9403574498702992
1173.0,0.9404615587005665
1174.0,0.9406390902957247
1175.0,0.9408453265529648
1176.0,0.940934812261558
1177.0,0.9407108366183499
1178.0,0.9401488401265439
1179.0,0.9395065838741122
1180.0,0.9391629623761589
1181.0,0.9393543566662277
1182.0,0.9399949385657979
1183.0,0.9407405265905405
1184.0,0.9412834112674298
1185.0,0.9415732201321247
1186.0,0.941704456750756
1187.0,0.9417507666017778
1188.0,0.9417096278893745
1189.0,0.941537948284649
1190.0,0.9412837962331282
1191.0,0.9410926298987291
1192.0,0.9410783790038005
1193.0,0.9412388190062295
1194.0,0.9414755645647946
1195.0,0.9416646765305297
1196.0,0.9417294586859237
1197.0,0.9416764178111223
1198.0,0.9415652847175231
1199.0,0.9414664456496903
1200.0,0.9414238696809962
1201.0,0.941444094287168
1202.0,0.9415147138850581
1203.0,0.941606674077345
1204.0,0.9416822383396588
1205.0,0.9417205707785233
1206.0,0.9417320812624722
1207.0,0.9417484553999552
1208.0,0.9417937690327569
1209.0,0.9418462564521475
1210.0,0.9418417416412335
1211.0,0.9417349936837962
1212.0,0.9415552451007597
1213.0,0.941424949771231
1214.0,0.9414875444457622
1215.0,0.9417864176349305
1216.0,0.9422022328139503
1217.0,0.9424846872574414
1218.0,0.9424201572257737
1219.0,0.9420065126672308
1220.0,0.9414572689078217
1221.0,0.9410338742981309
1222.0,0.9408772912949824
1223.0,0.9409613115303151
1224.0,0.9411543191338252
1225.0,0.9413522576153874
1226.0,0.941518613545592
1227.0,0.9416406442332367
1228.0,0.9417258197443392
1229.0,0.9418006017979297
1230.0,0.9418918656987361
1231.0,0.9420083496915345
1232.0,0.9421322118280188
1233.0,0.942230347363801
1234.0,0.9422809123756699
1235.0,0.942294591309344
1236.0,0.9423258198417068
1237.0,0.9424367227563031
1238.0,0.942598669405813
1239.0,0.9426972308667658
1240.0,0.9427081268899725
1241.0,0.9427177290781371
1242.0,0.9426688699933894
1243.0,0.9423948718782879
1244.0,0.9420168632563346
1245.0,0.9418785796900991
1246.0,0.9420318132528556
1247.0,0.9421879917191436
1248.0,0.9421396162269322
1249.0,0.9419290607976758
1250.0,0.9417020699908901
1251.0,0.9415933307895596
1252.0,0.9416759600893657
1253.0,0.9419162036272702
1254.0,0.942194247220059
1255.0,0.9423772544417421
1256.0,0.9423968553285745
1257.0,0.9423227809516811
1258.0,0.942336425233152
1259.0,0.9425236821924795
1260.0,0.9427477841042237
1261.0,0.9428585496976554
1262.0,0.9428932296664946
1263.0,0.9429679739892026
1264.0,0.9431250333065565
1265.0,0.9433121705275282
1266.0,0.9434418106986671
1267.0,0.9435042940917635
1268.0,0.9435847568506026
1269.0,0.9437288139442122
1270.0,0.9438895014372574
1271.0,0.9440179268872979
1272.0,0.9441306824950898
1273.0,0.9443071663393338
1274.0,0.9446206623270351
1275.0,0.9450572617007379
1276.0,0.9454997483451392
1277.0,0.9457840530470732
1278.0,0.945824071563161
1279.0,0.9456946852278639
1280.0,0.9455529610539904
1281.0,0.9454851072577257
1282.0,0.9455095614074239
1283.0,0.945656728313217
1284.0,0.9458946558518979
1285.0,0.9460804377177199
1286.0,0.9461343611098192
1287.0,0.9461666108995378
1288.0,0.9463132676277335
1289.0,0.9465606972399847
1290.0,0.9467818725066713
1291.0,0.9468752036684751
1292.0,0.9469408080659769
1293.0,0.9472213167499809
1294.0,0.9477002426221046
1295.0,0.948054046103409
1296.0,0.9481573169902773
1297.0,0.9482377906417281
1298.0,0.9484703551539443
1299.0,0.9487801807793969
1300.0,0.9490106631471062
1301.0,0.9491002105132251
1302.0,0.9491616380110635
1303.0,0.9493360217021367
1304.0,0.949547947838847
1305.0,0.949613445429885
1306.0,0.9495311481160335
1307.0,0.9494317065646474
1308.0,0.9493515530418603
1309.0,0.949265694985856
1310.0,0.9492163941062942
1311.0,0.9492772360165497
1312.0,0.9494717023339081
1313.0,0.949744855669364
1314.0,0.9499958392087001
1315.0,0.9501540560209152
1316.0,0.9502347509443021
1317.0,0.9503316577858656
1318.0,0.9505443613774861
1319.0,0.950878505495099
1320.0,0.9512283446905581
1321.0,0.9514799383846234
1322.0,0.9516027588928697
1323.0,0.9516404793226241
1324.0,0.9516622756956301
1325.0,0.951715335040652
1326.0,0.9517981660479534
1327.0,0.951883110768025
1328.0,0.951922278123676
1329.0,0.9518276888049978
1330.0,0.9515809498730613
1331.0,0.951365204723017
1332.0,0.9513780879590474
1333.0,0.9515465576171548
1334.0,0.951642216408813
1335.0,0.9515852308678664
1336.0,0.9514971363983696
1337.0,0.9515631201523108
1338.0,0.9518063605310864
1339.0,0.9519930344233628
1340.0,0.9519561590997431
1341.0,0.9518622571030996
1342.0,0.9519356721377478
1343.0,0.9521673963540971
1344.0,0.9524672577116898
1345.0,0.9528138153429652
1346.0,0.9530985639567358
1347.0,0.9531039897236724
1348.0,0.9527336915791105
1349.0,0.9521363930005695
1350.0,0.9516174605342334
1351.0,0.9514288191376912
1352.0,0.9515988434419221
1353.0,0.9519371732045885
1354.0,0.9522191815602526
1355.0,0.9523441190420113
1356.0,0.9523476309603536
1357.0,0.9523295862786119
1358.0,0.9523397989069484
1359.0,0.9523661972428483
1360.0,0.9524069848448792
1361.0,0.952505528345631
1362.0,0.9527413490860654
1363.0,0.9531329918200085
1364.0,0.9535690889834079
1365.0,0.9538889437361272
1366.0,0.9540073248420788
1367.0,0.953958116693202
1368.0,0.9538504890023294
1369.0,0.9537916847877788
1370.0,0.9538151332974206
1371.0,0.953875837556172
1372.0,0.953898247077954
1373.0,0.9538256756708152
1374.0,0.9536625158543457
1375.0,0.9534841400109776
1376.0,0.9533888744473182
1377.0,0.9534242075837038
1378.0,0.953561764282224
1379.0,0.9537499524148876
1380.0,0.9539554780863776
1381.0,0.9541596901359659
1382.0,0.9543431880542035
1383.0,0.9544645192129553
1384.0,0.954485344981923
1385.0,0.9544127391058103
1386.0,0.9543092094697283
1387.0,0.9542651492823795
1388.0,0.9543353728494182
1389.0,0.9544973782452076
1390.0,0.9546737129612906
1391.0,0.9547946518818291
1392.0,0.9548368962552125
1393.0,0.9548217870529389
1394.0,0.9547596803727217
1395.0,0.9546134099608243
1396.0,0.9543873314504261
1397.0,0.9541812674297456
1398.0,0.9541131695046333
1399.0,0.9542268701963921
1400.0,0.9544646005533584
1401.0,0.9547162339386613
1402.0,0.9549157753094133
1403.0,0.9550768102659525
1404.0,0.9552085616874938
1405.0,0.9552747712377225
1406.0,0.9552385863871038
1407.0,0.9551088050021452
1408.0,0.9549581925995503
1409.0,0.9548783901048932
1410.0,0.9549068882676112
1411.0,0.9550250386583027
1412.0,0.9552215166966428
1413.0,0.955491688095263
1414.0,0.9558012808277281
1415.0,0.956085707247156
1416.0,0.9562748104400552
1417.0,0.9563491668583401
1418.0,0.9563668495680325
1419.0,0.9564233970391772
1420.0,0.956583477993579
1421.0,0.9568360998838081
1422.0,0.9571097807140687
1423.0,0.9573673322769602
1424.0,0.9576459784714836
1425.0,0.9578819800943902
1426.0,0.95789177435113
1427.0,0.9577571123349383
1428.0,0.95783076675836
1429.0,0.95804032809357
1430.0,0.9578741424035422
1431.0,0.9574148249852336
1432.0,0.9573924711147245
1433.0,0.9579747554466707
1434.0,0.9585612097988381
1435.0,0.958796823691392
1436.0,0.9588362224268799
1437.0,0.9587456724881144
1438.0,0.958406019514625
1439.0,0.9578175963700674
1440.0,0.9572195679743407
1441.0,0.9570062758558322
1442.0,0.9574046851786757
1443.0,0.9582294220378205
1444.0,0.9590475602450701
1445.0,0.9595437623114619
1446.0,0.9596796922334845
1447.0,0.9596289102599844
1448.0,0.959615559694107
1449.0,0.9597366988997315
1450.0,0.9599524535250101
1451.0,0.960171844156857
1452.0,0.9603255656716524
1453.0,0.9604091851085119
1454.0,0.960436632586927
1455.0,0.9603968481183796
1456.0,0.9602652321509637
1457.0,0.9600476084256605
1458.0,0.9598479980408358
1459.0,0.9598202822973163
1460.0,0.9600261433979544
1461.0,0.9603835711616349
1462.0,0.9607469865727786
1463.0,0.9610068233924554
1464.0,0.9611367396319556
1465.0,0.9611682636546945
1466.0,0.9611089882378379
1467.0,0.9609544844980604
1468.0,0.9607498405619617
1469.0,0.9605913498095078
1470.0,0.9605842857385625
1471.0,0.9607523767294176
1472.0,0.960996301802445
1473.0,0.9611728996471834
1474.0,0.9612079055554461
1475.0,0.9611220998694263
1476.0,0.9609856380113962
1477.0,0.9608521203913549
1478.0,0.9607224588822597
1479.0,0.9606206381763204
1480.0,0.9606330318393526
1481.0,0.9608357734118946
1482.0,0.9612065180749227
1483.0,0.9615552194227639
1484.0,0.961625391931171
1485.0,0.9613208349187329
1486.0,0.9607966534118688
1487.0,0.9603377890020008
1488.0,0.9601557945026693
1489.0,0.9602629734297684
1490.0,0.960505520980774
1491.0,0.9607370974571364
1492.0,0.9609109348281274
1493.0,0.9610420020772439
1494.0,0.9611495128567139
1495.0,0.9612057636608307
1496.0,0.9611770894436356
1497.0,0.9610928212284837
1498.0,0.961042655425749
1499.0,0.9611225584617652
1500.0,0.9613493508855923
1501.0,0.9616306118825622
1502.0,0.9618462090596676
1503.0,0.9619479717575836
1504.0,0.9619639000222475
1505.0,0.9619493187171517
1506.0,0.9619443817189057
1507.0,0.9619531635821628
1508.0,0.9619831640216211
1509.0,0.9620630576203684
1510.0,0.9622008041782164
1511.0,0.9623547600901753
1512.0,0.9624331314242603
1513.0,0.962354154207859
1514.0,0.9621276068106344
1515.0,0.9618637926778544
1516.0,0.9617064669272893
1517.0,0.9617301643386694
1518.0,0.9618801687659553
1519.0,0.9620539865018296
1520.0,0.9622532300338549
1521.0,0.962521420035088
1522.0,0.962777553091297
1523.0,0.9629116978989495
1524.0,0.9629625911589796
1525.0,0.9630343230834044
1526.0,0.96313070224575
1527.0,0.9631894950867139
1528.0,0.9631851315305948
1529.0,0.9631482137621766
1530.0,0.9631319678258332
1531.0,0.9631325965530211
1532.0,0.9630713748215034
1533.0,0.9629345992676307
1534.0,0.9628333676615851
1535.0,0.962847829677718
1536.0,0.9629348330403169
1537.0,0.9630338675632162
1538.0,0.9631422929741353
1539.0,0.963268294013372
1540.0,0.9634087348484486
1541.0,0.9635784848114205
1542.0,0.9637977360554955
1543.0,0.9640465047546425
1544.0,0.9642730914874384
1545.0,0.964445238889093
1546.0,0.9645664566179335
1547.0,0.9646525420026467
1548.0,0.9647108247309815
1549.0,0.9647306081356282
1550.0,0.9647224637792617
1551.0,0.9647556039026159
1552.0,0.9648982514852555
1553.0,0.9651441769001367
1554.0,0.9653934677613359
1555.0,0.9655052731059359
1556.0,0.9654227699939881
1557.0,0.9652351920408379
1558.0,0.9650833735645629
1559.0,0.9650354748948207
1560.0,0.9650742919815922
1561.0,0.9651416583800589
1562.0,0.9651896853151709
1563.0,0.9652182005522552
1564.0,0.9652583270722785
1565.0,0.9653405065620622
1566.0,0.9654762406878724
1567.0,0.9656558817694492
1568.0,0.965868319665526
1569.0,0.9661092705988387
1570.0,0.9663735638622073
1571.0,0.9666279259494521
1572.0,0.9667821351513133
1573.0,0.9667574567422881
1574.0,0.9665808367769437
1575.0,0.9663703091165369
1576.0,0.9662410591914473
1577.0,0.9662318463324955
1578.0,0.9662961927453858
1579.0,0.9663752014697135
1580.0,0.96647898355284
1581.0,0.9666246097484684
1582.0,0.9667558429113616
1583.0,0.9667806887145931
1584.0,0.9666465972613775
1585.0,0.9663996910782451
1586.0,0.9661675231998632
1587.0,0.9660564409073995
1588.0,0.9660732931078779
1589.0,0.9661597818344156
1590.0,0.9662573435063395
1591.0,0.9663310159732492
1592.0,0.966372238486422
1593.0,0.9663671424878668
1594.0,0.9663003805728859
1595.0,0.9662057615386381
1596.0,0.966148430959911
1597.0,0.9661526937832305
1598.0,0.9661622212043344
1599.0,0.9661905873218621
