0.0,0.0
1.0,0.0
2.0,0.0
3.0,0.0
4.0,0.0
5.0,0.0
6.0,0.0
7.0,0.0
8.0,0.0
9.0,0.0
10.0,0.0
11.0,0.0
12.0,0.0
13.0,0.0
14.0,0.0
15.0,0.0
16.0,0.0
17.0,0.0
18.0,0.0
19.0,0.0
20.0,0.0
21.0,0.0
22.0,0.0
23.0,0.0
24.0,0.0
25.0,0.0
26.0,0.0
27.0,0.0
28.0,0.0
29.0,0.0
30.0,0.0
31.0,0.0
32.0,0.0
33.0,0.0
34.0,0.0
35.0,0.0
36.0,0.0
37.0,0.0
38.0,0.0
39.0,0.0
40.0,0.0
41.0,0.0
42.0,0.0
43.0,0.0
44.0,0.0
45.0,0.0
46.0,0.0
47.0,0.0
48.0,0.0
49.0,0.0
50.0,0.0
51.0,0.0
52.0,0.0
53.0,0.0
54.0,0.0
55.0,0.0
56.0,0.0
57.0,0.0
58.0,0.0
59.0,0.0
60.0,0.0
61.0,0.0
62.0,0.0
63.0,0.0
64.0,0.0
65.0,0.0
66.0,0.0
67.0,0.0
68.0,0.0
69.0,0.0
70.0,0.0
71.0,0.0
72.0,0.0
73.0,0.0
74.0,0.0
75.0,0.0
76.0,0.0
77.0,0.0
78.0,0.0
79.0,0.0
80.0,0.0
81.0,0.0
82.0,0.0
83.0,0.0
84.0,0.0
85.0,0.0
86.0,0.0
87.0,0.0
88.0,0.0
89.0,0.0
90.0,0.0
91.0,0.0
92.0,0.0
93.0,0.0
94.0,0.0
95.0,0.0
96.0,0.0
97.0,0.0
98.0,0.0
99.0,0.0
100.0,0.0
101.0,0.0
102.0,0.0
103.0,0.0
104.0,0.0
105.0,0.0
106.0,0.0
107.0,0.0
108.0,0.0
109.0,0.0
110.0,0.0
111.0,0.0
112.0,0.0
113.0,0.2778800799585897
114.0,0.28489427965347075
115.0,0.2883375171555186
116.0,0.2902104242417465
117.0,0.2825247539613316
118.0,0.2645730745760215
119.0,0.24191684016366816
120.0,0.22141645400910998
121.0,0.20622533286031183
122.0,0.1973465874859774
123.0,0.19542567076499276
124.0,0.19927107431586313
125.0,0.20636456289588917
126.0,0.21543141004791483
127.0,0.22763553853846474
128.0,0.24545372502753554
129.0,0.2695681205269424
130.0,0.2959216444574969
131.0,0.3172395291317332
132.0,0.3276459623493273
133.0,0.32571965266559894
134.0,0.31368066108281184
135.0,0.29596926386159333
136.0,0.2774460440441564
137.0,0.2607015993885341
138.0,0.24496412836465323
139.0,0.22895816212295111
140.0,0.21441423938320608
141.0,0.20401741075916208
142.0,0.19828694625543558
143.0,0.1988620929285306
144.0,0.21059548143701717
145.0,0.23351662542264856
146.0,0.25880748572016743
147.0,0.2776906418103558
148.0,0.28891887871461425
149.0,0.2942165850888241
150.0,0.2937917691478959
151.0,0.28925123511840894
152.0,0.28313973568013273
153.0,0.27313735236207803
154.0,0.25356574183058544
155.0,0.22486051138017965
156.0,0.1948694259535539
157.0,0.1703591540106087
158.0,0.15391867010813018
159.0,0.14843747621283815
160.0,0.15556904954213313
161.0,0.17119071136228947
162.0,0.18841039364341544
163.0,0.20408677880873133
164.0,0.2191072455344542
165.0,0.23429988705042448
166.0,0.24940952820508297
167.0,0.26374390918670193
168.0,0.275487823304854
169.0,0.2816913202937315
170.0,0.28120159942029865
171.0,0.27645697388411106
172.0,0.27131189122064714
173.0,0.2685140399682535
174.0,0.2721468870741436
175.0,0.2873263449171419
176.0,0.3125585630165824
177.0,0.338458793472554
178.0,0.3570370866073326
179.0,0.36610808358937463
180.0,0.36086516494611887
181.0,0.3351096501236279
182.0,0.29463172677977956
183.0,0.2563036027882679
184.0,0.23336073348086558
185.0,0.2280558374090296
186.0,0.2370856189047946
187.0,0.25505585057429114
188.0,0.27543165493684263
189.0,0.29148637141326533
190.0,0.2962876873928097
191.0,0.2874618724297741
192.0,0.2704455752442484
193.0,0.2536702658214034
194.0,0.2412974525083132
195.0,0.23445196340571234
196.0,0.23535129178728645
197.0,0.24417329372333965
198.0,0.25698050862066557
199.0,0.2708238630258135
200.0,0.2875844543848657
201.0,0.3098532495159394
202.0,0.33669033283830235
203.0,0.3644225511017968
204.0,0.3887966326887613
205.0,0.40568384181876854
206.0,0.41257216624505877
207.0,0.410266465951449
208.0,0.4020295227322658
209.0,0.3908983516201699
210.0,0.37710963140131926
211.0,0.35741455460247407
212.0,0.329161055125214
213.0,0.2959723277421842
214.0,0.2659137318167667
215.0,0.2443939132685279
216.0,0.2327206421057183
217.0,0.23181087947199142
218.0,0.24074049186263347
219.0,0.2544513965765854
220.0,0.26863381525780805
221.0,0.2849184524744136
222.0,0.3063723694057634
223.0,0.3312005939772724
224.0,0.3546614777725793
225.0,0.37336611506455125
226.0,0.3851710427135525
227.0,0.3884969191956218
228.0,0.3841743136634097
229.0,0.37540059414336957
230.0,0.3650114414732198
231.0,0.35322452006232935
232.0,0.3378689710908876
233.0,0.31702185159961693
234.0,0.29243287773167237
235.0,0.2706344773354634
236.0,0.2614038550201884
237.0,0.27156279787383564
238.0,0.29875704450054497
239.0,0.3328640036860763
240.0,0.36419164869856063
241.0,0.3847845246389687
242.0,0.38294286016282664
243.0,0.3525533316562489
244.0,0.3045307099527438
245.0,0.25774945998865617
246.0,0.22160783839454934
247.0,0.19855913792544627
248.0,0.195002430693562
249.0,0.21234629127405155
250.0,0.23866147665021226
251.0,0.2580759866666071
252.0,0.26329308414307095
253.0,0.2557628535918036
254.0,0.2401459891527852
255.0,0.22166395488640805
256.0,0.20468880343150278
257.0,0.19718391588497583
258.0,0.20876460520997336
259.0,0.23826474068696374
260.0,0.27216208081138427
261.0,0.2982055492652068
262.0,0.3122850503319654
263.0,0.3096371403110294
264.0,0.28594796213199586
265.0,0.24817639520030868
266.0,0.21296996780141028
267.0,0.19523330141182849
268.0,0.2004530661528067
269.0,0.2261242298610593
270.0,0.26421045068745186
271.0,0.30514607083394996
272.0,0.3374615549030296
273.0,0.34618803289723876
274.0,0.32540153620523105
275.0,0.2872454773755282
276.0,0.2511486552535933
277.0,0.22769034581488684
278.0,0.22131501121356195
279.0,0.23715585674716733
280.0,0.27253835329302684
281.0,0.31333220241170434
282.0,0.3418404229963701
283.0,0.3468811446047251
284.0,0.32600553900685325
285.0,0.28414737028799714
286.0,0.23308311818302513
287.0,0.18714726133177695
288.0,0.16063300815575404
289.0,0.16138440123752829
290.0,0.18437457473181054
291.0,0.2158340809646088
292.0,0.2448231577408891
293.0,0.26846114140373134
294.0,0.286749807356403
295.0,0.3001675452352417
296.0,0.3101726027804922
297.0,0.3171859922527812
298.0,0.31865201735818366
299.0,0.31146863149373044
300.0,0.29561899892821364
301.0,0.27482302287180016
302.0,0.25450296669040484
303.0,0.24323321307052823
304.0,0.2521514786496907
305.0,0.28383188818914273
306.0,0.32682954318388174
307.0,0.3659153023277796
308.0,0.39361648797568743
309.0,0.4064188374214916
310.0,0.4009372518166605
311.0,0.3806430687446402
312.0,0.3562352442832322
313.0,0.33692483136700807
314.0,0.32484096041932264
315.0,0.3191106603206797
316.0,0.31892431077970707
317.0,0.32209176150642405
318.0,0.325601625302288
319.0,0.32741045871379765
320.0,0.32729075832045734
321.0,0.32609042113410014
322.0,0.3248585186865834
323.0,0.3242797633770668
324.0,0.3248996610512816
325.0,0.3278348520706881
326.0,0.33335147016873345
327.0,0.33940744550303864
328.0,0.3434930678544001
329.0,0.345147887491289
330.0,0.3450780573467464
331.0,0.34320278334294974
332.0,0.33934925870564747
333.0,0.3339203022818012
334.0,0.32533799011938763
335.0,0.3096865256966147
336.0,0.28657014925735913
337.0,0.26159863520011173
338.0,0.24069961931532013
339.0,0.22604143450722838
340.0,0.22000256199367543
341.0,0.22556472207063497
342.0,0.2400261240951664
343.0,0.25542150030335153
344.0,0.2662241145380441
345.0,0.2724220544555111
346.0,0.2751088788159024
347.0,0.2747028415529196
348.0,0.2726632885618177
349.0,0.2701459994179787
350.0,0.2654426631641871
351.0,0.25662600130172564
352.0,0.24592704669741802
353.0,0.23776256995500075
354.0,0.23399525037321964
355.0,0.23653572897628783
356.0,0.2510763689928394
357.0,0.2786518462078592
358.0,0.3092071462766018
359.0,0.3299023154932978
360.0,0.3355337577169854
361.0,0.32745963778275333
362.0,0.30866964462234175
363.0,0.28415974406931255
364.0,0.25952593141120517
365.0,0.2371381236258071
366.0,0.21555145255623698
367.0,0.19418765316739997
368.0,0.17563416142316227
369.0,0.1621214065126656
370.0,0.15433922456739613
371.0,0.154594379168065
372.0,0.16510308666888485
373.0,0.18242423342328296
374.0,0.19844039922539797
375.0,0.2065184023105897
376.0,0.20516989514426737
377.0,0.19681965258400974
378.0,0.1858751067699732
379.0,0.17650666067267587
380.0,0.17207544777054823
381.0,0.17588375338189174
382.0,0.18840497378252005
383.0,0.20559889919122082
384.0,0.22201109276370162
385.0,0.23485540106888486
386.0,0.24322542751160253
387.0,0.24612913191479346
388.0,0.2444460831914576
389.0,0.24198936049958064
390.0,0.24492786831960706
391.0,0.2586804584273749
392.0,0.28300997280767326
393.0,0.3116000200054873
394.0,0.3375159433328765
395.0,0.3567080637963425
396.0,0.36409251527542597
397.0,0.3553804360435631
398.0,0.33503583221246347
399.0,0.3149211204437846
400.0,0.3046603488253892
401.0,0.3074140342554399
402.0,0.32430450001475264
403.0,0.35338319347083963
404.0,0.38626486010472744
405.0,0.4118959665222214
406.0,0.42297210175046607
407.0,0.41919113604654545
408.0,0.4052180591829269
409.0,0.38703241709849245
410.0,0.3681213779667264
411.0,0.34841860226499366
412.0,0.3261328731095116
413.0,0.3010182185249181
414.0,0.276397189354832
415.0,0.2576728841507982
416.0,0.24920070631416064
417.0,0.25215537327660664
418.0,0.26412467729373157
419.0,0.27998544049288737
420.0,0.29329319383621566
421.0,0.2944620505556214
422.0,0.2752958239679313
423.0,0.23940361336122337
424.0,0.20146047154825025
425.0,0.17468583848378302
426.0,0.16501415334500324
427.0,0.17810366371632863
428.0,0.21584258047106794
429.0,0.26674912800603984
430.0,0.31156912788930946
431.0,0.3373009500051251
432.0,0.34238385060934917
433.0,0.33107932130535817
434.0,0.31040419798060115
435.0,0.2878864810158888
436.0,0.26826914115948236
437.0,0.25232108596598624
438.0,0.23867446011475407
439.0,0.22694934818763676
440.0,0.21761455004729216
441.0,0.21096962632999858
442.0,0.20725224742412016
443.0,0.20665629308164235
444.0,0.20833882365453632
445.0,0.21081997608787895
446.0,0.21516576501600537
447.0,0.22487541839932246
448.0,0.24048161193233913
449.0,0.25762874295050203
450.0,0.27132798870390257
451.0,0.27870488137657584
452.0,0.27703816753151256
453.0,0.2649894993480158
454.0,0.2462587722599942
455.0,0.22747888154758528
456.0,0.2124288655791308
457.0,0.20094620167607474
458.0,0.1926123057393763
459.0,0.18740129038062017
460.0,0.18434380607819684
461.0,0.18407027287557648
462.0,0.19125762196732243
463.0,0.20876843876424384
464.0,0.23188575278616408
465.0,0.25300995939137827
466.0,0.26890005367948505
467.0,0.27944243320967416
468.0,0.2841405363211386
469.0,0.2837321737374991
470.0,0.28069653051851395
471.0,0.2755517798767212
472.0,0.2656070053284982
473.0,0.2497978189487164
474.0,0.23121516300824385
475.0,0.21348591580420367
476.0,0.19858880620490407
477.0,0.18952221413114706
478.0,0.18932634828692924
479.0,0.19612715190739238
480.0,0.20449722538352752
481.0,0.21229627945047325
482.0,0.2215926154539502
483.0,0.23346310840485124
484.0,0.24634563680180277
485.0,0.2582470407634985
486.0,0.26561955644306817
487.0,0.2614353031852803
488.0,0.24209801377106588
489.0,0.21405357534228564
490.0,0.18770569276703408
491.0,0.16763784789184405
492.0,0.1574561980194643
493.0,0.1659914811936391
494.0,0.19466397721904372
495.0,0.229548940373539
496.0,0.2541146038330056
497.0,0.26288488839607377
498.0,0.25835149533554064
499.0,0.24430739294587156
500.0,0.22631158645310173
501.0,0.21033634002403345
502.0,0.20004714785826183
503.0,0.19574130438653065
504.0,0.19593796731282054
505.0,0.19932448509800543
506.0,0.20512859400923078
507.0,0.21342560291572826
508.0,0.2251105659545507
509.0,0.2403319083602421
510.0,0.2565541413161141
511.0,0.2711069268185553
512.0,0.28558164328462265
513.0,0.3030203727708727
514.0,0.3220460062316985
515.0,0.33770574677451104
516.0,0.3461198549393941
517.0,0.34511019333023446
518.0,0.3328820029948206
519.0,0.3107283223185538
520.0,0.2839947629907136
521.0,0.2562549567605291
522.0,0.225157803761947
523.0,0.1881154433593199
524.0,0.14771282965887172
525.0,0.10873964794391092
526.0,0.07531432987902481
527.0,0.05502178339875394
528.0,0.0567103098533579
529.0,0.07853110791235507
530.0,0.10696760466392119
531.0,0.1302547583536126
532.0,0.1460040304154508
533.0,0.15503565666197108
534.0,0.15809311310153792
535.0,0.15777033459754145
536.0,0.15872423160012694
537.0,0.16683535108581116
538.0,0.1851640792959851
539.0,0.21055194584513998
540.0,0.23641257846103025
541.0,0.2587345248849181
542.0,0.275565499453186
543.0,0.28322771832854143
544.0,0.28028463087264954
545.0,0.27146009435439067
546.0,0.26286023147458487
547.0,0.25587897809966176
548.0,0.2489427976468822
549.0,0.24148058328486005
550.0,0.23380572865737081
551.0,0.22599148650930462
552.0,0.21651151529600704
553.0,0.20289360606706608
554.0,0.185730058605655
555.0,0.1695517557327479
556.0,0.1584500719776759
557.0,0.1534792396868175
558.0,0.15528050683611755
559.0,0.16441943071793658
560.0,0.17809765880987283
561.0,0.1925124511729598
562.0,0.20942445281599914
563.0,0.2335703568637872
564.0,0.26368351547142554
565.0,0.2923772329440729
566.0,0.31332124666338645
567.0,0.3234267084865843
568.0,0.32045744430833945
569.0,0.30523257984995955
570.0,0.2834868165633838
571.0,0.2615383076371458
572.0,0.24116457772534594
573.0,0.2210530696504452
574.0,0.2008820513307567
575.0,0.18205626783481482
576.0,0.16653359665633355
577.0,0.153540496709767
578.0,0.13908827264497425
579.0,0.1217592970283676
580.0,0.10637966827109277
581.0,0.10164008628123339
582.0,0.11485747026617979
583.0,0.1484272230127871
584.0,0.19803322181253696
585.0,0.2531802216707381
586.0,0.30064051467250913
587.0,0.3265850713414799
588.0,0.32387902725437584
589.0,0.29890818244640976
590.0,0.26642437910041716
591.0,0.2368296923487337
592.0,0.2120864825977477
593.0,0.1918379984638674
594.0,0.1758138998867067
595.0,0.16349843020423455
596.0,0.15665901312967184
597.0,0.1609419097161809
598.0,0.1798226721763599
599.0,0.20901851440217917
600.0,0.23973468011295213
601.0,0.26526988791136685
602.0,0.28124565674389057
603.0,0.2844420209970418
604.0,0.27641426684167314
605.0,0.2639361678305065
606.0,0.2547244307899416
607.0,0.25285453779323863
608.0,0.25865153832352833
609.0,0.27010371496356034
610.0,0.28341763307720547
611.0,0.29433951076508325
612.0,0.2983427830509889
613.0,0.29279623372912256
614.0,0.2800033043966856
615.0,0.2652479971416749
616.0,0.251262586399864
617.0,0.2370699782654646
618.0,0.2217642155998995
619.0,0.20613886042489882
620.0,0.19172981585340126
621.0,0.18075472317786206
622.0,0.1762496146601636
623.0,0.17954572512397715
624.0,0.18830031962398547
625.0,0.1985391160465027
626.0,0.20804756296342164
627.0,0.2161225262666096
628.0,0.2220002554996155
629.0,0.225836709358812
630.0,0.22917992926047293
631.0,0.2332597151199166
632.0,0.23774609256724527
633.0,0.24206201393076182
634.0,0.24663204089061824
635.0,0.25228895354651754
636.0,0.2601179957475134
637.0,0.27312166988199915
638.0,0.29433414706339955
639.0,0.3214679943331258
640.0,0.34609725622986426
641.0,0.3579353179922172
642.0,0.3505366806283343
643.0,0.3236251817813421
644.0,0.28349166537277004
645.0,0.24061343804899743
646.0,0.20534807196666066
647.0,0.1850969322416539
648.0,0.18071552763633536
649.0,0.18637773600963076
650.0,0.19596109139636958
651.0,0.20988432102825377
652.0,0.23210878416509895
653.0,0.263272755619812
654.0,0.2990679211337895
655.0,0.3323278639796829
656.0,0.3529478331354857
657.0,0.35065228200926785
658.0,0.3250698469674589
659.0,0.2883199302695789
660.0,0.25416284261205185
661.0,0.22832963295594688
662.0,0.2135033724077805
663.0,0.21263072010334277
664.0,0.22317117214707954
665.0,0.23738049564805908
666.0,0.24959608599439603
667.0,0.25975824292549715
668.0,0.2694711115452237
669.0,0.2796667881519624
670.0,0.29157191596672355
671.0,0.3070888586332695
672.0,0.3288462522768219
673.0,0.35762392899142864
674.0,0.38987190769210667
675.0,0.4184163589950228
676.0,0.43560929654499353
677.0,0.43804887035933493
678.0,0.4285426389952859
679.0,0.41350306504586315
680.0,0.3981203697181227
681.0,0.3875458889043153
682.0,0.3883429782807417
683.0,0.40122070113993663
684.0,0.4178569942310587
685.0,0.42969171868292877
686.0,0.4357454234828922
687.0,0.4379389954927611
688.0,0.43589741082641686
689.0,0.4294282596750888
690.0,0.41889692663705436
691.0,0.4002524465537779
692.0,0.3672869997884846
693.0,0.3221933610719322
694.0,0.2767805352993262
695.0,0.24236133648788066
696.0,0.22422527366645184
697.0,0.22573493807093353
698.0,0.24635456047715087
699.0,0.2767842789460201
700.0,0.3022353073822948
701.0,0.30995729579299525
702.0,0.2969061323917746
703.0,0.2709149406361339
704.0,0.24396241877669966
705.0,0.22285654537087674
706.0,0.2090238123452025
707.0,0.20344521312727148
708.0,0.20536461060089672
709.0,0.21146100040320526
710.0,0.22177788261114084
711.0,0.24244164574716354
712.0,0.2760751250008033
713.0,0.3155400506286666
714.0,0.35125265919763177
715.0,0.37821513521433237
716.0,0.3918976334998792
717.0,0.3877169207791261
718.0,0.3693127026060591
719.0,0.34823998499970327
720.0,0.3336546109219641
721.0,0.32673736446625284
722.0,0.32544262699037585
723.0,0.3278222884641962
724.0,0.33146765250303883
725.0,0.33439008978735785
726.0,0.3360741929362313
727.0,0.3371303641101452
728.0,0.3379871042877145
729.0,0.3375787882796959
730.0,0.333055074288353
731.0,0.322343831142369
732.0,0.30665903764454117
733.0,0.28944547948893073
734.0,0.27370071557568704
735.0,0.26425264498135737
736.0,0.26870895753022395
737.0,0.2883671178384149
738.0,0.31324664168467814
739.0,0.3291710491654169
740.0,0.3272360959576455
741.0,0.3044916932307389
742.0,0.26292505519216797
743.0,0.21230555128623196
744.0,0.16841364132741027
745.0,0.15023915245354597
746.0,0.16983481889164642
747.0,0.21968553166832122
748.0,0.2768810478608276
749.0,0.3217119287582331
750.0,0.3478770731814172
751.0,0.35522565238013293
752.0,0.34682087906678133
753.0,0.3304823213501885
754.0,0.3149407146470839
755.0,0.30494442896930496
756.0,0.3002356725910459
757.0,0.298708628868818
758.0,0.2984218867257788
759.0,0.29846198271713376
760.0,0.29901093515796084
761.0,0.3005397230226313
762.0,0.30300199056758903
763.0,0.3053880651653632
764.0,0.3053436308179639
765.0,0.2999988434121781
766.0,0.28881853615733455
767.0,0.27475679996051805
768.0,0.2621481962795152
769.0,0.25403019146516387
770.0,0.252112711525884
771.0,0.25671168858625487
772.0,0.26581597831844506
773.0,0.27502517099645435
774.0,0.27736821508052956
775.0,0.2674166078148109
776.0,0.24716856220773403
777.0,0.22463924448322908
778.0,0.2058762541128467
779.0,0.1942329943687649
780.0,0.1971116995265102
781.0,0.21933330867956607
782.0,0.2520825513545614
783.0,0.2790061806152506
784.0,0.29070102496658523
785.0,0.28782898504723164
786.0,0.2747216872649572
787.0,0.2569030637753649
788.0,0.23958519275631107
789.0,0.2258785777570555
790.0,0.21646255427704758
791.0,0.2103859036337496
792.0,0.20664509175521212
793.0,0.20404744833578925
794.0,0.2013349730055377
795.0,0.19839813015116115
796.0,0.1964848675186432
797.0,0.1965347527207581
798.0,0.19909898461834796
799.0,0.20803860321866796
800.0,0.22837638704268243
801.0,0.2575558424462584
802.0,0.28559005590230874
803.0,0.3049442154093397
804.0,0.31497536910141505
805.0,0.3172750434538997
806.0,0.31346261900168837
807.0,0.30619450305134904
808.0,0.297177289801219
809.0,0.28467760760598765
810.0,0.2667100261291551
811.0,0.245810691308104
812.0,0.22865891326656107
813.0,0.2221061821800427
814.0,0.22909866009580204
815.0,0.24739570238526726
816.0,0.27087887466957455
817.0,0.2930323811809807
818.0,0.30738117629923617
819.0,0.30837193685869646
820.0,0.29648676597309576
821.0,0.2792030106789156
822.0,0.26602744178694904
823.0,0.2625569222315991
824.0,0.2696909750574825
825.0,0.2846071545001051
826.0,0.3015679743680887
827.0,0.31210892515723376
828.0,0.30114117444810196
829.0,0.25641747187747765
830.0,0.18618614104918052
831.0,0.11749192042335088
832.0,0.07697670934019096
833.0,0.07657063779628764
834.0,0.11493483734707632
835.0,0.1790020381369129
836.0,0.24832285128874176
837.0,0.3022832517082502
838.0,0.3251241897056789
839.0,0.3151008374865776
840.0,0.2859904064519646
841.0,0.25539746069894126
842.0,0.23077919694166987
843.0,0.2113697095974414
844.0,0.19679812439873035
845.0,0.18667511368137507
846.0,0.17959909457081402
847.0,0.176154385043014
848.0,0.1796303076056447
849.0,0.19063444028744753
850.0,0.20455218257325708
851.0,0.21606867459170093
852.0,0.22312976144735192
853.0,0.22573916825341406
854.0,0.22477572676463087
855.0,0.22252779551283564
856.0,0.22203456737822552
857.0,0.2260433074144781
858.0,0.2354716496638103
859.0,0.24853755323195492
860.0,0.2625243532475352
861.0,0.276714140848353
862.0,0.2923264513563296
863.0,0.3100833480631351
864.0,0.3287954485242871
865.0,0.34566697923133094
866.0,0.3557704190338876
867.0,0.3524282052081974
868.0,0.3336827143962887
869.0,0.30626143723734844
870.0,0.27880327924344384
871.0,0.25364573623980724
872.0,0.22921878141139196
873.0,0.2053151860609297
874.0,0.18318464278684976
875.0,0.16436402936896088
876.0,0.14975175024968734
877.0,0.13921794960774547
878.0,0.13213038019944257
879.0,0.12846602081064434
880.0,0.12995734963836986
881.0,0.13935317028001698
882.0,0.15812007446836296
883.0,0.18466253375321995
884.0,0.21448130951264188
885.0,0.2411641471219692
886.0,0.25697645845253114
887.0,0.2578481083539096
888.0,0.2480868204306501
889.0,0.2376245547407566
890.0,0.23456808831803944
891.0,0.24226464122148705
892.0,0.26159437988463097
893.0,0.289181803258198
894.0,0.3165477622529058
895.0,0.33051946763415563
896.0,0.31680081256618253
897.0,0.273464609820836
898.0,0.21646764826554804
899.0,0.16623404941107311
900.0,0.1319706273891761
901.0,0.11404221465274639
902.0,0.11105367502095403
903.0,0.11874862506691697
904.0,0.1313497590661945
905.0,0.14584048264035532
906.0,0.16313599655257843
907.0,0.18355648989917517
908.0,0.20521983626442342
909.0,0.22831531169190666
910.0,0.25560268216249105
911.0,0.2884462029973244
912.0,0.32465875268682753
913.0,0.3600289094696144
914.0,0.38738632001466267
915.0,0.39403719649820723
916.0,0.372569316175429
917.0,0.3332687142872346
918.0,0.2952504976478998
919.0,0.26775982273891463
920.0,0.24952558327998897
921.0,0.23939973814304882
922.0,0.23667470237148514
923.0,0.2386743799779335
924.0,0.2441314677570311
925.0,0.25561641916193145
926.0,0.2741148699190309
927.0,0.2949355905139941
928.0,0.3123039238014357
929.0,0.3242124325033868
930.0,0.3308256635228879
931.0,0.3322653571980513
932.0,0.3297148559680275
933.0,0.3243010899368849
934.0,0.312549019423342
935.0,0.28885742394042246
936.0,0.2555833195134254
937.0,0.22332963017337082
938.0,0.2001468230139261
939.0,0.18684604072228783
940.0,0.18214598212855115
941.0,0.18477298882275672
942.0,0.19205316025604358
943.0,0.20192531208144165
944.0,0.21573876693724992
945.0,0.23521946152866657
946.0,0.2576844471935551
947.0,0.27827771313419747
948.0,0.2949581934773895
949.0,0.3082228670458057
950.0,0.31835400672426006
951.0,0.3254607539078631
952.0,0.3300698164018865
953.0,0.3327976607194666
954.0,0.3339747039409465
955.0,0.33418337062154
956.0,0.3336091055306579
957.0,0.32742405937160834
958.0,0.30714642632627154
959.0,0.2715083881444096
960.0,0.22985588090082953
961.0,0.1917410134402467
962.0,0.16363391257530197
963.0,0.16168816351536852
964.0,0.20228572019062896
965.0,0.2738714522137772
966.0,0.34074183142023673
967.0,0.37485893504236345
968.0,0.37202514044088764
969.0,0.34186482527866624
970.0,0.2996905234500291
971.0,0.2613934835348207
972.0,0.23807649854502722
973.0,0.23523233578950475
974.0,0.2500242286712948
975.0,0.2725310544070114
976.0,0.29479188541588686
977.0,0.3182403607531681
978.0,0.3463044308758674
979.0,0.375037377073259
980.0,0.3972377344429634
981.0,0.40888897731796015
982.0,0.40713516495008906
983.0,0.3890173672786089
984.0,0.35819505535310836
985.0,0.32415634121297987
986.0,0.28832913740475896
987.0,0.24176659963679326
988.0,0.18299214389366913
989.0,0.12475243143133852
990.0,0.0808062466478866
991.0,0.05837617500063741
992.0,0.06446767361581457
993.0,0.10155267344247376
994.0,0.15647816825518857
995.0,0.20614701815433
996.0,0.23343171022276799
997.0,0.23634157278109702
998.0,0.22436109101678547
999.0,0.20999897320954797
1000.0,0.2000928607582747
1001.0,0.1953376975950345
1002.0,0.1958339234210017
1003.0,0.20121598237148264
1004.0,0.21002786790690942
1005.0,0.22664725900508875
1006.0,0.26340263453984947
1007.0,0.3235405520054446
1008.0,0.39042392701847706
1009.0,0.4385991903615927
1010.0,0.4504110810891502
1011.0,0.4198922999540494
1012.0,0.35212193534317804
1013.0,0.2644868883771747
1014.0,0.18208187209809512
1015.0,0.13614914441910803
1016.0,0.14790824625234344
1017.0,0.2046617711297678
1018.0,0.268198131594945
1019.0,0.3110167317837027
1020.0,0.3313807292572052
1021.0,0.334582846950209
1022.0,0.32483437980977603
1023.0,0.3096696463703974
1024.0,0.29707102083686887
1025.0,0.29051967494910136
1026.0,0.2885516636339239
1027.0,0.28836522942448395
1028.0,0.28921788202424603
1029.0,0.29373362603461484
1030.0,0.3041426456334695
1031.0,0.31827517925322923
1032.0,0.3310609894726364
1033.0,0.3381050339162681
1034.0,0.33506452337311166
1035.0,0.3177549008074877
1036.0,0.2881473112091596
1037.0,0.2559780366835549
1038.0,0.23337836988335403
1039.0,0.22753802735749729
1040.0,0.23721455794783963
1041.0,0.2548881590020393
1042.0,0.2727703357731891
1043.0,0.2872571198127555
1044.0,0.29670627657322357
1045.0,0.30061418805463813
1046.0,0.3015301920426562
1047.0,0.3017891929729063
1048.0,0.2974500919943641
1049.0,0.2826704986638824
1050.0,0.25980905127648657
1051.0,0.23953651899867212
1052.0,0.23270002784989696
1053.0,0.24590782208452988
1054.0,0.2821509741689533
1055.0,0.33616466609703566
1056.0,0.39311368502793576
1057.0,0.43489000878622563
1058.0,0.4488755458302579
1059.0,0.4357242271262872
1060.0,0.4082027196878797
1061.0,0.38236621421826966
1062.0,0.36735208574287903
1063.0,0.36509637601290856
1064.0,0.37394242346537954
1065.0,0.3889455835434754
1066.0,0.40388498323761834
1067.0,0.4123312126188202
1068.0,0.4103878855684461
1069.0,0.4002788171790427
1070.0,0.3894567899836521
1071.0,0.3860654978323388
1072.0,0.3941497184857141
1073.0,0.4127737192252571
1074.0,0.437179846416727
1075.0,0.46138900540285066
1076.0,0.4798175117309451
1077.0,0.4865296463483171
1078.0,0.47927215785138955
1079.0,0.4633327447088059
1080.0,0.4477444070942048
1081.0,0.43811328119165116
1082.0,0.4346115999921427
1083.0,0.43479227949006494
1084.0,0.4345547584044277
1085.0,0.4292981203860481
1086.0,0.4152175469839241
1087.0,0.3903584503490922
1088.0,0.3574635819651265
1089.0,0.3238915859665944
1090.0,0.29874748902625337
1091.0,0.2882265589434301
1092.0,0.29158542926108655
1093.0,0.3018214290148935
1094.0,0.31039295270431655
1095.0,0.31206805029195617
1096.0,0.30452048992428415
1097.0,0.28812110432862814
1098.0,0.2666679700318817
1099.0,0.2482977678323567
1100.0,0.24784044111159664
1101.0,0.276149090528339
1102.0,0.32503004354099796
1103.0,0.37125719152037373
1104.0,0.3949919887666029
1105.0,0.3892596009508068
1106.0,0.35546423420547313
1107.0,0.3033033357215983
1108.0,0.24936560924307383
1109.0,0.2120420868625743
1110.0,0.20594611259762385
1111.0,0.2308014543197544
1112.0,0.26955331573820307
1113.0,0.30454069894443625
1114.0,0.33331548675041633
1115.0,0.3606649598191972
1116.0,0.38582367045197874
1117.0,0.4043142437145102
1118.0,0.412151782366565
1119.0,0.40536009092103553
1120.0,0.38141686803113506
1121.0,0.34484598278086875
1122.0,0.3067092577536855
1123.0,0.27743781554858316
1124.0,0.26082948818264295
1125.0,0.25464351961119114
1126.0,0.2537399655239517
1127.0,0.25313122170185265
1128.0,0.25016408711479354
1129.0,0.24365830006256473
1130.0,0.233897636841776
1131.0,0.22279430295144553
1132.0,0.2144101824366701
1133.0,0.2151683745940659
1134.0,0.22821306648808704
1135.0,0.2484818629778227
1136.0,0.2664333242672209
1137.0,0.27562354905645137
1138.0,0.27450724638323265
1139.0,0.2640944385041565
1140.0,0.2481152918855769
1141.0,0.2322380012792068
1142.0,0.2238169221389572
1143.0,0.2295982448411077
1144.0,0.24881052343557275
1145.0,0.27173125888550964
1146.0,0.28627470074732475
1147.0,0.2859048856893326
1148.0,0.27138220061521157
1149.0,0.24885197817579308
1150.0,0.22711798303451924
1151.0,0.2135571535327817
1152.0,0.21294991479977476
1153.0,0.22564345804527453
1154.0,0.24617876830031027
1155.0,0.26622274462153805
1156.0,0.27917533498482816
1157.0,0.2833556227248032
1158.0,0.28111681585765635
1159.0,0.2767788007123687
1160.0,0.27424602364211303
1161.0,0.2757530273906763
1162.0,0.28239868762968456
1163.0,0.2927597077951577
1164.0,0.3024292009503565
1165.0,0.3064078280243958
1166.0,0.3020118899705645
1167.0,0.2904656337969931
1168.0,0.27532483663963336
1169.0,0.25614285856336527
1170.0,0.2261111641006205
1171.0,0.18134320202628484
1172.0,0.12750990349909608
1173.0,0.07458251986695463
1174.0,0.03251340309850714
1175.0,0.01995177040975049
1176.0,0.05621593453048668
1177.0,0.13219154695447366
1178.0,0.21028653476255577
1179.0,0.2577841071812591
1180.0,0.2680547059322268
1181.0,0.25057091624813377
1182.0,0.2199057825892431
1183.0,0.19083364153173932
1184.0,0.17289762187155855
1185.0,0.1702289242460121
1186.0,0.1805932011385467
1187.0,0.1964108042592574
1188.0,0.20842433427834128
1189.0,0.20955172625367913
1190.0,0.19905346096430998
1191.0,0.182587984981884
1192.0,0.16749724411924216
1193.0,0.15724873599604483
1194.0,0.15203866142271683
1195.0,0.15197181591329978
1196.0,0.1568247458660994
1197.0,0.16656421953401357
1198.0,0.18680494838764516
1199.0,0.22736565765915295
1200.0,0.2871449898751359
1201.0,0.3480904898702204
1202.0,0.38548216978151384
1203.0,0.38372000885409374
1204.0,0.34525456138932886
1205.0,0.2877094798569618
1206.0,0.23126150568005077
1207.0,0.18916862904324716
1208.0,0.17149736142765493
1209.0,0.18168021649143984
1210.0,0.20963160463781538
1211.0,0.23743701350099355
1212.0,0.2517134690215417
1213.0,0.25053157158623474
1214.0,0.2402453400015493
1215.0,0.2319076912475876
1216.0,0.23697859187052894
1217.0,0.262354232948219
1218.0,0.30870884816215427
1219.0,0.36694553071888647
1220.0,0.4199927713149465
1221.0,0.4490664911624387
1222.0,0.44177790413279716
1223.0,0.4023276381706766
1224.0,0.3498698855221406
1225.0,0.30283045561873867
1226.0,0.2659144287253238
1227.0,0.23666116045269336
1228.0,0.21433981180839157
1229.0,0.19912354431630064
1230.0,0.19145718383509192
1231.0,0.19287751768106265
1232.0,0.20437017222901221
1233.0,0.2227142672608885
1234.0,0.24078889272651072
1235.0,0.2514870605845838
1236.0,0.2519750181027466
1237.0,0.24488357009437023
1238.0,0.2363889865582407
1239.0,0.23245140778752138
1240.0,0.23611524346558255
1241.0,0.24779491896680184
1242.0,0.26500180139993834
1243.0,0.2831048191661293
1244.0,0.2944243078308304
1245.0,0.288586967049008
1246.0,0.26299960274980183
1247.0,0.2292350511509269
1248.0,0.20495398283425004
1249.0,0.20122238522620606
1250.0,0.21824264286246708
1251.0,0.248407094755017
1252.0,0.2806079038497086
1253.0,0.3058726643117561
1254.0,0.31729005377493835
1255.0,0.31098301385150484
1256.0,0.29135430710087995
1257.0,0.2696480866073061
1258.0,0.25646704255943487
1259.0,0.25529777657591557
1260.0,0.26282678013457306
1261.0,0.27222674380838563
1262.0,0.27659686223666813
1263.0,0.27229586810407025
1264.0,0.2590024047757632
1265.0,0.23981120756134144
1266.0,0.2206236804201569
1267.0,0.20740848105719145
1268.0,0.20373301677728606
1269.0,0.2090444967120635
1270.0,0.21955511669698224
1271.0,0.23173473265700684
1272.0,0.24545908124267324
1273.0,0.2618236769301039
1274.0,0.2796081741084928
1275.0,0.2964771077357361
1276.0,0.3113074022396247
1277.0,0.3241283914036014
1278.0,0.33513002346167675
1279.0,0.3439673543007734
1280.0,0.34930268611552584
1281.0,0.3483517670837726
1282.0,0.33829677502258515
1283.0,0.3197676879115956
1284.0,0.29721979557405476
1285.0,0.2752612812060826
1286.0,0.2556604844545546
1287.0,0.23784527582103943
1288.0,0.22057348681774958
1289.0,0.20405431806147178
1290.0,0.18655345457453554
1291.0,0.1572268221660751
1292.0,0.10687224040040333
1293.0,0.04511021846770413
1294.0,0.0
1295.0,0.0031185544932610387
1296.0,0.06545383620412226
1297.0,0.1659714290165053
1298.0,0.2665572113026605
1299.0,0.33919762463838876
1300.0,0.3716047413478677
1301.0,0.35939781764215606
1302.0,0.3134082029945744
1303.0,0.2585650837284831
1304.0,0.21523811833653617
1305.0,0.18517202569451696
1306.0,0.16120462311314177
1307.0,0.1417629640144572
1308.0,0.13293120578255446
1309.0,0.14353691453263806
1310.0,0.17534562774666085
1311.0,0.21894472947893517
1312.0,0.2594619334647911
1313.0,0.2844329746931963
1314.0,0.28598807613946364
1315.0,0.26435059558880303
1316.0,0.23030912113360413
1317.0,0.19958907415746496
1318.0,0.18418254244567533
1319.0,0.18626513960437097
1320.0,0.19965236913316864
1321.0,0.21613443221935646
1322.0,0.2324178355412484
1323.0,0.24956237103229173
1324.0,0.2673800324929767
1325.0,0.2828279008002401
1326.0,0.29133282446729725
1327.0,0.2854898214303011
1328.0,0.25580624019008724
1329.0,0.2027916431298843
1330.0,0.14307849827883123
1331.0,0.10135952417569505
1332.0,0.09566287210374191
1333.0,0.12580795099380693
1334.0,0.1749507192716595
1335.0,0.22392416283996086
1336.0,0.26433944702280543
1337.0,0.29473352203421355
1338.0,0.3153843122017136
1339.0,0.3287046685496967
1340.0,0.3384525584511884
1341.0,0.3494100743107895
1342.0,0.3646314172033116
1343.0,0.38245181810444595
1344.0,0.39606757530310166
1345.0,0.3956298261289215
1346.0,0.3751827859742809
1347.0,0.3382180011126157
1348.0,0.2959622473763819
1349.0,0.25992813053638275
1350.0,0.23859376799304133
1351.0,0.23844501685472386
1352.0,0.25795456535848016
1353.0,0.28479738388905274
1354.0,0.30347015566487734
1355.0,0.30542520553125163
1356.0,0.29266061732296633
1357.0,0.2736023652957056
1358.0,0.2557943537160777
1359.0,0.24031922469395128
1360.0,0.2255288597724573
1361.0,0.21209597220183862
1362.0,0.20278466680514795
1363.0,0.20122782523441474
1364.0,0.21203982008956135
1365.0,0.2379012697656766
1366.0,0.2740446970857847
1367.0,0.30826312716579585
1368.0,0.3258109043446814
1369.0,0.31856730372625974
1370.0,0.2913566434009931
1371.0,0.2595911482333888
1372.0,0.24018388291475823
1373.0,0.24258558610880487
1374.0,0.26714703198616296
1375.0,0.3051604784428761
1376.0,0.3427913621653995
1377.0,0.3663849624742951
1378.0,0.36606057287450156
1379.0,0.3425394466500875
1380.0,0.3081392696240641
1381.0,0.280960483662957
1382.0,0.2753643016107983
1383.0,0.29340292931433687
1384.0,0.32474142278783247
1385.0,0.3543494618359744
1386.0,0.3724057985067184
1387.0,0.3746942758712771
1388.0,0.36080833533123746
1389.0,0.33677275850578925
1390.0,0.31304520414667425
1391.0,0.29944428333947104
1392.0,0.2997989640061337
1393.0,0.3102594926425052
1394.0,0.3223539534142432
1395.0,0.3279287095474892
1396.0,0.32376393957436345
1397.0,0.3117602467094449
1398.0,0.29706463981000897
1399.0,0.28532574981792014
1400.0,0.2805527197329801
1401.0,0.28539881860889527
1402.0,0.29934214558103156
1403.0,0.31763856367303034
1404.0,0.33116200428305276
1405.0,0.328251213743989
1406.0,0.30512874229939757
1407.0,0.2724155968609099
1408.0,0.24771107492831124
1409.0,0.24280315704663558
1410.0,0.25877557184834643
1411.0,0.28879360009945576
1412.0,0.3217436433265125
1413.0,0.3479126202853825
1414.0,0.36057239456964263
1415.0,0.3568697102737697
1416.0,0.34122320417710694
1417.0,0.3228090605200563
1418.0,0.30764920634245774
1419.0,0.29495328592558234
1420.0,0.2828388817507783
1421.0,0.27206101707640284
1422.0,0.26364342531710605
1423.0,0.25758958379160024
1424.0,0.25349883960250863
1425.0,0.2512974368117491
1426.0,0.2516279118109471
1427.0,0.2558631133155663
1428.0,0.2658212952987018
1429.0,0.2813593341164913
1430.0,0.2985108491482893
1431.0,0.309407399664801
1432.0,0.304472590646357
1433.0,0.28082223043872656
1434.0,0.24714794499106418
1435.0,0.21771216030210605
1436.0,0.2022079580136943
1437.0,0.2026553216020669
1438.0,0.21597852510413584
1439.0,0.23663787048172058
1440.0,0.26050374982692603
1441.0,0.2870367802082511
1442.0,0.31799330282041627
1443.0,0.35209259928953907
1444.0,0.38135708129781654
1445.0,0.39057544712851455
1446.0,0.36649799306851094
1447.0,0.31333392412763605
1448.0,0.25371599734494754
1449.0,0.21375619856044648
1450.0,0.20769068369353916
1451.0,0.23525155205991
1452.0,0.2841063013817541
1453.0,0.3364103801814343
1454.0,0.37808014739615703
1455.0,0.4032244710056574
1456.0,0.41421822718997314
1457.0,0.41653636707002906
1458.0,0.41074096733133525
1459.0,0.38814832157601675
1460.0,0.34313913918446526
1461.0,0.28588469111167303
1462.0,0.23357037208217502
1463.0,0.19516887490819934
1464.0,0.17128808862683087
1465.0,0.16045921729138624
1466.0,0.15938610786927965
1467.0,0.16401732663212665
1468.0,0.17255693768778924
1469.0,0.18607156715128093
1470.0,0.20367409148274485
1471.0,0.22203379152141134
1472.0,0.2448501237557298
1473.0,0.2816763288999259
1474.0,0.3320001160585021
1475.0,0.3809953719887851
1476.0,0.4119734460139757
1477.0,0.41697577532271923
1478.0,0.3965251521489521
1479.0,0.35828407260455597
1480.0,0.3148681310184379
1481.0,0.2773292882638472
1482.0,0.2500655568658626
1483.0,0.231028031672312
1484.0,0.21688370656854872
1485.0,0.2087259631046816
1486.0,0.21419648347186848
1487.0,0.2379417674742622
1488.0,0.27237104406987966
1489.0,0.3028430605588316
1490.0,0.3187572814522175
1491.0,0.3174291680853756
1492.0,0.3023048618082418
1493.0,0.28160879931046023
1494.0,0.26483211387463446
1495.0,0.26265439442730465
1496.0,0.28334107256302743
1497.0,0.3221750830288558
1498.0,0.3601350879858559
1499.0,0.37244462421089264
1500.0,0.344229372465217
1501.0,0.2830375746704742
1502.0,0.21422939396959806
1503.0,0.16217844761790956
1504.0,0.13641321510457383
1505.0,0.13536295934114484
1506.0,0.15008142944074454
1507.0,0.16646632210274037
1508.0,0.17072635499800592
1509.0,0.1526958048248721
1510.0,0.1133089945529675
1511.0,0.06726466523918295
1512.0,0.039907221197589826
1513.0,0.05875170917815509
1514.0,0.13070553613688318
1515.0,0.23094040792180304
1516.0,0.32005095458421995
1517.0,0.3716890426646221
1518.0,0.3811285626772952
1519.0,0.35835631835721116
1520.0,0.32260988248873534
1521.0,0.29200473938308824
1522.0,0.27722860296598273
1523.0,0.2794864884871554
1524.0,0.29183781797557395
1525.0,0.3046963054827593
1526.0,0.30844602604864035
1527.0,0.29785838454129643
1528.0,0.2755119802457964
1529.0,0.2515503184594998
1530.0,0.24150830492125097
1531.0,0.2567551516683888
1532.0,0.2951196743042044
1533.0,0.341411909690568
1534.0,0.37739049001298297
1535.0,0.39078500156883034
1536.0,0.3767002908856564
1537.0,0.34027751554514873
1538.0,0.2954668769265356
1539.0,0.2568877250554582
1540.0,0.23163849915895185
1541.0,0.21835272691404228
1542.0,0.21270266058506926
1543.0,0.20779789285002037
1544.0,0.1951373086620476
1545.0,0.17147761785063464
1546.0,0.14271444900317953
1547.0,0.12186385069198591
1548.0,0.12208260180928665
1549.0,0.1511233233794157
1550.0,0.20740741981814437
1551.0,0.27605619180252483
1552.0,0.33418795229757015
1553.0,0.3602287397674301
1554.0,0.345651813763153
1555.0,0.3021020436552131
1556.0,0.25394793573657326
1557.0,0.22233792382436657
1558.0,0.2136299189271238
1559.0,0.22241181165020962
1560.0,0.23877424092712218
1561.0,0.2550918920181723
1562.0,0.26902902297326114
1563.0,0.28040359168426887
1564.0,0.28947650084740595
1565.0,0.29647302228572847
1566.0,0.30137360093778776
1567.0,0.30413818328461706
1568.0,0.30490465311656334
1569.0,0.303990713398008
1570.0,0.3001656258497395
1571.0,0.29001810122895044
1572.0,0.2723676164108684
1573.0,0.25126361404486486
1574.0,0.2329230900550603
1575.0,0.22123314194253796
1576.0,0.21694116297300992
1577.0,0.2184739145697251
1578.0,0.22219523667172947
1579.0,0.22383450443429376
1580.0,0.2192352706758719
1581.0,0.20651040816010924
1582.0,0.18847519697290394
1583.0,0.1744062881424625
1584.0,0.18235559786466593
1585.0,0.22611878120869455
1586.0,0.2961754552981606
1587.0,0.36184929821984313
1588.0,0.39164980198028454
1589.0,0.3726468294852555
1590.0,0.31408801281695964
1591.0,0.24002404204005856
1592.0,0.1741550811391035
1593.0,0.13081264239846846
1594.0,0.11589883608697693
1595.0,0.12465823831962386
1596.0,0.14434752600429535
1597.0,0.1630482626470504
1598.0,0.17789375820786368
1599.0,0.18986446265289492
