0.0,0.0
1.0,0.0
2.0,0.0
3.0,0.0
4.0,0.0
5.0,0.0
6.0,0.0
7.0,0.0
8.0,0.0
9.0,0.0
10.0,0.0
11.0,0.0
12.0,0.0
13.0,0.0
14.0,0.0
15.0,0.0
16.0,0.0
17.0,0.0
18.0,0.0
19.0,0.0
20.0,0.0
21.0,0.0
22.0,0.0
23.0,0.0
24.0,0.0
25.0,0.0
26.0,0.0
27.0,0.0
28.0,0.0
29.0,0.0
30.0,0.0
31.0,0.0
32.0,0.0
33.0,0.0
34.0,0.0
35.0,0.0
36.0,0.0
37.0,0.0
38.0,0.0
39.0,0.0
40.0,0.0
41.0,0.0
42.0,0.0
43.0,0.0
44.0,0.0
45.0,0.0
46.0,0.0
47.0,0.0
48.0,0.0
49.0,0.0
50.0,0.0
51.0,0.0
52.0,0.0
53.0,0.0
54.0,0.0
55.0,0.0
56.0,0.0
57.0,0.0
58.0,0.0
59.0,0.0
60.0,0.0
61.0,0.0
62.0,0.0
63.0,0.0
64.0,0.0
65.0,0.0
66.0,0.0
67.0,0.0
68.0,0.0
69.0,0.0
70.0,0.0
71.0,0.0
72.0,0.0
73.0,0.0
74.0,0.0
75.0,0.0
76.0,0.0
77.0,0.0
78.0,0.0
79.0,0.0
80.0,0.0
81.0,0.0
82.0,0.0
83.0,0.0
84.0,0.0
85.0,0.0
86.0,0.048270844645152314
87.0,0.047797393152801376
88.0,0.04737907370401996
89.0,0.04701893481099568
90.0,0.04670690573902765
91.0,0.046434766613319765
92.0,0.046184273219462106
93.0,0.04593167467535314
94.0,0.04567178948774324
95.0,0.04542727964506002
96.0,0.045235234121378934
97.0,0.0451200106464176
98.0,0.04506954499464944
99.0,0.04505658223749622
100.0,0.04509471473521754
101.0,0.04523794713559123
102.0,0.045529080667624615
103.0,0.04594173394568881
104.0,0.0463541410617864
105.0,0.04670164656913481
106.0,0.047148142246081264
107.0,0.04800762989510224
108.0,0.049526457198483864
109.0,0.05178530463513155
110.0,0.054743241498454887
111.0,0.05825382232472062
112.0,0.062126367064586956
113.0,0.06620826691199731
114.0,0.07043611111028107
115.0,0.07482429068717317
116.0,0.07941161914177766
117.0,0.08425424946231413
118.0,0.08942690682171987
119.0,0.09508541844306062
120.0,0.10138833784721477
121.0,0.1082017206190016
122.0,0.11508066808019143
123.0,0.12160903510120916
124.0,0.12765418631287795
125.0,0.1333077899834747
126.0,0.13865517819898598
127.0,0.14349629049536183
128.0,0.14765510514144647
129.0,0.15170273827018468
130.0,0.15623607584036256
131.0,0.16044142292581706
132.0,0.16300007384377152
133.0,0.1640931858521588
134.0,0.16498713037148643
135.0,0.16628550939718495
136.0,0.16775634101609865
137.0,0.16909999858167674
138.0,0.17018818763012017
139.0,0.17104453068503897
140.0,0.17174523793200522
141.0,0.1722938366234924
142.0,0.1726511864769975
143.0,0.17278111594360585
144.0,0.17254920247225997
145.0,0.17173915747610582
146.0,0.17031916816371448
147.0,0.168539466783454
148.0,0.1667055503233842
149.0,0.1649721089679081
150.0,0.16338865496302102
151.0,0.16195725821439844
152.0,0.16063493612471613
153.0,0.15937490855806874
154.0,0.15816782835331708
155.0,0.15703981998887542
156.0,0.1560080453470548
157.0,0.15505378397317404
158.0,0.15413252634420171
159.0,0.15316308831218767
160.0,0.15201755294512448
161.0,0.15062196937070738
162.0,0.14904774832750822
163.0,0.1474616050582105
164.0,0.1460012101797844
165.0,0.14476615804184478
166.0,0.14384947707463602
167.0,0.14323488797904338
168.0,0.1427571193110792
169.0,0.14222970221177672
170.0,0.1415739077905639
171.0,0.14075877974649248
172.0,0.13974284922730024
173.0,0.13857229327283596
174.0,0.1374058497872038
175.0,0.1364255648107423
176.0,0.13572571278337675
177.0,0.13526702428634496
178.0,0.13491831041811872
179.0,0.1345572227038321
180.0,0.13410516652717674
181.0,0.13343956149309796
182.0,0.1324638951825105
183.0,0.13127198974211596
184.0,0.1300904203762833
185.0,0.12906922128431864
186.0,0.1282427991755635
187.0,0.12764650271465902
188.0,0.12726882492436167
189.0,0.12696885158652618
190.0,0.1265512344214222
191.0,0.12589394438364881
192.0,0.12498930318336293
193.0,0.12389863069402027
194.0,0.12271488714604534
195.0,0.12151583716465233
196.0,0.12034875196709116
197.0,0.11923463306763168
198.0,0.11816747295030584
199.0,0.11712703940767474
200.0,0.1160864820155613
201.0,0.11502333268561046
202.0,0.11392087337963651
203.0,0.11277806846572234
204.0,0.11163225346645596
205.0,0.11054646843510993
206.0,0.10956871368874173
207.0,0.10870950282598481
208.0,0.10795801636674197
209.0,0.10730016902909101
210.0,0.10672489670465463
211.0,0.10624153656856435
212.0,0.10589282527049292
213.0,0.10570344865813526
214.0,0.1056197465643807
215.0,0.10554730849698345
216.0,0.10543355810767172
217.0,0.10526960823605784
218.0,0.10504623128248902
219.0,0.10477449343331514
220.0,0.10450336784751674
221.0,0.10426375348806988
222.0,0.1040262452493199
223.0,0.10375765943188837
224.0,0.10347881464274791
225.0,0.10324256993724075
226.0,0.10309647605136273
227.0,0.1030899622657325
228.0,0.10326132359803358
229.0,0.1035850543105197
230.0,0.10397362311103235
231.0,0.10434137433479801
232.0,0.10464868019938463
233.0,0.10487680342971743
234.0,0.1050263124703023
235.0,0.10514442849597903
236.0,0.10531093813138091
237.0,0.10559998974754047
238.0,0.10603756140142563
239.0,0.1065905674649189
240.0,0.10719153650039599
241.0,0.10778140483916619
242.0,0.10836344609676035
243.0,0.10901760767308441
244.0,0.10977715329302097
245.0,0.11051897246293851
246.0,0.11108791023907144
247.0,0.11146072515384652
248.0,0.1116863539824515
249.0,0.11176590348116597
250.0,0.11166831809568259
251.0,0.11136027208202792
252.0,0.11073583482324409
253.0,0.10963388631238465
254.0,0.10803206977831456
255.0,0.10611668107274452
256.0,0.1041239337570671
257.0,0.10217913693128362
258.0,0.10029400187890049
259.0,0.09843298758464582
260.0,0.09660374925527312
261.0,0.09486581752906931
262.0,0.09323195782565448
263.0,0.09167145716953937
264.0,0.09020733605343412
265.0,0.08890663698798427
266.0,0.08778608063827045
267.0,0.08688807216880856
268.0,0.08641741633934336
269.0,0.0865236700443665
270.0,0.08703029683186563
271.0,0.08759233181556139
272.0,0.08802135646422664
273.0,0.08826174007829571
274.0,0.0882362316270642
275.0,0.08796286359198015
276.0,0.08762883220507232
277.0,0.0874230837849816
278.0,0.08738134046478732
279.0,0.08747304274726386
280.0,0.08770958020448355
281.0,0.08809980253933987
282.0,0.0886216096606151
283.0,0.08926074374300284
284.0,0.09002566376931463
285.0,0.09090681501969965
286.0,0.09187980497934849
287.0,0.09296508999311219
288.0,0.09422992036586099
289.0,0.09573290613814986
290.0,0.09746319942373924
291.0,0.09931943904933632
292.0,0.10116858625995706
293.0,0.10293554945047365
294.0,0.10461871625699189
295.0,0.1062317708227693
296.0,0.10778229278345156
297.0,0.10927589088216205
298.0,0.11070775956225391
299.0,0.11205972739233544
300.0,0.1133320015704933
301.0,0.11456151552635051
302.0,0.115749723415657
303.0,0.1168130894018211
304.0,0.11763792925552005
305.0,0.11818506312341841
306.0,0.11864815645380278
307.0,0.11940033410091613
308.0,0.12063409301696801
309.0,0.12222510390317215
310.0,0.12408996362355264
311.0,0.12641381152599496
312.0,0.12946817409661296
313.0,0.13347611375054225
314.0,0.13870969703927233
315.0,0.14526596245452675
316.0,0.1526203993975373
317.0,0.160063852519572
318.0,0.16766511177550225
319.0,0.17608347407704206
320.0,0.18555706568932256
321.0,0.1954606741027864
322.0,0.204635916957872
323.0,0.21177101864945258
324.0,0.21573204080396974
325.0,0.21635143063533366
326.0,0.21466623293515363
327.0,0.21178630256254644
328.0,0.207692693420177
329.0,0.20169252385829392
330.0,0.1934494698504058
331.0,0.18334535148688114
332.0,0.17230168022873898
333.0,0.16131397667946376
334.0,0.15096348632078277
335.0,0.14136850361294007
336.0,0.1324168841796601
337.0,0.124033154916755
338.0,0.11633470283540874
339.0,0.10946037425635274
340.0,0.10344169440252012
341.0,0.09823661067790887
342.0,0.09377631806607511
343.0,0.0899902137544421
344.0,0.08683133418582627
345.0,0.08428288390226427
346.0,0.08228888265463441
347.0,0.08066807899936372
348.0,0.07925213363470264
349.0,0.07808701980804812
350.0,0.07729936249582622
351.0,0.0768354390534453
352.0,0.07648327842661955
353.0,0.07605010388559284
354.0,0.07539365631223405
355.0,0.0744018838215518
356.0,0.07312466726687249
357.0,0.07180719725079661
358.0,0.07071717708959517
359.0,0.0699673435059578
360.0,0.06954460186491253
361.0,0.06940859537957497
362.0,0.06952293118962478
363.0,0.06986062201151083
364.0,0.07033483265274611
365.0,0.07084727689624348
366.0,0.07150073880803803
367.0,0.07251363964202086
368.0,0.07380767367789313
369.0,0.07509124293548945
370.0,0.07643785146031845
371.0,0.07821773309869744
372.0,0.08046848474659592
373.0,0.08287875166562408
374.0,0.0852812591112276
375.0,0.08774106842019738
376.0,0.09031604708890585
377.0,0.09301846937193825
378.0,0.0958853862850125
379.0,0.09884023246087378
380.0,0.10159776956300852
381.0,0.10411014511232446
382.0,0.10689647029152445
383.0,0.11061471860652343
384.0,0.11552871310238909
385.0,0.12161330131932731
386.0,0.12882820450848292
387.0,0.13700184188951148
388.0,0.1459730331327318
389.0,0.1563963810547469
390.0,0.1694996967256674
391.0,0.18522437298971917
392.0,0.20189915995543561
393.0,0.21829212497228556
394.0,0.2346275277328831
395.0,0.2514635635638773
396.0,0.26876315614468366
397.0,0.2859257887163609
398.0,0.301650784488947
399.0,0.31376095898114875
400.0,0.32050892542290826
401.0,0.32209107524375685
402.0,0.320181247860191
403.0,0.3161275505727687
404.0,0.3099544150139642
405.0,0.3005934803082692
406.0,0.2873509524422226
407.0,0.2711943332108842
408.0,0.2539790483368666
409.0,0.2369303383918892
410.0,0.22057134626807112
411.0,0.20522150757567087
412.0,0.1909692166376526
413.0,0.17776137740907805
414.0,0.16569174894445365
415.0,0.15508443702395242
416.0,0.14606690504957037
417.0,0.13836848301539378
418.0,0.13165255166132983
419.0,0.12579572985916576
420.0,0.12081396380315267
421.0,0.1166990839002207
422.0,0.11327464664442093
423.0,0.11024205852947387
424.0,0.10740143443785279
425.0,0.10470695537009932
426.0,0.1021184603715027
427.0,0.0995751463295015
428.0,0.09707474044614099
429.0,0.09460324674929106
430.0,0.092017006706393
431.0,0.08922980719249111
432.0,0.08643966614491816
433.0,0.0839492126802585
434.0,0.08186463767919544
435.0,0.08016419766914064
436.0,0.07889027216843834
437.0,0.07806677431375542
438.0,0.07762451050123696
439.0,0.07761102003932975
440.0,0.07826119650616313
441.0,0.07958721301854503
442.0,0.08118711042324028
443.0,0.0826287880999144
444.0,0.08375848423298231
445.0,0.08451785820382716
446.0,0.08482728211561176
447.0,0.08474308233613634
448.0,0.08440777731606522
449.0,0.0837863451335251
450.0,0.08268429114114315
451.0,0.08105542855098681
452.0,0.07906741044936387
453.0,0.07689190701941347
454.0,0.07462432638200923
455.0,0.07235253379180527
456.0,0.07014412110499385
457.0,0.06800767545928289
458.0,0.06592250446539517
459.0,0.06389581422249394
460.0,0.061957565998734435
461.0,0.06012658586205481
462.0,0.058413551322286844
463.0,0.05683339230671883
464.0,0.055387847815543734
465.0,0.054052529173551175
466.0,0.052777870827204906
467.0,0.05150894590263726
468.0,0.05021346938591721
469.0,0.048892804913863455
470.0,0.047559020325883286
471.0,0.046228821545332824
472.0,0.04497597948420218
473.0,0.04392212446889117
474.0,0.04316180725176705
475.0,0.04269796235685336
476.0,0.042435991477435236
477.0,0.0422342043857523
478.0,0.04196833620653753
479.0,0.041575780049293146
480.0,0.04103662875999818
481.0,0.040387525261032856
482.0,0.03973727047630331
483.0,0.0392394321899142
484.0,0.039045846898615205
485.0,0.03920366822316358
486.0,0.039607836614416095
487.0,0.04007732589561526
488.0,0.04048147937906643
489.0,0.04071386466184375
490.0,0.04063941858870097
491.0,0.04025567849898799
492.0,0.03977289424324988
493.0,0.0394368377053569
494.0,0.039338957867020394
495.0,0.03945513683560971
496.0,0.03973903147546991
497.0,0.04011816932296411
498.0,0.04050618967594108
499.0,0.0408142314684312
500.0,0.04099020830884742
501.0,0.041076251641480224
502.0,0.04118237932806161
503.0,0.04138927524018075
504.0,0.041709809159755515
505.0,0.04214885602900244
506.0,0.04272024486532751
507.0,0.04341653435861066
508.0,0.0442062709499982
509.0,0.04505253283119294
510.0,0.045943117840664655
511.0,0.04690654394584842
512.0,0.04798149697360633
513.0,0.04917341691525812
514.0,0.05050671733953134
515.0,0.0520792337432974
516.0,0.05393860498174753
517.0,0.05597771804868244
518.0,0.05804576171181769
519.0,0.06008711020130102
520.0,0.062084814564673865
521.0,0.06398220587079688
522.0,0.06571721350001263
523.0,0.06726172610477517
524.0,0.06862240015489059
525.0,0.06982295647809779
526.0,0.07089056298596928
527.0,0.07184115108904417
528.0,0.07267947749780787
529.0,0.07339765891691133
530.0,0.07397270622220434
531.0,0.07435798412391616
532.0,0.07446799391272037
533.0,0.07422604129561676
534.0,0.07363179084991912
535.0,0.0727613519804861
536.0,0.07170601930869022
537.0,0.07050616498069494
538.0,0.06912777195531941
539.0,0.06750472161262944
540.0,0.06560803268401055
541.0,0.063482100171415
542.0,0.06122723035412869
543.0,0.0589855486953266
544.0,0.05690134993673844
545.0,0.0550213179612819
546.0,0.05326008674910501
547.0,0.05148684543194597
548.0,0.04962869702755873
549.0,0.047640198419680105
550.0,0.04548419716692366
551.0,0.04322113047982623
552.0,0.041003575956330515
553.0,0.038938401711280615
554.0,0.037025555013014785
555.0,0.0352638064360252
556.0,0.03370219991932448
557.0,0.03237694445556781
558.0,0.03128934381445689
559.0,0.030443351491560605
560.0,0.029836938999727933
561.0,0.029420286596703857
562.0,0.02911321553776791
563.0,0.02885851628629317
564.0,0.028633094991929176
565.0,0.02842009904503444
566.0,0.02820356257749837
567.0,0.027973424459278015
568.0,0.02777051060323403
569.0,0.027704391541962692
570.0,0.02783038649552079
571.0,0.028054119560559546
572.0,0.028219211729045443
573.0,0.0282383933420174
574.0,0.028086022768534363
575.0,0.02776734267491783
576.0,0.027397927479610104
577.0,0.027177290323353004
578.0,0.02720180321899318
579.0,0.02737423261963766
580.0,0.0275281239890363
581.0,0.027533982837665255
582.0,0.027234096901085372
583.0,0.026505687642697465
584.0,0.025441683338711954
585.0,0.024298410020120773
586.0,0.023246857939622403
587.0,0.022280880229369457
588.0,0.021344108927001545
589.0,0.02040612377428172
590.0,0.01946220472799161
591.0,0.018530610222130817
592.0,0.017636752779266587
593.0,0.016794080586232815
594.0,0.015995537874337287
595.0,0.015229281821923887
596.0,0.014499700518621747
597.0,0.01381849299623951
598.0,0.01318809289865619
599.0,0.01260868271466302
600.0,0.012087500789078817
601.0,0.011631499008626159
602.0,0.01123951776404769
603.0,0.01090185472432996
604.0,0.010608462707102598
605.0,0.010366235420942574
606.0,0.010193551983929336
607.0,0.010078212173316392
608.0,0.00998188110435469
609.0,0.009907785204209776
610.0,0.009918415785325693
611.0,0.010076524359595149
612.0,0.01044488095536654
613.0,0.01116594503847039
614.0,0.01233369439610206
615.0,0.013772357367151988
616.0,0.015153361868534998
617.0,0.0163131804863441
618.0,0.017271621152214367
619.0,0.018019948151827142
620.0,0.018536503742057023
621.0,0.018890548488050163
622.0,0.01913965570635194
623.0,0.01920691854237884
624.0,0.019014950752853352
625.0,0.01863618950745391
626.0,0.018157791847981358
627.0,0.017541738950421146
628.0,0.016778615419728582
629.0,0.016006270826312743
630.0,0.015371815259192081
631.0,0.014903970400130598
632.0,0.014555307509766316
633.0,0.014290365808925107
634.0,0.014138535680504175
635.0,0.014187798525764836
636.0,0.01450931524126782
637.0,0.015116668027285465
638.0,0.01600213731247506
639.0,0.017166581074626333
640.0,0.01862128465142089
641.0,0.0203771491981964
642.0,0.022430083657708863
643.0,0.024734998327213917
644.0,0.027192519213346644
645.0,0.029713322276426826
646.0,0.032293665662753296
647.0,0.03494593494181571
648.0,0.037587991263914225
649.0,0.040176965963295716
650.0,0.04285419288594325
651.0,0.04573160013699247
652.0,0.04868672751187959
653.0,0.05166166373742692
654.0,0.0549069409894596
655.0,0.05862540394019912
656.0,0.06271975404792628
657.0,0.06723245159626558
658.0,0.07254675186526795
659.0,0.0788237491516
660.0,0.08573416733718449
661.0,0.09289707363237391
662.0,0.10024700706411467
663.0,0.10796617096079554
664.0,0.11626097944301649
665.0,0.12516199412956847
666.0,0.13437993938050918
667.0,0.14325717355887319
668.0,0.1516020763948791
669.0,0.16074386400909957
670.0,0.17249042869490244
671.0,0.1870739193391029
672.0,0.20382112146336795
673.0,0.22329854130503846
674.0,0.24664289213452972
675.0,0.27378999848635555
676.0,0.3055185866675298
677.0,0.34545167517008923
678.0,0.3947843031332463
679.0,0.44840651354709954
680.0,0.5027654927271976
681.0,0.5621065383613975
682.0,0.6295559110871035
683.0,0.6997415689954638
684.0,0.764926765876751
685.0,0.8215938204974612
686.0,0.8684954662029206
687.0,0.9042764893081537
688.0,0.9282818905402085
689.0,0.9398672396877205
690.0,0.9357586256306796
691.0,0.9120519629406961
692.0,0.8703961231067959
693.0,0.8179436861389762
694.0,0.7610253043566113
695.0,0.7017172587574853
696.0,0.6395235172672896
697.0,0.574410695102058
698.0,0.509288478532444
699.0,0.44869468733449197
700.0,0.395414822355158
701.0,0.3496063915440062
702.0,0.3102787574465673
703.0,0.2760153686530286
704.0,0.24552915330134117
705.0,0.21859775709362594
706.0,0.1961738747692886
707.0,0.17850673210498963
708.0,0.16390046541858078
709.0,0.1507031773618563
710.0,0.1390414240306927
711.0,0.12951102035346207
712.0,0.12178453238287697
713.0,0.11501092002916456
714.0,0.1084347371182822
715.0,0.10150665671341023
716.0,0.09400285489858042
717.0,0.08613838004693901
718.0,0.07837805064288424
719.0,0.07111268619419066
720.0,0.06445647227258734
721.0,0.05835093820892409
722.0,0.052698880299050274
723.0,0.04744624289209666
724.0,0.04263713726435296
725.0,0.03839243382445408
726.0,0.03478159315892515
727.0,0.03170660227639119
728.0,0.029019716182318425
729.0,0.026715732656447902
730.0,0.024875536543889756
731.0,0.02350853342088273
732.0,0.022496223072407867
733.0,0.02163947526517146
734.0,0.020774727110646207
735.0,0.01986095531154447
736.0,0.018941723811109798
737.0,0.01805919668583207
738.0,0.017240896783148746
739.0,0.016497879914793345
740.0,0.015829708458558203
741.0,0.015233148090034385
742.0,0.014699876197489525
743.0,0.014229011444317874
744.0,0.013856190186452969
745.0,0.013628043463153314
746.0,0.013530967189433793
747.0,0.013488914572513153
748.0,0.01343325100495682
749.0,0.013339746359591204
750.0,0.013206744920981284
751.0,0.013053429191050889
752.0,0.012924987296777393
753.0,0.012887217638653026
754.0,0.01301446527538476
755.0,0.013325991614944521
756.0,0.013746595704298384
757.0,0.014165228967757237
758.0,0.014523233810512168
759.0,0.014816065952479182
760.0,0.015050077912378848
761.0,0.01523821351742334
762.0,0.015396373328779245
763.0,0.015528803996489635
764.0,0.015624354307290866
765.0,0.015676154834486353
766.0,0.015696884871123556
767.0,0.0157131853443868
768.0,0.015749885991167265
769.0,0.0158182083985388
770.0,0.01590664989667523
771.0,0.01597837176848642
772.0,0.015980214882493432
773.0,0.015849339828094708
774.0,0.015550887303772729
775.0,0.01511800773625506
776.0,0.014631630164346168
777.0,0.014158121510439048
778.0,0.013720436563263258
779.0,0.013318953549398146
780.0,0.01294057664680949
781.0,0.012564298956705189
782.0,0.012147787663252266
783.0,0.011619135984222512
784.0,0.010950745762223393
785.0,0.010215068384392859
786.0,0.00952532408218043
787.0,0.008944418074113919
788.0,0.008483906331664418
789.0,0.00813771183875521
790.0,0.00786877594151951
791.0,0.007614063013283712
792.0,0.007311782476926917
793.0,0.006931936318156501
794.0,0.006492280117345761
795.0,0.006042163287546726
796.0,0.005628403047760258
797.0,0.005270550496820028
798.0,0.004974758758519465
799.0,0.004737988561117415
800.0,0.004532789741353946
801.0,0.004321237185419838
802.0,0.004086267509459257
803.0,0.0038362436312133624
804.0,0.0035816481199073408
805.0,0.003312749571746973
806.0,0.0029927894757914575
807.0,0.0025886565961993208
808.0,0.0021070542360659555
809.0,0.0016002846734304715
810.0,0.0011395758810556489
811.0,0.0008135499540172508
812.0,0.000721419942532428
813.0,0.0008750035555825098
814.0,0.0011517315685418278
815.0,0.0013873867717195815
816.0,0.0014944810926839497
817.0,0.0014605928834008491
818.0,0.0013040697728085443
819.0,0.001078488177886569
820.0,0.0008510077606398991
821.0,0.0006618872533737247
822.0,0.0005087166295479895
823.0,0.00037793902983471184
824.0,0.0002680964071556241
825.0,0.0001730230492049678
826.0,8.458191168829454e-05
827.0,1.8159892566080305e-05
828.0,0.0
829.0,2.4060037369252885e-05
830.0,6.067164391070079e-05
831.0,0.0001066528479245904
832.0,0.00017961935996767264
833.0,0.00027394388105912715
834.0,0.00035880290783166235
835.0,0.0004059549924093214
836.0,0.00040258166727218103
837.0,0.0003483594381461924
838.0,0.00026057802384142625
839.0,0.0001713193764552312
840.0,0.00011299701185753241
841.0,0.00010372886650746038
842.0,0.00014105840779152223
843.0,0.00021082159266154477
844.0,0.0003086831549320712
845.0,0.00044766665753211143
846.0,0.0006227253661353904
847.0,0.0007965956797593848
848.0,0.0009376885704533988
849.0,0.0010507145767064685
850.0,0.0011723033666559968
851.0,0.001338928618992194
852.0,0.0015495444967730948
853.0,0.0017547039100725276
854.0,0.0018801925092056665
855.0,0.0018696046375465264
856.0,0.0017099502611632872
857.0,0.0014409783611548516
858.0,0.0011365712779392856
859.0,0.0008802214220785948
860.0,0.0007510938996686395
861.0,0.0007752491252513427
862.0,0.0008989586840044556
863.0,0.0010255679628356218
864.0,0.0010823964720898943
865.0,0.001051037522372067
866.0,0.0009537662219315374
867.0,0.0008447036614399883
868.0,0.0007860038435838906
869.0,0.0008257674639198381
870.0,0.0009831397804480196
871.0,0.0012305183204371212
872.0,0.0015068382136702724
873.0,0.0017512346524244105
874.0,0.0019376629836191234
875.0,0.0020845980915460555
876.0,0.0022324966889000902
877.0,0.002407802706594256
878.0,0.002593018631936242
879.0,0.002721121680900926
880.0,0.0027279902303618125
881.0,0.002630221001451008
882.0,0.002522205615393888
883.0,0.0024916008113546745
884.0,0.0025825239509288805
885.0,0.002832384164944371
886.0,0.003242561545840461
887.0,0.003731859827227721
888.0,0.004179109175895646
889.0,0.00450380210106803
890.0,0.004708616404452262
891.0,0.0048579938292927505
892.0,0.005034368141841383
893.0,0.005289750158670767
894.0,0.00562842336049367
895.0,0.006024482174043375
896.0,0.006440369354612868
897.0,0.006848731646489817
898.0,0.0072333724561205875
899.0,0.007586947363467017
900.0,0.007925526299396718
901.0,0.008286347924275794
902.0,0.008708447078189727
903.0,0.00921106336604878
904.0,0.009786265885365297
905.0,0.01041271324334779
906.0,0.011083008050454646
907.0,0.011806315542552057
908.0,0.012579461846640452
909.0,0.013369062812984209
910.0,0.014115378444348542
911.0,0.014768720798352258
912.0,0.015328426935647843
913.0,0.01583454500484484
914.0,0.016323652583591516
915.0,0.01679049860597713
916.0,0.01718190818661619
917.0,0.017466244220823185
918.0,0.01769999088402517
919.0,0.017947863413729018
920.0,0.018180239916870997
921.0,0.018324418156889177
922.0,0.01835745978305768
923.0,0.018306298813042618
924.0,0.018206296510738254
925.0,0.018068006328106817
926.0,0.017864497695240192
927.0,0.01755067428252463
928.0,0.017103882618514712
929.0,0.01656879009373831
930.0,0.016043107695599926
931.0,0.015600711790519972
932.0,0.015247778430846792
933.0,0.01496054501307939
934.0,0.014721723458943833
935.0,0.014521742644747121
936.0,0.014358049490282285
937.0,0.014229454161681254
938.0,0.014133059921779559
939.0,0.014065121567686759
940.0,0.014027965993506211
941.0,0.01403685619642435
942.0,0.014103376499133055
943.0,0.014215434912203256
944.0,0.014329546443341765
945.0,0.014383913609842938
946.0,0.014346570516438117
947.0,0.014246896770083617
948.0,0.01415727466963583
949.0,0.014146139405540464
950.0,0.014263632646627458
951.0,0.014536536909090084
952.0,0.014935673173147965
953.0,0.015382460199769132
954.0,0.015800727897417197
955.0,0.016162296812817972
956.0,0.016478092290060073
957.0,0.016770785184863565
958.0,0.017063140572538063
959.0,0.01735802062577113
960.0,0.017617609100539944
961.0,0.017802550467808334
962.0,0.017949906109867006
963.0,0.01817811763992598
964.0,0.018618256577773676
965.0,0.01933754365695617
966.0,0.02031536154381039
967.0,0.0214642301478825
968.0,0.022685660037180547
969.0,0.023940140711300947
970.0,0.02527413602009848
971.0,0.02673538791029406
972.0,0.028271699197147046
973.0,0.029752728583965812
974.0,0.031060473958637938
975.0,0.032147247402979015
976.0,0.03304628365068134
977.0,0.033892743515463744
978.0,0.0348828596336347
979.0,0.0362091336492041
980.0,0.037979269336051585
981.0,0.04012737774656931
982.0,0.04244364462906525
983.0,0.044692663310161834
984.0,0.04675601431401458
985.0,0.04868201958677601
986.0,0.050645349495531664
987.0,0.052866348125007345
988.0,0.05550071664012517
989.0,0.058596579245603866
990.0,0.06211744265701108
991.0,0.06601946744653656
992.0,0.07029304341860425
993.0,0.07494075405268917
994.0,0.07996248553058442
995.0,0.08534946466648514
996.0,0.09108939931909922
997.0,0.09717687600538623
998.0,0.10362760957018595
999.0,0.11048002906367228
1000.0,0.11774623829922777
1001.0,0.1253746790132419
1002.0,0.13328709692257684
1003.0,0.1414245552178564
1004.0,0.14964885723530602
1005.0,0.15770788899879995
1006.0,0.16542017190331965
1007.0,0.17279229008711866
1008.0,0.17989412317723974
1009.0,0.1866791860424719
1010.0,0.19288041051660093
1011.0,0.1981107977812041
1012.0,0.20214467612676446
1013.0,0.20504413308239305
1014.0,0.20700345802247488
1015.0,0.20812830409511096
1016.0,0.20831546172213267
1017.0,0.20738171433389974
1018.0,0.20535541622724507
1019.0,0.202533030909483
1020.0,0.19927617257287822
1021.0,0.19583600231946696
1022.0,0.19230762663103002
1023.0,0.18874135399746778
1024.0,0.18531093689539746
1025.0,0.18223575411093035
1026.0,0.17961582777878365
1027.0,0.17748803977831845
1028.0,0.17595271205743485
1029.0,0.17510786057681593
1030.0,0.1749656515948591
1031.0,0.17551287940612753
1032.0,0.1767781752747578
1033.0,0.1787523185872893
1034.0,0.18133376737809787
1035.0,0.18436807296434599
1036.0,0.1877407413595787
1037.0,0.1914693937325188
1038.0,0.19570986466741086
1039.0,0.20067691110610986
1040.0,0.2065408978401146
1041.0,0.21340041348154398
1042.0,0.2212880132326514
1043.0,0.23021200170032308
1044.0,0.24015680855030308
1045.0,0.25102741812525886
1046.0,0.26275291593214367
1047.0,0.275448521282308
1048.0,0.28934850294201864
1049.0,0.30459595413199275
1050.0,0.3212460826940743
1051.0,0.33940385444986293
1052.0,0.35925412852679095
1053.0,0.3810117720056547
1054.0,0.40489830857222703
1055.0,0.43111270976864025
1056.0,0.45960477369568414
1057.0,0.49001446096140233
1058.0,0.5220837382693794
1059.0,0.5559217077932315
1060.0,0.5914604254744859
1061.0,0.6280094025566575
1062.0,0.664344510369239
1063.0,0.6992095794463314
1064.0,0.7319138752815597
1065.0,0.7622960939178979
1066.0,0.7897519613548868
1067.0,0.8130497448243023
1068.0,0.8314032330493512
1069.0,0.8448048892296887
1070.0,0.8532464525885538
1071.0,0.8564014487505768
1072.0,0.8540027529953311
1073.0,0.8459183989176929
1074.0,0.8319035444270394
1075.0,0.8121597671637093
1076.0,0.7880212398540254
1077.0,0.7611655723718473
1078.0,0.7323094325782749
1079.0,0.7015525650960643
1080.0,0.6694838515982449
1081.0,0.6370315216974469
1082.0,0.6048479933142431
1083.0,0.5731548700830651
1084.0,0.5419436786156786
1085.0,0.5113584880471775
1086.0,0.48190152500934746
1087.0,0.45400022109315946
1088.0,0.4276851999547757
1089.0,0.40292598240751093
1090.0,0.3799006430975126
1091.0,0.358751467405096
1092.0,0.3394302618492755
1093.0,0.32184333707131446
1094.0,0.30590663364928966
1095.0,0.29137701075620387
1096.0,0.27795970694825456
1097.0,0.26566112639085987
1098.0,0.25468785677691896
1099.0,0.24495989130393048
1100.0,0.23610952067017094
1101.0,0.22790927466352962
1102.0,0.22034035072622388
1103.0,0.2133538972022317
1104.0,0.20683160968579467
1105.0,0.2006738749305808
1106.0,0.19485571983367495
1107.0,0.18942654797091524
1108.0,0.18447501323985277
1109.0,0.1800690672467446
1110.0,0.1761713997660212
1111.0,0.17262774698575256
1112.0,0.16926807609187555
1113.0,0.16601453669973304
1114.0,0.1628695913556854
1115.0,0.1598681475160823
1116.0,0.15710826472869516
1117.0,0.15471860398737092
1118.0,0.1527538171367231
1119.0,0.15113381881888882
1120.0,0.1496643958926192
1121.0,0.14815143401909053
1122.0,0.14652369020781897
1123.0,0.14485383970811122
1124.0,0.14324901531369033
1125.0,0.14177886804009954
1126.0,0.14050101949413873
1127.0,0.13945552801806338
1128.0,0.1386476233369009
1129.0,0.13806203703331965
1130.0,0.1376957271273062
1131.0,0.13752522681700635
1132.0,0.13746104494178563
1133.0,0.13741159385739954
1134.0,0.13736657481735842
1135.0,0.1373679125213615
1136.0,0.1374319146555052
1137.0,0.13752491426260005
1138.0,0.1375800799891287
1139.0,0.1375232370740085
1140.0,0.13730077544896813
1141.0,0.13688095145555096
1142.0,0.13624965831827085
1143.0,0.1354363314577835
1144.0,0.13449831330970452
1145.0,0.1334534743710869
1146.0,0.13225467466460616
1147.0,0.1308446832056226
1148.0,0.12919606361071528
1149.0,0.127290238063261
1150.0,0.1251067575187051
1151.0,0.12263740304324618
1152.0,0.11984950470235047
1153.0,0.11661565547984944
1154.0,0.11284105052896636
1155.0,0.10866756308936996
1156.0,0.10437825265522228
1157.0,0.10012638613931894
1158.0,0.09591768721990669
1159.0,0.09177441543495383
1160.0,0.08777307474044442
1161.0,0.08400460978027317
1162.0,0.08056160393842286
1163.0,0.07752709694390823
1164.0,0.07489620996121753
1165.0,0.0725486492593067
1166.0,0.07031273729626633
1167.0,0.06806962705071297
1168.0,0.06582691638556577
1169.0,0.06369858099006415
1170.0,0.061794048443207836
1171.0,0.060132997738827645
1172.0,0.05870196275032198
1173.0,0.05749585187776228
1174.0,0.05646495332305214
1175.0,0.0555366822488917
1176.0,0.054721179652681765
1177.0,0.05410515687039065
1178.0,0.05372618152971885
1179.0,0.053525389933262155
1180.0,0.0534149714594601
1181.0,0.05331744234359173
1182.0,0.05315711172286129
1183.0,0.05288889998426036
1184.0,0.05252380483956533
1185.0,0.0521149075968947
1186.0,0.05171572666618536
1187.0,0.05136923300024025
1188.0,0.05111596418772864
1189.0,0.05096233616620481
1190.0,0.0508642312817144
1191.0,0.050759955451890534
1192.0,0.05061633787115068
1193.0,0.050442694929475146
1194.0,0.050275734776929246
1195.0,0.05016268805085149
1196.0,0.05013488121745578
1197.0,0.050184936657052856
1198.0,0.05026653749919806
1199.0,0.05030884705456855
1200.0,0.050249758964142216
1201.0,0.05005820477481883
1202.0,0.04975183777115243
1203.0,0.04940662154654425
1204.0,0.04911592422354773
1205.0,0.04893164277129393
1206.0,0.04884283037685787
1207.0,0.04881093743748051
1208.0,0.04880146586677002
1209.0,0.048792517865428306
1210.0,0.04878048340417486
1211.0,0.04877481469206553
1212.0,0.04876784315692702
1213.0,0.0487100857229012
1214.0,0.04857126242162492
1215.0,0.04840482602041103
1216.0,0.04831255525024185
1217.0,0.0483694303639462
1218.0,0.04863071438571785
1219.0,0.049149659373181984
1220.0,0.049876350842999975
1221.0,0.05062624901100175
1222.0,0.05119853337603973
1223.0,0.05150587744564365
1224.0,0.0515941487516942
1225.0,0.05157922892640311
1226.0,0.05157288993783675
1227.0,0.05162038661969698
1228.0,0.051715901792784805
1229.0,0.051829963328975714
1230.0,0.05191505979714414
1231.0,0.051924520053183584
1232.0,0.05182340510215423
1233.0,0.05160650720045504
1234.0,0.051307288570386286
1235.0,0.05098667036004516
1236.0,0.05071207095988717
1237.0,0.05051068243067336
1238.0,0.05034152144466483
1239.0,0.05013116850986578
1240.0,0.04983770173752129
1241.0,0.049450662157568076
1242.0,0.04895497470320956
1243.0,0.04836507228026252
1244.0,0.047753053012001376
1245.0,0.04721197175238559
1246.0,0.04680083225080707
1247.0,0.04651951846063308
1248.0,0.046320464979663994
1249.0,0.046120482358149445
1250.0,0.04583915876790963
1251.0,0.045441612769684316
1252.0,0.044956097496002684
1253.0,0.04446034281487826
1254.0,0.04404668621344211
1255.0,0.043816467439121445
1256.0,0.04382841544176747
1257.0,0.044019369106105016
1258.0,0.04424381995622648
1259.0,0.04440900201558853
1260.0,0.04452158099864131
1261.0,0.04460810354884009
1262.0,0.044666738148582394
1263.0,0.04467220338483151
1264.0,0.044605808366824304
1265.0,0.04448797908233448
1266.0,0.044371069160974726
1267.0,0.04430442736897528
1268.0,0.044324203093760374
1269.0,0.04445986858179301
1270.0,0.04470053961547466
1271.0,0.04498032697390015
1272.0,0.04521957674194525
1273.0,0.04537669397909648
1274.0,0.045458211835902256
1275.0,0.04549791990081298
1276.0,0.04554402627906433
1277.0,0.04564171070731389
1278.0,0.0458365624448485
1279.0,0.046161540256952995
1280.0,0.04658960096192717
1281.0,0.04703888032458153
1282.0,0.047437205577778106
1283.0,0.047764520070257485
1284.0,0.048028466131785616
1285.0,0.04823961994241818
1286.0,0.048407763089892746
1287.0,0.048539914737731435
1288.0,0.048644332158048614
1289.0,0.04873235110633733
1290.0,0.048817265910557975
1291.0,0.04891343312301505
1292.0,0.0490361392661709
1293.0,0.04919055377808601
1294.0,0.049363802334666244
1295.0,0.04951246524928232
1296.0,0.04956698704451148
1297.0,0.049503805335264287
1298.0,0.04939354628698013
1299.0,0.04935151721187315
1300.0,0.049454890486292084
1301.0,0.04972029283044698
1302.0,0.050119810371029236
1303.0,0.050582151447054885
1304.0,0.051023457272351386
1305.0,0.05139008885553327
1306.0,0.05167926994864712
1307.0,0.05191972896464806
1308.0,0.05212964091313161
1309.0,0.05228169234549632
1310.0,0.05232426021430947
1311.0,0.05225773702902978
1312.0,0.05215296037587233
1313.0,0.05209346636827812
1314.0,0.05212740250556628
1315.0,0.052266866122710316
1316.0,0.05249077805145633
1317.0,0.052755823619349065
1318.0,0.05302816224926559
1319.0,0.053308544284134896
1320.0,0.05361512379336497
1321.0,0.053945813672286555
1322.0,0.05429095185218362
1323.0,0.05466230354780242
1324.0,0.05506277673097002
1325.0,0.05545455839815367
1326.0,0.055791870268756254
1327.0,0.056060626158475055
1328.0,0.056255312132535394
1329.0,0.05635756310762345
1330.0,0.05638703737849262
1331.0,0.05642164670787052
1332.0,0.05654872976902916
1333.0,0.0568075188551119
1334.0,0.057168305318726645
1335.0,0.057563089244519944
1336.0,0.05794823101005669
1337.0,0.058331538918173
1338.0,0.058729327122281016
1339.0,0.05913544600257444
1340.0,0.05953049477891432
1341.0,0.059880528130128674
1342.0,0.06012430108207692
1343.0,0.060227126397710835
1344.0,0.06024759375007692
1345.0,0.060318751355267694
1346.0,0.06056967825429295
1347.0,0.06103588644910423
1348.0,0.06163389132766397
1349.0,0.06222240545525433
1350.0,0.06270163278528423
1351.0,0.06304412675421006
1352.0,0.06326610960403625
1353.0,0.06341994541440382
1354.0,0.06356986553605325
1355.0,0.06375661809570077
1356.0,0.06398043013666638
1357.0,0.06422040959089194
1358.0,0.06446530205880524
1359.0,0.06472032311328421
1360.0,0.06499963341193063
1361.0,0.06530739633152582
1362.0,0.06562724711940243
1363.0,0.06592958284190784
1364.0,0.06618973984881826
1365.0,0.06640305876441319
1366.0,0.06658681468370639
1367.0,0.06676776495971098
1368.0,0.06696246559662451
1369.0,0.06716505404778858
1370.0,0.0673624050482518
1371.0,0.06756367672417346
1372.0,0.06779421720204505
1373.0,0.06806621058074569
1374.0,0.06837920004669866
1375.0,0.06873859158559192
1376.0,0.06914864340322552
1377.0,0.0695999836505399
1378.0,0.07008532651167826
1379.0,0.07061629467144584
1380.0,0.07120093010353568
1381.0,0.07183461821736578
1382.0,0.07262334987759161
1383.0,0.0737895409063948
1384.0,0.0753365521029229
1385.0,0.07691242912059085
1386.0,0.07815349846513783
1387.0,0.07897596184022707
1388.0,0.07945829289709004
1389.0,0.07967611967016454
1390.0,0.07968454701380738
1391.0,0.07949812223436412
1392.0,0.07908074728610004
1393.0,0.07841602908307004
1394.0,0.07762074842499114
1395.0,0.07687444136840767
1396.0,0.07621775062389091
1397.0,0.07557115786535895
1398.0,0.07492950399980602
1399.0,0.07441189141084978
1400.0,0.07417314632799772
1401.0,0.07428429137642335
1402.0,0.07467210053262296
1403.0,0.0751568770274591
1404.0,0.07556169225506285
1405.0,0.07577482638022068
1406.0,0.07575825157674212
1407.0,0.07558552067410264
1408.0,0.07541726027384621
1409.0,0.07544401088127478
1410.0,0.07579739394751105
1411.0,0.0764440720292423
1412.0,0.07719091533308739
1413.0,0.07779196021819679
1414.0,0.07809427400096869
1415.0,0.07810081899637969
1416.0,0.0779404181350245
1417.0,0.0777820916641327
1418.0,0.07773965495705008
1419.0,0.07786306916932767
1420.0,0.07813866024281733
1421.0,0.07849641772152938
1422.0,0.07885175550611913
1423.0,0.07914373402493324
1424.0,0.0793621060923918
1425.0,0.07953736634747717
1426.0,0.07972306699453482
1427.0,0.07997640234077324
1428.0,0.08032289808764914
1429.0,0.08074061542920712
1430.0,0.08117632918770465
1431.0,0.08158179051098131
1432.0,0.0819244529825941
1433.0,0.0821835659332778
1434.0,0.08237363945793326
1435.0,0.08254781953344202
1436.0,0.08276764952473445
1437.0,0.08306611592322541
1438.0,0.08343329490894623
1439.0,0.08383046733916079
1440.0,0.08421586771749749
1441.0,0.08456955308541832
1442.0,0.08489089988777893
1443.0,0.08519113392757093
1444.0,0.08549429415595364
1445.0,0.08583079249481682
1446.0,0.08623389405037862
1447.0,0.08671698429735684
1448.0,0.08724948373991373
1449.0,0.08774722785320187
1450.0,0.08807700031167243
1451.0,0.08816230635298956
1452.0,0.08809261419712726
1453.0,0.08806418141165354
1454.0,0.08822062140127415
1455.0,0.08858285539258084
1456.0,0.08909319357453423
1457.0,0.0896558253752927
1458.0,0.0901830609872227
1459.0,0.09062451421613857
1460.0,0.0909667052500105
1461.0,0.09123610357062674
1462.0,0.09147854476909367
1463.0,0.09172318270131433
1464.0,0.09196323227619177
1465.0,0.0921859900803659
1466.0,0.09240278393683886
1467.0,0.0926396165404627
1468.0,0.09291676384253389
1469.0,0.09323476419045039
1470.0,0.09357233117660527
1471.0,0.09389642365757456
1472.0,0.09417855283730722
1473.0,0.09440035262596883
1474.0,0.09456639064146889
1475.0,0.09471632494073824
1476.0,0.09490867483940015
1477.0,0.09519196316507222
1478.0,0.09557421644600878
1479.0,0.0960162648745537
1480.0,0.09646971884820411
1481.0,0.09692677208078894
1482.0,0.0974036069776692
1483.0,0.09789011741522116
1484.0,0.09835378176052079
1485.0,0.0987703265990536
1486.0,0.09913205237215765
1487.0,0.09944095124926891
1488.0,0.09970275920063612
1489.0,0.09991711164474035
1490.0,0.10005070491341962
1491.0,0.10004672764618833
1492.0,0.09991776258389326
1493.0,0.09978939195572618
1494.0,0.09985146295373158
1495.0,0.10024383413478317
1496.0,0.10094036605194875
1497.0,0.10176394112581597
1498.0,0.10253774124067738
1499.0,0.10319478829307424
1500.0,0.1037311800483696
1501.0,0.10415856008881662
1502.0,0.10449661371653753
1503.0,0.10474133488822718
1504.0,0.10483414018100927
1505.0,0.10473456971440814
1506.0,0.1045252668785863
1507.0,0.1043866832096115
1508.0,0.10448308132799483
1509.0,0.1048557730811828
1510.0,0.10540590997010699
1511.0,0.1059802038826143
1512.0,0.10649117727067098
1513.0,0.10692759881103081
1514.0,0.10729819177083084
1515.0,0.1076238538472539
1516.0,0.10793041050690239
1517.0,0.10822543130555598
1518.0,0.10849239209939389
1519.0,0.10872511163134241
1520.0,0.10895582652845394
1521.0,0.10925525127902067
1522.0,0.10969088289030399
1523.0,0.11025614152884121
1524.0,0.11085871399108271
1525.0,0.11138297578907189
1526.0,0.11176365319803241
1527.0,0.11200588566518041
1528.0,0.11217456259667678
1529.0,0.11236090228587943
1530.0,0.11264860296997345
1531.0,0.11311373700382596
1532.0,0.11377247194908854
1533.0,0.11453248837043245
1534.0,0.115256779168799
1535.0,0.11587393266149999
1536.0,0.11639859987402729
1537.0,0.1168705758127903
1538.0,0.1173012815375972
1539.0,0.11765181491904728
1540.0,0.11789143143332856
1541.0,0.11805852226564209
1542.0,0.1182398676513557
1543.0,0.11851296006173023
1544.0,0.11892235059279392
1545.0,0.1194726779890008
1546.0,0.1201057378315629
1547.0,0.12071959553585315
1548.0,0.12121323884998417
1549.0,0.12154095875417598
1550.0,0.1217441533670468
1551.0,0.12193225900467297
1552.0,0.12224339842909915
1553.0,0.12276096038296425
1554.0,0.12344633929240442
1555.0,0.12415298985915783
1556.0,0.12470775788501154
1557.0,0.12500598464331694
1558.0,0.12503832013201277
1559.0,0.12490127466007367
1560.0,0.12476825791365494
1561.0,0.12480812583098302
1562.0,0.12511902364879662
1563.0,0.12567152064781112
1564.0,0.12632780450689318
1565.0,0.1269006781992673
1566.0,0.12723298618553947
1567.0,0.1273026342021762
1568.0,0.12724156100791664
1569.0,0.12727179950155956
1570.0,0.12758086035674915
1571.0,0.12821945743695518
1572.0,0.1290867706081194
1573.0,0.12997620111123018
1574.0,0.13068835455706895
1575.0,0.1311029934714282
1576.0,0.131218545244738
1577.0,0.13116099661338262
1578.0,0.13110642896642657
1579.0,0.13118741683551857
1580.0,0.1314309525694786
1581.0,0.13178580344195323
1582.0,0.13217358068966395
1583.0,0.13251672364230074
1584.0,0.1327786221042457
1585.0,0.1329769942260524
1586.0,0.13317164238309065
1587.0,0.13343303657763828
1588.0,0.13380574976537657
1589.0,0.1342961155111047
1590.0,0.13486601951400207
1591.0,0.13544948889570674
1592.0,0.13597862863665644
1593.0,0.13640666918385708
1594.0,0.1367445324073156
1595.0,0.1370625087794258
1596.0,0.1374515763929799
1597.0,0.13799500370670148
1598.0,0.13866878446511877
1599.0,0.0
