0.0,0.0
1.0,0.0
2.0,0.0
3.0,0.0
4.0,0.0
5.0,0.0
6.0,0.0
7.0,0.0
8.0,0.0
9.0,0.0
10.0,0.0
11.0,0.0
12.0,0.0
13.0,0.0
14.0,0.0
15.0,0.0
16.0,0.0
17.0,0.0
18.0,0.0
19.0,0.0
20.0,0.0
21.0,0.0
22.0,0.0
23.0,0.0
24.0,0.0
25.0,0.0
26.0,0.0
27.0,0.0
28.0,0.0
29.0,0.0
30.0,0.0
31.0,0.0
32.0,0.0
33.0,0.0
34.0,0.0
35.0,0.0
36.0,0.0
37.0,0.0
38.0,0.0
39.0,0.0
40.0,0.0
41.0,0.0
42.0,0.0
43.0,0.0
44.0,0.0
45.0,0.0
46.0,0.0
47.0,0.0
48.0,0.0
49.0,0.0
50.0,0.0
51.0,0.0
52.0,0.0
53.0,0.0
54.0,0.0
55.0,0.0
56.0,0.0
57.0,0.0
58.0,0.0
59.0,0.0
60.0,0.0
61.0,0.0
62.0,0.0
63.0,0.0
64.0,0.0
65.0,0.0
66.0,0.0
67.0,0.0
68.0,0.0
69.0,0.0
70.0,0.0
71.0,0.0
72.0,0.0
73.0,0.0
74.0,0.0
75.0,0.0
76.0,0.0
77.0,0.0
78.0,0.0
79.0,0.0
80.0,0.0
81.0,0.0
82.0,0.0
83.0,0.0
84.0,0.0
85.0,0.0
86.0,0.0
87.0,0.0
88.0,0.0
89.0,0.0
90.0,0.0
91.0,0.0
92.0,0.0
93.0,0.12859690399941548
94.0,0.1278345747148363
95.0,0.12737752705327038
96.0,0.12709683447421957
97.0,0.1274895124849457
98.0,0.1287458725134308
99.0,0.1306721661360652
100.0,0.13284873374450876
101.0,0.1349832133616597
102.0,0.1370093334929997
103.0,0.13895357592730623
104.0,0.14088675977756304
105.0,0.1428874455441634
106.0,0.14496485582986837
107.0,0.14703706915315828
108.0,0.14905841021760086
109.0,0.15112717152019658
110.0,0.1534562897419797
111.0,0.15623939543705265
112.0,0.1594683867812585
113.0,0.1628899396030798
114.0,0.1661357430040529
115.0,0.1689262794481451
116.0,0.17115940337887256
117.0,0.17292218418178057
118.0,0.17444589974973582
119.0,0.17597587256407102
120.0,0.17768022674937797
121.0,0.17958492539137919
122.0,0.18159790722997082
123.0,0.18355369857260428
124.0,0.18524199448878795
125.0,0.18655184933027438
126.0,0.18758855070462382
127.0,0.18858813336798408
128.0,0.18971906086103715
129.0,0.19102652723367464
130.0,0.19250510846170296
131.0,0.1941105369488658
132.0,0.1957749639160072
133.0,0.19752714117959871
134.0,0.19953314330076913
135.0,0.20178173271027336
136.0,0.2039184066623083
137.0,0.20569426193863505
138.0,0.207272125263222
139.0,0.20879650403329147
140.0,0.21003906894015473
141.0,0.21058972367565768
142.0,0.2101542958343536
143.0,0.208675607916798
144.0,0.20633104624268206
145.0,0.20343022079958842
146.0,0.20024894979529148
147.0,0.19695625556798926
148.0,0.19359174263057025
149.0,0.19014707806857867
150.0,0.18642524634443539
151.0,0.18177313944163248
152.0,0.17569320816427478
153.0,0.16868210570524772
154.0,0.16194181521770337
155.0,0.15639984572951246
156.0,0.1523022322867966
157.0,0.14945219989778866
158.0,0.1473961345513583
159.0,0.1456796605894689
160.0,0.1440788590677616
161.0,0.14263813896540065
162.0,0.14142797295541376
163.0,0.1402908070152148
164.0,0.13886341647355627
165.0,0.13680261903070356
166.0,0.13415701345621592
167.0,0.13143364602145444
168.0,0.12923021856561356
169.0,0.12784186126896735
170.0,0.12722677123674667
171.0,0.12714836085506892
172.0,0.1273456610089019
173.0,0.12769791458894647
174.0,0.12823784183930295
175.0,0.1290062885905233
176.0,0.12984152253522369
177.0,0.13042491293906266
178.0,0.13052805936695872
179.0,0.13016037444627201
180.0,0.12952289524294994
181.0,0.1288085456830751
182.0,0.1280039120146811
183.0,0.12701260503811126
184.0,0.12590376034103917
185.0,0.12490648525104844
186.0,0.12425462582842753
187.0,0.12409418525205101
188.0,0.12445021768806488
189.0,0.12511416559773492
190.0,0.12568850989261326
191.0,0.12584125683778674
192.0,0.12550522337105297
193.0,0.12481472901350404
194.0,0.1239040257715662
195.0,0.12273464249869515
196.0,0.12112900941161106
197.0,0.11909926405297103
198.0,0.1169486432074843
199.0,0.11499605679707808
200.0,0.11337048076771217
201.0,0.11206764035847666
202.0,0.11101480044361806
203.0,0.11009768454225646
204.0,0.10922341673500507
205.0,0.10835985971192555
206.0,0.10752407605061515
207.0,0.10672944180736635
208.0,0.10594896637952908
209.0,0.10511502177522211
210.0,0.10419402748061682
211.0,0.1032533714599067
212.0,0.10246465582754094
213.0,0.10203190906719917
214.0,0.1020273493457573
215.0,0.1023137928508166
216.0,0.10266135974422705
217.0,0.10292117181643126
218.0,0.10304282735809656
219.0,0.10302187407898783
220.0,0.10285835201712046
221.0,0.10251294213363016
222.0,0.10188192873165289
223.0,0.10086862881141448
224.0,0.09955567989738723
225.0,0.09822852817671684
226.0,0.09722666579379619
227.0,0.09673544887173788
228.0,0.09667922207578133
229.0,0.09679376341509516
230.0,0.09682495470460326
231.0,0.09666380733063787
232.0,0.09630755407891625
233.0,0.0958573991492788
234.0,0.09551311362105971
235.0,0.09547482118160092
236.0,0.09584670332153569
237.0,0.09655137808821501
238.0,0.09735407215660538
239.0,0.09800092560599763
240.0,0.09836430576759089
241.0,0.09847758387699765
242.0,0.09844764066462919
243.0,0.09830529965667884
244.0,0.09793562752052257
245.0,0.09725430865236007
246.0,0.09637453969011203
247.0,0.09562130411621181
248.0,0.0953724964281372
249.0,0.0958322536374005
250.0,0.09687314909877487
251.0,0.09801789754839244
252.0,0.09864705161602641
253.0,0.09821642765269692
254.0,0.09655713447949124
255.0,0.09405397024799594
256.0,0.0914067261817848
257.0,0.08917169728085184
258.0,0.0874811296442915
259.0,0.08617010853454546
260.0,0.08492357060827216
261.0,0.08339671208727939
262.0,0.08142183473415576
263.0,0.07909790584657533
264.0,0.07671895026330486
265.0,0.07458013930014804
266.0,0.07284554682980032
267.0,0.0715349311830488
268.0,0.07061124482694131
269.0,0.07010261096414341
270.0,0.07012950882404156
271.0,0.07084197133753681
272.0,0.07225441257353232
273.0,0.07417979093938937
274.0,0.07634899154666394
275.0,0.07858862017503848
276.0,0.0808942442357973
277.0,0.0834341866852408
278.0,0.08655176092453365
279.0,0.09057946651884102
280.0,0.09558358202582962
281.0,0.10129327342820571
282.0,0.10726592397419257
283.0,0.11315782715208525
284.0,0.11889198556276631
285.0,0.12453959645777407
286.0,0.12999668012806864
287.0,0.13505067907333657
288.0,0.13970292582532884
289.0,0.1440921295472431
290.0,0.1482088925423638
291.0,0.1517728805066307
292.0,0.1543263728508242
293.0,0.1556684914043923
294.0,0.15614986573648296
295.0,0.15640735160789446
296.0,0.15688783240292145
297.0,0.15774266069681078
298.0,0.15894158823845939
299.0,0.16036435390767412
300.0,0.16189935570615252
301.0,0.16332732757403165
302.0,0.1643940854500102
303.0,0.1652747913437417
304.0,0.1665642999046867
305.0,0.16856214914386083
306.0,0.17103094767929927
307.0,0.1738013026759495
308.0,0.1771837935165824
309.0,0.1818758338788477
310.0,0.18842027174304335
311.0,0.19660992865889315
312.0,0.20554492899470786
313.0,0.21427767198493336
314.0,0.2222887266990536
315.0,0.2294834691782523
316.0,0.23610819935278105
317.0,0.24251535495159418
318.0,0.24950165809465788
319.0,0.25856060467169456
320.0,0.2698771120753657
321.0,0.28091390084586465
322.0,0.288872162076517
323.0,0.2934584660910847
324.0,0.29568792989720877
325.0,0.2956249036481938
326.0,0.2918726923334737
327.0,0.28246066486176136
328.0,0.2670997326861302
329.0,0.24796643749089084
330.0,0.22768401049274542
331.0,0.2074620645708323
332.0,0.18751523272489595
333.0,0.16789617094359519
334.0,0.14898993242099678
335.0,0.13155659901159508
336.0,0.11616389577214287
337.0,0.10284547421631154
338.0,0.09123143077915163
339.0,0.08091618398574835
340.0,0.07180850081877035
341.0,0.06403681211990414
342.0,0.05753513814326505
343.0,0.05207099644417193
344.0,0.04753925756767777
345.0,0.043952373232238884
346.0,0.04127687317865339
347.0,0.03954812285556017
348.0,0.038990233918800965
349.0,0.039818365539518286
350.0,0.04200547660720566
351.0,0.04515563654197821
352.0,0.048644922885936304
353.0,0.05197920672266956
354.0,0.05505740443485982
355.0,0.05809178346562563
356.0,0.06137589475370003
357.0,0.06524620963955927
358.0,0.06991853235314097
359.0,0.07521454015961831
360.0,0.08065866035139924
361.0,0.08594205593200635
362.0,0.0910879522524781
363.0,0.0961171951448749
364.0,0.10089065959530377
365.0,0.10523957327459649
366.0,0.10907557539987647
367.0,0.1124191256942676
368.0,0.11534701986653476
369.0,0.11789720833626535
370.0,0.1200253565413294
371.0,0.12163093624873103
372.0,0.12281079816624232
373.0,0.1240324402283641
374.0,0.1257541648858386
375.0,0.1280037466723795
376.0,0.1306341302680914
377.0,0.13375989331033417
378.0,0.1378608660570954
379.0,0.1435432527964876
380.0,0.15089860881289022
381.0,0.1592721224306057
382.0,0.16785623977999034
383.0,0.17629770632397074
384.0,0.18458851625425907
385.0,0.19286250496603718
386.0,0.20143820861138717
387.0,0.21067647318142013
388.0,0.2207662472932238
389.0,0.23158772462036667
390.0,0.24272483350974036
391.0,0.2538551691740937
392.0,0.26528509057911853
393.0,0.2773230501087066
394.0,0.2890440121251431
395.0,0.2989316648371474
396.0,0.3065587239792933
397.0,0.3123612535000982
398.0,0.31626694819586487
399.0,0.3172674655071582
400.0,0.31387905402783856
401.0,0.3055232875584821
402.0,0.29336600477673747
403.0,0.27922802299993693
404.0,0.26402623429143335
405.0,0.2479514470247173
406.0,0.23123175637445328
407.0,0.2143475262318643
408.0,0.19796263577262674
409.0,0.18248304321159758
410.0,0.16787731018302418
411.0,0.15409403213170852
412.0,0.14136847361959418
413.0,0.13003406141103907
414.0,0.12025761956145015
415.0,0.11186953097019006
416.0,0.10456261338293246
417.0,0.0983862275841432
418.0,0.09361656718244185
419.0,0.09006088294125525
420.0,0.08716662364645875
421.0,0.08476750980135248
422.0,0.08305423617972396
423.0,0.08198901165846714
424.0,0.08112470802948066
425.0,0.07982278620180663
426.0,0.07760048157161459
427.0,0.07436109881361336
428.0,0.07053725809028352
429.0,0.06691035236709303
430.0,0.06425535830599605
431.0,0.0629941385589867
432.0,0.06293954396375101
433.0,0.06346162333996255
434.0,0.06399229909022755
435.0,0.06442305129192055
436.0,0.06487895475415728
437.0,0.06542998095664687
438.0,0.06620486062850303
439.0,0.06737248748216879
440.0,0.06889721146175196
441.0,0.07052876719330192
442.0,0.07210054204037722
443.0,0.07363300758788668
444.0,0.07512042451239231
445.0,0.07642823862515927
446.0,0.07736934631727083
447.0,0.07779336063395947
448.0,0.07762883410132984
449.0,0.07690362934344994
450.0,0.07571546846306482
451.0,0.07411696872997411
452.0,0.07201981679962466
453.0,0.06936653649086386
454.0,0.06633253710126893
455.0,0.06306670175840898
456.0,0.05940260173403947
457.0,0.055227438786777217
458.0,0.05084802040582356
459.0,0.046650733094894606
460.0,0.04270907052678169
461.0,0.03894815381547233
462.0,0.03540454938956239
463.0,0.03225177554785809
464.0,0.029699401744426784
465.0,0.027818725973573183
466.0,0.026444494777998484
467.0,0.025210605612336318
468.0,0.023717311598000765
469.0,0.021657854451102396
470.0,0.0190290983418282
471.0,0.016294722847928267
472.0,0.014198779703055858
473.0,0.013419061509516092
474.0,0.014076152947007009
475.0,0.015519082972712928
476.0,0.01673475295316315
477.0,0.017026928020623888
478.0,0.016380430289229544
479.0,0.01527047241285645
480.0,0.014328198760882427
481.0,0.01398653636656294
482.0,0.014313092287547333
483.0,0.01512393634018154
484.0,0.016183039563532925
485.0,0.017399636059818355
486.0,0.018772912155918267
487.0,0.020267381401221973
488.0,0.021812499804618732
489.0,0.023335442427750527
490.0,0.02479345227044666
491.0,0.026185653070501455
492.0,0.02753382331994167
493.0,0.028857175591526077
494.0,0.030175120580548415
495.0,0.031497396340978784
496.0,0.03280248648167533
497.0,0.034046937313441494
498.0,0.03519871211932074
499.0,0.03626360935676447
500.0,0.037294524200619836
501.0,0.03827462473148646
502.0,0.03896413830074255
503.0,0.03914959192570171
504.0,0.03901482435466885
505.0,0.039078265459462094
506.0,0.03983084729439712
507.0,0.04145079678543345
508.0,0.043770031768211565
509.0,0.046403545752286696
510.0,0.04900190321289265
511.0,0.051388090870332276
512.0,0.053555224789524986
513.0,0.055605195925975404
514.0,0.05762951158479446
515.0,0.05966667888646021
516.0,0.06170990755651451
517.0,0.06376911116076536
518.0,0.06591815629512679
519.0,0.0682941370271779
520.0,0.07099476967758137
521.0,0.07387188596795666
522.0,0.07664182915933812
523.0,0.07934999387506858
524.0,0.0822920875376246
525.0,0.08536130746766796
526.0,0.08792886119899737
527.0,0.08932123967968575
528.0,0.0892749691478606
529.0,0.08804119517228418
530.0,0.08614586929495999
531.0,0.08396952591496937
532.0,0.0816230964600593
533.0,0.07912544533650495
534.0,0.07647604500615049
535.0,0.0736801930309913
536.0,0.07075060244419995
537.0,0.06769459607469056
538.0,0.06452367727062419
539.0,0.061260165416752915
540.0,0.05790894281997541
541.0,0.054448735040260904
542.0,0.050903584318438805
543.0,0.04735578836183757
544.0,0.043788724156581874
545.0,0.040069271897895026
546.0,0.036224202213486933
547.0,0.03252999503726059
548.0,0.029262288157032135
549.0,0.02649305955961656
550.0,0.02412064508682918
551.0,0.02200918857555953
552.0,0.020141201788019286
553.0,0.01860073533720319
554.0,0.01739453666975878
555.0,0.01636000074543939
556.0,0.015211571975199706
557.0,0.013733681948564155
558.0,0.011948553234036638
559.0,0.010150525634780583
560.0,0.008765232427450545
561.0,0.008121538842862541
562.0,0.008303834343263483
563.0,0.009061218340551902
564.0,0.009925515167619386
565.0,0.010465216742910094
566.0,0.010505511811497836
567.0,0.010171123225998877
568.0,0.009726501752272243
569.0,0.009389970958129934
570.0,0.009203201574809833
571.0,0.009101277417152331
572.0,0.009039326591782151
573.0,0.009037637791801001
574.0,0.009158287297433496
575.0,0.009405379272739503
576.0,0.009681138861064822
577.0,0.009836408593093204
578.0,0.009771688106438803
579.0,0.009510963207246814
580.0,0.009199735598123857
581.0,0.009031605188534256
582.0,0.009125400245010476
583.0,0.009453549627766455
584.0,0.009889221996421227
585.0,0.01033330844546615
586.0,0.010758131396572196
587.0,0.011166909297716188
588.0,0.011511915580618759
589.0,0.011642751347279046
590.0,0.01133905903083679
591.0,0.010407555280679215
592.0,0.008926435796669102
593.0,0.007312119551647747
594.0,0.0060433297981450085
595.0,0.0053353148634091435
596.0,0.005065419180110095
597.0,0.004913571352843746
598.0,0.004505873458894194
599.0,0.0036297394127474403
600.0,0.002411481660932205
601.0,0.0012319136364814381
602.0,0.0004182868358737074
603.0,3.8008146352797034e-05
604.0,0.0
605.0,0.0002552680889078701
606.0,0.0009658292826789927
607.0,0.0023594187664875976
608.0,0.004373640554180713
609.0,0.006612557300068322
610.0,0.008615887196368965
611.0,0.010110475876790537
612.0,0.011072282112045223
613.0,0.01173148881061993
614.0,0.012451137599394521
615.0,0.013538613305366126
616.0,0.015117363583397714
617.0,0.017017851056797942
618.0,0.018848788385339127
619.0,0.020181524741165413
620.0,0.020769738140508087
621.0,0.020792341406126097
622.0,0.020812109201116535
623.0,0.021497812763061314
624.0,0.023217171517466634
625.0,0.02569114591832468
626.0,0.0280906303681267
627.0,0.029455541387454307
628.0,0.029287537233723113
629.0,0.027917324624193246
630.0,0.026221214479629412
631.0,0.024845508844717756
632.0,0.023875029011734064
633.0,0.023332286814822634
634.0,0.02330689687664092
635.0,0.023622159212525584
636.0,0.024023145329508
637.0,0.024644170490688705
638.0,0.025974422353480436
639.0,0.02844408489972164
640.0,0.032242977963245614
641.0,0.03740550099219968
642.0,0.04389810554830363
643.0,0.05171543571185566
644.0,0.06085926188163933
645.0,0.07129216896415173
646.0,0.08305182745036802
647.0,0.09633068105222348
648.0,0.1114466586238883
649.0,0.12862094802048038
650.0,0.1472954262998027
651.0,0.1661329020312392
652.0,0.1842110009724536
653.0,0.20163259676719705
654.0,0.21848895337137267
655.0,0.23410733099746464
656.0,0.24741359892915654
657.0,0.2577929023837494
658.0,0.26602452188284753
659.0,0.2734972773501161
660.0,0.2799700689006317
661.0,0.28420540199714134
662.0,0.28706299160740556
663.0,0.29115770226232274
664.0,0.29779697655549664
665.0,0.3066246900972045
666.0,0.31749174749730835
667.0,0.33125383186684676
668.0,0.34945365182751886
669.0,0.37303157783192
670.0,0.40130961779100827
671.0,0.4323417153086515
672.0,0.4641847879116946
673.0,0.49573872517434736
674.0,0.5269486564641856
675.0,0.5587504360506084
676.0,0.5923773783842224
677.0,0.6285941164100355
678.0,0.6672172543631166
679.0,0.7071025789911523
680.0,0.7469746602285958
681.0,0.7869193328016753
682.0,0.8277697787347624
683.0,0.8674500666125862
684.0,0.901170701457259
685.0,0.9264837765233637
686.0,0.9444496870868204
687.0,0.9555745965720075
688.0,0.9571986351878092
689.0,0.9438154060347408
690.0,0.9122716972567333
691.0,0.8676501623100399
692.0,0.8177605215024353
693.0,0.7623828406007814
694.0,0.6975482372640787
695.0,0.62665916017869
696.0,0.5576098032911024
697.0,0.4940028233617564
698.0,0.43527766160756187
699.0,0.38101324717271123
700.0,0.33153978643063553
701.0,0.28736296759512187
702.0,0.2485358306071094
703.0,0.21445286434921498
704.0,0.18474023986009167
705.0,0.15976763469178137
706.0,0.13966307115392307
707.0,0.12362918110291962
708.0,0.11040398053372658
709.0,0.09897228794551904
710.0,0.0888794985119801
711.0,0.08013087348943677
712.0,0.0726839963560749
713.0,0.06627553216158508
714.0,0.060826090840475744
715.0,0.05640882995332494
716.0,0.05282297821694584
717.0,0.04968187837577924
718.0,0.04687229513129387
719.0,0.04450575481769167
720.0,0.042526505141902066
721.0,0.040752610917458715
722.0,0.03914446725601828
723.0,0.03776056707631563
724.0,0.03658032091388007
725.0,0.03551250859530117
726.0,0.03448443634307696
727.0,0.03349081991029823
728.0,0.03259855149668646
729.0,0.03197238225446106
730.0,0.03181050071894945
731.0,0.03212203169298715
732.0,0.03264477948733685
733.0,0.033012072841796
734.0,0.032992865495438284
735.0,0.03259507810267635
736.0,0.03202847766800937
737.0,0.031585786200147126
738.0,0.031461751909857005
739.0,0.03166879495700485
740.0,0.03203792854003179
741.0,0.03229367166329128
742.0,0.03222859245771925
743.0,0.031824901751648454
744.0,0.031301001714907906
745.0,0.031035998811260734
746.0,0.03134414897353194
747.0,0.03229695124503887
748.0,0.03363956461308104
749.0,0.034905986088743526
750.0,0.03568441111792872
751.0,0.03583207069987639
752.0,0.035569854271821966
753.0,0.03533595092739053
754.0,0.03553929957252318
755.0,0.036339648521261175
756.0,0.03754560998707154
757.0,0.038756206681684904
758.0,0.03962856728235728
759.0,0.04009064326615294
760.0,0.04029686384453757
761.0,0.04044113580237513
762.0,0.04060311160143913
763.0,0.04073147977269223
764.0,0.04083631959893462
765.0,0.041124773654220154
766.0,0.04200158362287028
767.0,0.04374368162506019
768.0,0.046057634985413626
769.0,0.04814289440434419
770.0,0.04918035043824204
771.0,0.04887583320921837
772.0,0.04762948157344796
773.0,0.046177938689126244
774.0,0.04498937383079729
775.0,0.044099723596331394
776.0,0.043389035689654146
777.0,0.04277884714853042
778.0,0.04232777897080274
779.0,0.042107685887592616
780.0,0.04203861294496182
781.0,0.04187816218160392
782.0,0.041345323522166924
783.0,0.04033391853726408
784.0,0.03900942558537851
785.0,0.037713346848302354
786.0,0.03674610984167602
787.0,0.03621894688485827
788.0,0.03603237174097597
789.0,0.03598965927699506
790.0,0.035950436641134134
791.0,0.03587198573908826
792.0,0.035767973443509446
793.0,0.035595418224295836
794.0,0.03524163030426618
795.0,0.03462420045155082
796.0,0.03382304455414156
797.0,0.033151834698482485
798.0,0.03299850671318981
799.0,0.03358902637731098
800.0,0.03476852687758947
801.0,0.036003393197460334
802.0,0.03668389587753358
803.0,0.036473963602720594
804.0,0.0355292132051576
805.0,0.03437850764583544
806.0,0.03357631334787503
807.0,0.0333623357944306
808.0,0.033616948015475434
809.0,0.03407792918232097
810.0,0.03456087307090856
811.0,0.035082128009413405
812.0,0.0356893313559728
813.0,0.03629290357873381
814.0,0.036723478553821215
815.0,0.03686082823215878
816.0,0.03674578905009038
817.0,0.036564735843824914
818.0,0.036504347078885196
819.0,0.036627377459276966
820.0,0.03688871253562323
821.0,0.03717429423855764
822.0,0.03731769002090504
823.0,0.03721069812004696
824.0,0.03690926212938894
825.0,0.036630696208940425
826.0,0.036650735096065395
827.0,0.03710678628643427
828.0,0.037881937066169435
829.0,0.03867497888906536
830.0,0.03919877936777766
831.0,0.03934904152884977
832.0,0.03922871853170204
833.0,0.03904746371260526
834.0,0.038957947377486674
835.0,0.03900342028516454
836.0,0.03915513734427983
837.0,0.03937498336649137
838.0,0.03966800248120231
839.0,0.04003194033409914
840.0,0.04042332800017767
841.0,0.040814385726901506
842.0,0.04122465221160933
843.0,0.04168463774041192
844.0,0.042157147246197166
845.0,0.042435632060579154
846.0,0.042227332965412506
847.0,0.04137077975292372
848.0,0.040021843121083006
849.0,0.03868649571553798
850.0,0.03794214479417686
851.0,0.03808209582396874
852.0,0.03895054470695816
853.0,0.04010223686823569
854.0,0.04111401111780351
855.0,0.04183046406725438
856.0,0.04234074136247719
857.0,0.042738389316686234
858.0,0.043097464034871635
859.0,0.043533435860081834
860.0,0.044026879446309425
861.0,0.04429638559362087
862.0,0.04382307840741781
863.0,0.04210115006966336
864.0,0.039327314449090794
865.0,0.03655851932088809
866.0,0.03487096752887371
867.0,0.03455035210276804
868.0,0.03517156014589125
869.0,0.03612858807245864
870.0,0.03710594017016841
871.0,0.0382023701557109
872.0,0.039432348876654325
873.0,0.040479957787585036
874.0,0.04098055848510708
875.0,0.040812299917859396
876.0,0.0401862326099148
877.0,0.039502488030469726
878.0,0.039081294851310205
879.0,0.03898625962680835
880.0,0.0390801467096408
881.0,0.03911452453515066
882.0,0.038827375113765106
883.0,0.038138306210958595
884.0,0.03723925472462722
885.0,0.03646838277609557
886.0,0.03607940751450764
887.0,0.036109094746910736
888.0,0.0364097398974258
889.0,0.03675919468110651
890.0,0.03700872855852916
891.0,0.03713208666082714
892.0,0.03720173040013065
893.0,0.03740554193110121
894.0,0.037954471047413535
895.0,0.03887198326326101
896.0,0.03992405928732608
897.0,0.040759330120310716
898.0,0.04114262076576189
899.0,0.041101496457481845
900.0,0.04087377995839864
901.0,0.04068023526761026
902.0,0.04058457019102135
903.0,0.0405682004073189
904.0,0.04065058327238599
905.0,0.04098444082450038
906.0,0.041728714087521906
907.0,0.04282507951218294
908.0,0.0439933521838006
909.0,0.04491559952753017
910.0,0.045420278938547165
911.0,0.045542402654311545
912.0,0.04540225391854956
913.0,0.0450199745131436
914.0,0.04436732211700378
915.0,0.043496311749741834
916.0,0.042602227838277565
917.0,0.04197077641880148
918.0,0.04178244385890398
919.0,0.04198019189523379
920.0,0.042301935705274726
921.0,0.04245497936720832
922.0,0.04227385952499521
923.0,0.04180849889522427
924.0,0.041303796239999496
925.0,0.041034954853518185
926.0,0.04113546925747888
927.0,0.04150278434577004
928.0,0.04184762234539602
929.0,0.041884181075405896
930.0,0.04151315788932332
931.0,0.040820174405070506
932.0,0.03988110941606664
933.0,0.03868196574758993
934.0,0.03717427962274293
935.0,0.03548614565049196
936.0,0.034088482446046134
937.0,0.03352598382308063
938.0,0.03402747439221797
939.0,0.03530674730139319
940.0,0.03672178405242467
941.0,0.03769004290379474
942.0,0.03804319289025421
943.0,0.03799072906388651
944.0,0.03781893588250679
945.0,0.03772314265420494
946.0,0.03773389013021135
947.0,0.03779801665561125
948.0,0.03789440853573606
949.0,0.03802044702550231
950.0,0.03817347680387906
951.0,0.03835899179098558
952.0,0.03859226490626318
953.0,0.03889371802079564
954.0,0.039273742094901226
955.0,0.039718548020931055
956.0,0.040176889654440676
957.0,0.04054474393880364
958.0,0.040763848792863516
959.0,0.04095399684569692
960.0,0.04136393124353881
961.0,0.04220076607732082
962.0,0.04348168819456408
963.0,0.045023354317953165
964.0,0.04656695969276836
965.0,0.04794730603661729
966.0,0.04918612766165163
967.0,0.050445090319928526
968.0,0.051909792635834756
969.0,0.05366855676179262
970.0,0.05567798958576073
971.0,0.05782819124130846
972.0,0.06006102121338705
973.0,0.062427484366282635
974.0,0.0649523274889626
975.0,0.06752788381820782
976.0,0.06996189819674212
977.0,0.07212011209149916
978.0,0.07410559054835461
979.0,0.07620741710283328
980.0,0.07858712559240022
981.0,0.0811813768465246
982.0,0.08395796102801607
983.0,0.08710268050328474
984.0,0.09102917189129826
985.0,0.09598501737918708
986.0,0.10155620961538282
987.0,0.10687357716335255
988.0,0.11128657178548089
989.0,0.11475196008868138
990.0,0.11770203837179818
991.0,0.1205645832958436
992.0,0.12329684771094926
993.0,0.12576510768057925
994.0,0.1283418087894309
995.0,0.1317441298469762
996.0,0.1365284557326269
997.0,0.1426384546892937
998.0,0.14940647266568602
999.0,0.1561610900341748
1000.0,0.16276276790417565
1001.0,0.169278501417992
1002.0,0.175603309756418
1003.0,0.1816612644502671
1004.0,0.1875099117497304
1005.0,0.1931193711384144
1006.0,0.1983047083375997
1007.0,0.20295613778891186
1008.0,0.20710895667545484
1009.0,0.2107479639395615
1010.0,0.21372986691737952
1011.0,0.21588172375017348
1012.0,0.21713923483805253
1013.0,0.21763491923418907
1014.0,0.21751979814928593
1015.0,0.2166681730275407
1016.0,0.21493755731648895
1017.0,0.21264184179948625
1018.0,0.2102940082461586
1019.0,0.2080492407029374
1020.0,0.20586143010057437
1021.0,0.20390474576482873
1022.0,0.20224048775210116
1023.0,0.20048811502757383
1024.0,0.19851489940410166
1025.0,0.19699677742077212
1026.0,0.19695769460810195
1027.0,0.19902525213267308
1028.0,0.2030963794824192
1029.0,0.2085089745040678
1030.0,0.21452665434012463
1031.0,0.22082756317446078
1032.0,0.22749512452577553
1033.0,0.23487715424211908
1034.0,0.24359752993011435
1035.0,0.25413611033118316
1036.0,0.2662100472012703
1037.0,0.2788857291328448
1038.0,0.29135482404669066
1039.0,0.3034487214179785
1040.0,0.315509838985901
1041.0,0.3279312855058165
1042.0,0.3406675844425434
1043.0,0.3535104160533642
1044.0,0.36675303255240965
1045.0,0.38092135711747765
1046.0,0.39611138572384963
1047.0,0.4121519485356496
1048.0,0.4291071456325213
1049.0,0.44737814752484706
1050.0,0.4674824681911628
1051.0,0.4894265849310856
1052.0,0.5124940729126094
1053.0,0.5362934892440525
1054.0,0.561372762309047
1055.0,0.5877864886493057
1056.0,0.6143588103272173
1057.0,0.6403795254697056
1058.0,0.6663679372765615
1059.0,0.6921965958282558
1060.0,0.7166157807708997
1061.0,0.739534843996154
1062.0,0.7621158826316399
1063.0,0.7839256399895402
1064.0,0.8026119359278083
1065.0,0.8165244581171966
1066.0,0.8257128811697892
1067.0,0.830677081099243
1068.0,0.8315572717383916
1069.0,0.8280756705106174
1070.0,0.8200754404633354
1071.0,0.8082087246859442
1072.0,0.7928460443365868
1073.0,0.7727080899883322
1074.0,0.7470151227256251
1075.0,0.7178753124995397
1076.0,0.6879919155725671
1077.0,0.6576129363807357
1078.0,0.6260796971878407
1079.0,0.5941252093105585
1080.0,0.5625694809879709
1081.0,0.5310412478483801
1082.0,0.4993311191191583
1083.0,0.4683624700155129
1084.0,0.4390432145937134
1085.0,0.41140366135432394
1086.0,0.3851929016308522
1087.0,0.36045693517451927
1088.0,0.33749133457949254
1089.0,0.31654157548781636
1090.0,0.2974085053112671
1091.0,0.27948487383175386
1092.0,0.26219806685580904
1093.0,0.24541874481477882
1094.0,0.22951372938165737
1095.0,0.21514261511921
1096.0,0.20294472690046456
1097.0,0.1930165840748401
1098.0,0.1846783019437167
1099.0,0.177053433465481
1100.0,0.16986970234138507
1101.0,0.16331688235083694
1102.0,0.15743072290463514
1103.0,0.15215682573321465
1104.0,0.1475822220714465
1105.0,0.14371291410700981
1106.0,0.1402888902543545
1107.0,0.13701204063907013
1108.0,0.13379966259338388
1109.0,0.13074872682420613
1110.0,0.1280004730965233
1111.0,0.12571299340408076
1112.0,0.12397472792144064
1113.0,0.12265242169296833
1114.0,0.12144562741027097
1115.0,0.12015227009074594
1116.0,0.11878444342664216
1117.0,0.11739717662085451
1118.0,0.11598166270699797
1119.0,0.11451045747328331
1120.0,0.11298844978415325
1121.0,0.11148567524698302
1122.0,0.11007652959201533
1123.0,0.10873570100836437
1124.0,0.10745906471642613
1125.0,0.10645354005727894
1126.0,0.10602192571971283
1127.0,0.10632265953661918
1128.0,0.10716237369170731
1129.0,0.10802373152020195
1130.0,0.10842652868962412
1131.0,0.1082698727409344
1132.0,0.10780020024824075
1133.0,0.10733206969958456
1134.0,0.10706658830648061
1135.0,0.10700691540557769
1136.0,0.10702281688223308
1137.0,0.10698992964338556
1138.0,0.1068428322499064
1139.0,0.10658311991020182
1140.0,0.10622996116341973
1141.0,0.10577737034687945
1142.0,0.10520308109322317
1143.0,0.10451999065843454
1144.0,0.10385555071578126
1145.0,0.10338237791525057
1146.0,0.10316439345943912
1147.0,0.102977844563749
1148.0,0.10222982960313048
1149.0,0.10036304197846058
1150.0,0.0973575640953738
1151.0,0.0938425626104667
1152.0,0.0907489898274801
1153.0,0.08870139537943414
1154.0,0.08763902018601014
1155.0,0.0869276393983363
1156.0,0.0858734932869506
1157.0,0.08414188398926861
1158.0,0.0818769206053989
1159.0,0.07952011895725368
1160.0,0.07744190081867734
1161.0,0.07577727634037529
1162.0,0.07443456133547537
1163.0,0.07320673022507734
1164.0,0.07194681202984946
1165.0,0.07063589250250193
1166.0,0.06934620731614918
1167.0,0.06810004440849388
1168.0,0.06682860956027353
1169.0,0.06551059580697315
1170.0,0.06430288802527215
1171.0,0.0636065335827753
1172.0,0.06377527759920287
1173.0,0.06466768974263101
1174.0,0.06566829847899966
1175.0,0.06613397057298245
1176.0,0.06581678356059015
1177.0,0.06495250706603097
1178.0,0.0639933810326536
1179.0,0.06318382656195198
1180.0,0.06251503057565636
1181.0,0.06196569838738321
1182.0,0.061555332089445636
1183.0,0.06130758419879509
1184.0,0.06121204415649106
1185.0,0.061217229019445984
1186.0,0.06136294617186008
1187.0,0.061827637790240246
1188.0,0.06263838127143354
1189.0,0.06350192973213682
1190.0,0.06403456918996159
1191.0,0.06405768240476048
1192.0,0.06369589054149546
1193.0,0.06323953946507868
1194.0,0.06283897350065465
1195.0,0.06240632690109488
1196.0,0.06191217364128511
1197.0,0.06151738548163109
1198.0,0.06139436965204008
1199.0,0.061581018798670686
1200.0,0.06197259858371227
1201.0,0.06241482819374043
1202.0,0.0628345071419166
1203.0,0.0632490102494771
1204.0,0.06365930069876602
1205.0,0.06403664774621153
1206.0,0.06437444604108802
1207.0,0.06468688012170046
1208.0,0.06498008247687323
1209.0,0.06524417076648101
1210.0,0.06546305241643073
1211.0,0.06567017734594263
1212.0,0.06597249325272372
1213.0,0.06646727274902844
1214.0,0.06715480785229744
1215.0,0.06790480395495811
1216.0,0.06852418694928047
1217.0,0.06890797178311941
1218.0,0.06910674299428529
1219.0,0.06919825406234924
1220.0,0.06918086751923787
1221.0,0.06902898857071309
1222.0,0.06878335236323053
1223.0,0.06863454988444093
1224.0,0.06882770837888091
1225.0,0.06943298478831116
1226.0,0.07028382630848434
1227.0,0.07113522189899643
1228.0,0.07182303911807404
1229.0,0.07230680297092754
1230.0,0.07263811868266706
1231.0,0.07286498729315691
1232.0,0.07300456034786972
1233.0,0.07307734989965782
1234.0,0.07314112430830227
1235.0,0.07330079712928245
1236.0,0.07360570462198762
1237.0,0.07396368571747022
1238.0,0.07414729745003276
1239.0,0.0739041713418879
1240.0,0.07319086912342895
1241.0,0.07225680277130445
1242.0,0.07141618713367268
1243.0,0.07079565860435308
1244.0,0.07037425675909095
1245.0,0.07012324068872963
1246.0,0.07011153347039997
1247.0,0.07046510455357113
1248.0,0.0711002390369137
1249.0,0.0716769994286178
1250.0,0.07186180359297947
1251.0,0.07155744428210004
1252.0,0.07091062449869966
1253.0,0.07015451311820897
1254.0,0.06939184903385784
1255.0,0.06860690712525785
1256.0,0.06789834161164059
1257.0,0.06747818217211093
1258.0,0.06749528764639093
1259.0,0.06790641095339583
1260.0,0.06848353248602937
1261.0,0.06897071848406451
1262.0,0.06926057860141432
1263.0,0.06940226551190212
1264.0,0.06948086839313837
1265.0,0.06957656594989942
1266.0,0.06974350001056587
1267.0,0.06990962067540746
1268.0,0.06986944948085251
1269.0,0.06947188328595658
1270.0,0.06876715091592554
1271.0,0.06794721184113636
1272.0,0.0671963048292613
1273.0,0.06659157086303405
1274.0,0.06614807071761027
1275.0,0.06609412474615675
1276.0,0.06681840823138141
1277.0,0.06839427404122927
1278.0,0.07038645239590063
1279.0,0.07208891946651712
1280.0,0.07298653685076581
1281.0,0.07308810229813592
1282.0,0.0728041665429087
1283.0,0.07245047287014701
1284.0,0.07208804470007646
1285.0,0.07174962020127669
1286.0,0.07152997351925498
1287.0,0.07156038189594514
1288.0,0.07189779513025592
1289.0,0.07244075054179105
1290.0,0.07310366053363182
1291.0,0.07400555601825279
1292.0,0.07521615108457336
1293.0,0.07649188094803437
1294.0,0.0774273527530582
1295.0,0.07775453426896103
1296.0,0.07754836737203799
1297.0,0.07716929502664577
1298.0,0.07692205454154889
1299.0,0.07681010727183929
1300.0,0.07672625740742166
1301.0,0.07665285483410934
1302.0,0.07660791303216821
1303.0,0.07659917262594429
1304.0,0.07663996367483714
1305.0,0.07675561922233512
1306.0,0.07698414390113822
1307.0,0.07732403063410138
1308.0,0.07765882590735199
1309.0,0.07782572614007777
1310.0,0.07776373935931111
1311.0,0.07756224603733568
1312.0,0.077383826404638
1313.0,0.07734602881845196
1314.0,0.07744446750504827
1315.0,0.07764314787423701
1316.0,0.07801794040996968
1317.0,0.07865464307537975
1318.0,0.0794916234571424
1319.0,0.08027761313928439
1320.0,0.08067716729079068
1321.0,0.08053888710560977
1322.0,0.08003473563099828
1323.0,0.0794881525578013
1324.0,0.07911585067914373
1325.0,0.07899569981434312
1326.0,0.0791215190090497
1327.0,0.0794615129002887
1328.0,0.07999655880725716
1329.0,0.08065053270708367
1330.0,0.08130187198170756
1331.0,0.081900959818008
1332.0,0.08248559358410637
1333.0,0.08306430023268356
1334.0,0.08354666753588713
1335.0,0.08375986383155265
1336.0,0.08362527534515443
1337.0,0.08335199712652767
1338.0,0.0833578441973868
1339.0,0.08401715992705805
1340.0,0.08531297503061375
1341.0,0.08671218165802666
1342.0,0.08752043881118586
1343.0,0.08737852841080357
1344.0,0.08655216758474016
1345.0,0.08577514410093924
1346.0,0.08573823300391614
1347.0,0.08661546596751844
1348.0,0.08797750054072702
1349.0,0.0891371436488835
1350.0,0.08960602633458942
1351.0,0.08941628609238159
1352.0,0.08911637852506735
1353.0,0.08937423118062579
1354.0,0.09046448028989937
1355.0,0.09203891412980254
1356.0,0.09336916374574894
1357.0,0.09388043156062398
1358.0,0.09357211135951476
1359.0,0.09292899120471466
1360.0,0.0923142409286171
1361.0,0.09172029629009368
1362.0,0.0911019935315959
1363.0,0.0906322771287111
1364.0,0.09074902407512289
1365.0,0.09175204780896676
1366.0,0.09332366222747437
1367.0,0.09471149801051276
1368.0,0.09531777034925959
1369.0,0.09511537629257258
1370.0,0.09461775050891137
1371.0,0.09448766461017757
1372.0,0.09505693952139238
1373.0,0.0960704432982409
1374.0,0.09685904652134489
1375.0,0.09681813846979623
1376.0,0.09584498669932763
1377.0,0.09444023629085341
1378.0,0.09336838026100237
1379.0,0.09311434926958177
1380.0,0.09359121422886899
1381.0,0.09446559244857333
1382.0,0.09554406701849558
1383.0,0.09676102411970527
1384.0,0.09805898524020798
1385.0,0.09920583098026062
1386.0,0.09986896565965321
1387.0,0.09993959557143556
1388.0,0.0996363818530906
1389.0,0.09931210644166436
1390.0,0.09921272313238064
1391.0,0.09937089662188278
1392.0,0.09961925655707068
1393.0,0.09972790882090689
1394.0,0.09959789207401329
1395.0,0.09935574105006853
1396.0,0.09923228506813098
1397.0,0.09934942560079318
1398.0,0.09967050952442608
1399.0,0.10009263488188808
1400.0,0.10059183432567051
1401.0,0.10129007614114303
1402.0,0.1022103853605966
1403.0,0.10310137919797503
1404.0,0.10363871125371382
1405.0,0.10369539745148129
1406.0,0.1034487095475472
1407.0,0.10325832577274646
1408.0,0.10339550185140187
1409.0,0.10384723766518116
1410.0,0.10437439575042426
1411.0,0.1047184390320405
1412.0,0.10477825071107139
1413.0,0.10469178884179466
1414.0,0.10476422474794132
1415.0,0.10523585776851306
1416.0,0.10607108223335407
1417.0,0.10696978215820728
1418.0,0.10758732750632229
1419.0,0.10777269633331757
1420.0,0.10764431891044964
1421.0,0.10747195465389406
1422.0,0.10745216328009957
1423.0,0.10761704807830183
1424.0,0.10789916580500485
1425.0,0.10820822979129685
1426.0,0.10850299385624834
1427.0,0.10878697094922281
1428.0,0.1090614246608746
1429.0,0.10927889273383772
1430.0,0.10935152657459273
1431.0,0.10930747322799823
1432.0,0.1093504996312773
1433.0,0.1096901721297591
1434.0,0.11037015509396414
1435.0,0.11125288359099522
1436.0,0.1121348535809738
1437.0,0.1129165907312359
1438.0,0.11360929688872842
1439.0,0.11407727561683906
1440.0,0.11405964522139156
1441.0,0.11350374534080016
1442.0,0.11272942796620383
1443.0,0.11233167841005598
1444.0,0.11274023387791896
1445.0,0.1137932983251159
1446.0,0.11486615430928433
1447.0,0.11540946899973761
1448.0,0.11530954431995168
1449.0,0.11485462719990529
1450.0,0.11446208687510878
1451.0,0.1143409605395096
1452.0,0.1144624248126464
1453.0,0.11474665608014605
1454.0,0.11512988289764943
1455.0,0.11558230135485725
1456.0,0.11607486869449822
1457.0,0.11655048259703413
1458.0,0.11698239482817133
1459.0,0.11740096750107543
1460.0,0.11780869618175378
1461.0,0.11813450891421887
1462.0,0.11831628946757643
1463.0,0.11834979524981114
1464.0,0.1182206720032037
1465.0,0.11789309812596332
1466.0,0.11739235745091997
1467.0,0.11686126747936218
1468.0,0.11657137105178356
1469.0,0.1167529487212282
1470.0,0.11737077033955136
1471.0,0.11814303136956435
1472.0,0.1187782843505695
1473.0,0.11915117296707625
1474.0,0.11930252681557055
1475.0,0.11935339965007331
1476.0,0.11937672815720982
1477.0,0.1193933888531517
1478.0,0.11944454444367902
1479.0,0.11959860159858948
1480.0,0.11992103309261938
1481.0,0.12037496645417296
1482.0,0.12078497057695578
1483.0,0.12093988952575746
1484.0,0.12074103482515972
1485.0,0.12034902260886952
1486.0,0.12013011100272698
1487.0,0.12038077197281605
1488.0,0.12109057024938108
1489.0,0.12192063706283948
1490.0,0.1224352321077206
1491.0,0.12242209164688571
1492.0,0.12203033003984122
1493.0,0.12158793028761636
1494.0,0.12134235710731535
1495.0,0.12133777337049628
1496.0,0.12150292709912786
1497.0,0.12192238267269565
1498.0,0.12275449028450106
1499.0,0.12389660404211626
1500.0,0.1249291274571977
1501.0,0.12532259528620232
1502.0,0.12487516907548411
1503.0,0.12398176770877095
1504.0,0.12329091558432126
1505.0,0.12312645033143661
1506.0,0.1233852878018196
1507.0,0.12380850847908248
1508.0,0.12419450202708082
1509.0,0.12451692729657571
1510.0,0.12476950420354589
1511.0,0.1248142622683321
1512.0,0.1245628710077923
1513.0,0.12415255510402516
1514.0,0.12399847058384908
1515.0,0.12457038665376222
1516.0,0.12592927764495593
1517.0,0.1275588442160164
1518.0,0.12861647203126025
1519.0,0.12850659771246029
1520.0,0.1273762175479647
1521.0,0.12604102016290178
1522.0,0.12539371763128576
1523.0,0.12577621557890273
1524.0,0.1268182445936829
1525.0,0.12777795640765863
1526.0,0.1281332986553357
1527.0,0.12790115707609181
1528.0,0.12746359322646814
1529.0,0.12723094302498372
1530.0,0.12734351999220128
1531.0,0.12769332801691424
1532.0,0.12817823376149745
1533.0,0.1287605809097654
1534.0,0.1294196794796895
1535.0,0.13006163580096247
1536.0,0.1304907785874213
1537.0,0.1306133185444181
1538.0,0.130577889490578
1539.0,0.13066717280509013
1540.0,0.13107886987483663
1541.0,0.1317548026691632
1542.0,0.1324035378894653
1543.0,0.1327179038638
1544.0,0.13260277678339513
1545.0,0.13222412159755745
1546.0,0.13187161865609084
1547.0,0.13173629642639745
1548.0,0.13181023487589855
1549.0,0.13201821949020745
1550.0,0.1323276621971512
1551.0,0.13275277201238173
1552.0,0.133331152539713
1553.0,0.13408557631522447
1554.0,0.13496138409491293
1555.0,0.1357994582228898
1556.0,0.136383394231526
1557.0,0.1365199949147997
1558.0,0.13620472503281406
1559.0,0.13568487251397485
1560.0,0.1352190499865369
1561.0,0.13481396776061766
1562.0,0.13438556712206023
1563.0,0.13401400263314672
1564.0,0.13387415283774007
1565.0,0.1340717829143644
1566.0,0.13455893405607391
1567.0,0.13516077838861482
1568.0,0.13568747289319305
1569.0,0.13605205411827892
1570.0,0.13628284060204982
1571.0,0.13648131938693842
1572.0,0.13680410505722054
1573.0,0.13734570029889562
1574.0,0.13796984909534102
1575.0,0.1383777105181177
1576.0,0.13837740075613167
1577.0,0.13804719408210092
1578.0,0.1376668749998633
1579.0,0.13751902447691658
1580.0,0.13771243558680635
1581.0,0.13812101277336922
1582.0,0.13848964969741193
1583.0,0.13865331281906149
1584.0,0.13869083306339222
1585.0,0.13889385483555064
1586.0,0.13957782500461274
1587.0,0.1406686151722501
1588.0,0.14153511288707582
1589.0,0.1415154142546594
1590.0,0.1405197418341033
1591.0,0.13921672649358172
1592.0,0.138636310391465
1593.0,0.13933550770856515
1594.0,0.1409434157928511
1595.0,0.14264084366958266
1596.0,0.14387054383377018
1597.0,0.14448239798838
1598.0,0.14478365556123776
1599.0,0.14470001673980032
