0.0,0.0
1.0,0.0
2.0,0.0
3.0,0.0
4.0,0.0
5.0,0.0
6.0,0.0
7.0,0.0
8.0,0.0
9.0,0.0
10.0,0.0
11.0,0.0
12.0,0.0
13.0,0.0
14.0,0.0
15.0,0.0
16.0,0.0
17.0,0.0
18.0,0.0
19.0,0.0
20.0,0.0
21.0,0.0
22.0,0.0
23.0,0.0
24.0,0.0
25.0,0.0
26.0,0.0
27.0,0.0
28.0,0.0
29.0,0.0
30.0,0.0
31.0,0.0
32.0,0.0
33.0,0.0
34.0,0.0
35.0,0.0
36.0,0.0
37.0,0.0
38.0,0.0
39.0,0.0
40.0,0.0
41.0,0.0
42.0,0.0
43.0,0.0
44.0,0.0
45.0,0.0
46.0,0.0
47.0,0.0
48.0,0.0
49.0,0.0
50.0,0.0
51.0,0.0
52.0,0.0
53.0,0.0
54.0,0.0
55.0,0.0
56.0,0.0
57.0,0.0
58.0,0.0
59.0,0.0
60.0,0.0
61.0,0.0
62.0,0.0
63.0,0.0
64.0,0.0
65.0,0.0
66.0,0.0
67.0,0.0
68.0,0.0
69.0,0.0
70.0,0.0
71.0,0.0
72.0,0.0
73.0,0.0
74.0,0.0
75.0,0.0
76.0,0.0
77.0,0.0
78.0,0.0
79.0,0.0
80.0,0.0
81.0,0.0
82.0,0.0
83.0,0.029917777039275756
84.0,0.0032260760176516246
85.0,0.0
86.0,0.029014069375055684
87.0,0.057453586640729096
88.0,0.06942629954725155
89.0,0.06677858474393945
90.0,0.061567730188373165
91.0,0.059402961098109094
92.0,0.05812519136055633
93.0,0.05657011921411664
94.0,0.05548604922216602
95.0,0.05514655159691555
96.0,0.055292874738863865
97.0,0.055788711975658614
98.0,0.05697680787987036
99.0,0.05958514086057039
100.0,0.06385285663674808
101.0,0.06904744041471222
102.0,0.07412284407020958
103.0,0.07845576496531037
104.0,0.08165292463139812
105.0,0.0834233190688119
106.0,0.08393109295584936
107.0,0.08373341264826127
108.0,0.08329633160006653
109.0,0.08269734721191033
110.0,0.08180079150249106
111.0,0.08053129120368045
112.0,0.07905938147360851
113.0,0.07765568782307575
114.0,0.07631883989648885
115.0,0.07485446432125198
116.0,0.07326494802972258
117.0,0.07176894959319856
118.0,0.07054604269269862
119.0,0.06979838724761557
120.0,0.06990505773366104
121.0,0.07106322920703845
122.0,0.07296448428038804
123.0,0.07505597140483809
124.0,0.07698314071699341
125.0,0.07851647843653717
126.0,0.07940342402851266
127.0,0.07967867055298504
128.0,0.07979807233655965
129.0,0.08041079764979706
130.0,0.08200310417111809
131.0,0.08476839354323261
132.0,0.0885319472910491
133.0,0.09261986848420499
134.0,0.09598554829340102
135.0,0.0973212520857137
136.0,0.09579163311586511
137.0,0.09197053223307382
138.0,0.08749834648704488
139.0,0.08368542651059344
140.0,0.08101604283654519
141.0,0.0799283646373951
142.0,0.08064657902073798
143.0,0.08253242690579131
144.0,0.08453096674733422
145.0,0.08610465905205442
146.0,0.0872756609265822
147.0,0.08806243702758991
148.0,0.08847861241426618
149.0,0.08869913604530912
150.0,0.0890609211347175
151.0,0.08992728481490125
152.0,0.0913624499193238
153.0,0.09302368801974925
154.0,0.09454672298739053
155.0,0.09582474268012257
156.0,0.09644249808101547
157.0,0.09560729085821429
158.0,0.0933190722929146
159.0,0.09068861331404313
160.0,0.08870898607498642
161.0,0.0874900427777008
162.0,0.0868922238330542
163.0,0.08692100232602876
164.0,0.08743867543967251
165.0,0.08823650199379039
166.0,0.08940486278459936
167.0,0.09122499842894083
168.0,0.09371180826868675
169.0,0.09651724422054404
170.0,0.0992044512034877
171.0,0.10144452728207753
172.0,0.1030541535975032
173.0,0.1040486833324607
174.0,0.10459483810381968
175.0,0.10486412377342673
176.0,0.10489431213294383
177.0,0.10454453471442757
178.0,0.10360064306485234
179.0,0.10211899362714438
180.0,0.10057880574001589
181.0,0.09958467726815218
182.0,0.09948703257459908
183.0,0.10032377846753604
184.0,0.10191013129863781
185.0,0.1038535553458075
186.0,0.10565570590861671
187.0,0.10669910346357235
188.0,0.10653873093009564
189.0,0.10543964229061181
190.0,0.10421390050876281
191.0,0.10336655599184998
192.0,0.10304863787027602
193.0,0.10401207494447542
194.0,0.10701759801871234
195.0,0.11131555198857779
196.0,0.11502902600192316
197.0,0.11683249261885874
198.0,0.11650873350455929
199.0,0.11430469045227794
200.0,0.11084456414541068
201.0,0.10712093229968549
202.0,0.10427671890234319
203.0,0.10330393347440445
204.0,0.10437125930564117
205.0,0.106664442306488
206.0,0.10911724011908755
207.0,0.111226299320901
208.0,0.11269381567058112
209.0,0.11306434288149074
210.0,0.11238401749911653
211.0,0.11141664883770117
212.0,0.11093428325264831
213.0,0.1111524693947946
214.0,0.11200135171802139
215.0,0.11338572645123679
216.0,0.11508680066624105
217.0,0.11679317775595245
218.0,0.1182084733907192
219.0,0.11919624074925184
220.0,0.11984870903582391
221.0,0.12040090420043703
222.0,0.12104950868266512
223.0,0.12193547702209362
224.0,0.12328109928974358
225.0,0.12517326637658246
226.0,0.1273016215795776
227.0,0.12913918233241384
228.0,0.1303219042357735
229.0,0.13070352806830005
230.0,0.1302106849943349
231.0,0.12903364000774623
232.0,0.12769276750296304
233.0,0.12670642459785755
234.0,0.1262604809124185
235.0,0.12625652802026138
236.0,0.12653196938733546
237.0,0.12692438367682154
238.0,0.12734281017915638
239.0,0.1278354039458965
240.0,0.12851426462509252
241.0,0.1293375321545492
242.0,0.13005182627876832
243.0,0.1303845671184906
244.0,0.13017712501484144
245.0,0.12930269508209735
246.0,0.1277745714300015
247.0,0.1259774176430944
248.0,0.12449388067785325
249.0,0.12369851525372974
250.0,0.12360634291938383
251.0,0.12406312344984231
252.0,0.12487230916059938
253.0,0.12585099188599114
254.0,0.12694709000515944
255.0,0.12827702540283056
256.0,0.1299042828685269
257.0,0.1316329939788788
258.0,0.1332187876600003
259.0,0.1346378235491153
260.0,0.1359643395881511
261.0,0.13717503099185513
262.0,0.13822947356403498
263.0,0.1391144101438162
264.0,0.13956692028502757
265.0,0.13911743304545424
266.0,0.13774882629296695
267.0,0.13608017830866656
268.0,0.1346769353642422
269.0,0.133740970039328
270.0,0.13375110635245063
271.0,0.13531152508812513
272.0,0.1381203065736986
273.0,0.14106069399889748
274.0,0.14335247371253443
275.0,0.14496383439328486
276.0,0.14603295110730918
277.0,0.1466617065398375
278.0,0.14703657983911184
279.0,0.1475551599730624
280.0,0.14887162993429023
281.0,0.1513057368687639
282.0,0.15433936828539366
283.0,0.15713903012468416
284.0,0.1593568942259811
285.0,0.1605913733861045
286.0,0.15983855886920195
287.0,0.15687534325926927
288.0,0.15311761220079295
289.0,0.15022219871282771
290.0,0.14865472366622773
291.0,0.14820266855203515
292.0,0.14872216544840255
293.0,0.1498844403802817
294.0,0.15118349845175671
295.0,0.15237400732817763
296.0,0.15358190916054132
297.0,0.1548846792531823
298.0,0.15611142343770568
299.0,0.15708830226623435
300.0,0.15771498882613746
301.0,0.15779590245484176
302.0,0.15720402068075062
303.0,0.15620404245160785
304.0,0.1553220917852134
305.0,0.15493217622303487
306.0,0.15511497412895905
307.0,0.15581856364769128
308.0,0.15689387826073425
309.0,0.1581145035028218
310.0,0.1592742777750291
311.0,0.1602686251897773
312.0,0.16111341924850248
313.0,0.1618855618815867
314.0,0.16267733990142486
315.0,0.1635554310018164
316.0,0.16458416781807184
317.0,0.16582370095298257
318.0,0.1672038352640896
319.0,0.16851767286308061
320.0,0.16961376046198764
321.0,0.1704999799532933
322.0,0.17120308983896793
323.0,0.1716888653516044
324.0,0.17197737207300887
325.0,0.1720602769891401
326.0,0.17160021691176097
327.0,0.17019734496780883
328.0,0.1680416464146695
329.0,0.16583518669444397
330.0,0.16409910835929264
331.0,0.16295224971065575
332.0,0.16241978157448117
333.0,0.1624469863486023
334.0,0.16279695268286362
335.0,0.16316409358176137
336.0,0.16335152168674436
337.0,0.16333428900193095
338.0,0.16319159320885548
339.0,0.1630352900611291
340.0,0.16294784165635723
341.0,0.16309912121114203
342.0,0.16376938853326814
343.0,0.16498449533239157
344.0,0.16634813102464868
345.0,0.1673625557191438
346.0,0.16776306927805165
347.0,0.1674322000506389
348.0,0.1663529055533734
349.0,0.16481459345911037
350.0,0.16333964848690036
351.0,0.16236551345037759
352.0,0.16201876151438294
353.0,0.16218203136759995
354.0,0.1626415445600135
355.0,0.1631957387436356
356.0,0.1637820009044501
357.0,0.16451332862680634
358.0,0.16549829237797928
359.0,0.16661350800229738
360.0,0.16747909406298578
361.0,0.16763347171430654
362.0,0.16675017438057615
363.0,0.1647469863039817
364.0,0.16197867169023383
365.0,0.15920143351624594
366.0,0.1574751440401115
367.0,0.15783684814001286
368.0,0.16043097441330031
369.0,0.1642474462045442
370.0,0.1679559362600801
371.0,0.17084813420062767
372.0,0.17265246186796057
373.0,0.17323876659340445
374.0,0.17290818356922794
375.0,0.17231059981261307
376.0,0.17197015213378478
377.0,0.17200463622021633
378.0,0.17236296074970137
379.0,0.1729942956593969
380.0,0.17375140778104298
381.0,0.17451362041735574
382.0,0.17543799244377511
383.0,0.1767774093144155
384.0,0.17844743818197872
385.0,0.18000304693580688
386.0,0.18097802364744836
387.0,0.18106100870399244
388.0,0.18005723644425642
389.0,0.1781470541572227
390.0,0.17601381362343393
391.0,0.17476407804401756
392.0,0.17557492345408113
393.0,0.17884343627163485
394.0,0.18382453569593582
395.0,0.1891849104183644
396.0,0.19391262334879078
397.0,0.19750624847081688
398.0,0.19984680231453344
399.0,0.20116500517831304
400.0,0.20175898623025945
401.0,0.20163859285589086
402.0,0.20047153881469168
403.0,0.19798106264257292
404.0,0.1943191211773404
405.0,0.19014815669665353
406.0,0.1862712230419618
407.0,0.18305716086673535
408.0,0.18036739096405088
409.0,0.17807402245370066
410.0,0.1762928798746764
411.0,0.17519873801569197
412.0,0.17500588047986254
413.0,0.17605861175033338
414.0,0.17841536388421422
415.0,0.18144860380277744
416.0,0.1842542927624437
417.0,0.18634916205191546
418.0,0.18773271034980077
419.0,0.18852841267463727
420.0,0.18890989765120877
421.0,0.18906616869571152
422.0,0.1891261646804563
423.0,0.18912553925259545
424.0,0.18904281283754987
425.0,0.18885359992804274
426.0,0.18849319980882903
427.0,0.18785496185077594
428.0,0.1868377813656948
429.0,0.18543246764443222
430.0,0.18383218296397938
431.0,0.182354301061876
432.0,0.18120294389857136
433.0,0.1803840498452694
434.0,0.1798773256936258
435.0,0.1796873940267996
436.0,0.17971295494931178
437.0,0.17992352809757173
438.0,0.18068832664905887
439.0,0.18235255131049355
440.0,0.18454213121752666
441.0,0.18647970015081483
442.0,0.18781381907261332
443.0,0.18864606511339008
444.0,0.1890582169381931
445.0,0.18910191201396612
446.0,0.18892245626869503
447.0,0.18863237462324334
448.0,0.18819414171590432
449.0,0.18755425252886426
450.0,0.18678322450789284
451.0,0.18598556241596967
452.0,0.18518537642390784
453.0,0.1843172561085204
454.0,0.18330672035696527
455.0,0.1822263468182818
456.0,0.18129243749037163
457.0,0.18062902722127874
458.0,0.18018381307188175
459.0,0.17993023306899136
460.0,0.17993887385224983
461.0,0.18021470201825993
462.0,0.1807743012805971
463.0,0.18193812067233017
464.0,0.1840001968014709
465.0,0.18659817387525204
466.0,0.18891372047403365
467.0,0.1904107983295721
468.0,0.19099849457456014
469.0,0.19068201620158015
470.0,0.18963068825038756
471.0,0.1883017174743881
472.0,0.1871791151192067
473.0,0.18646628017047218
474.0,0.1860848068387569
475.0,0.18587719317273343
476.0,0.1856958581031491
477.0,0.18545173821466654
478.0,0.18506113654993034
479.0,0.18442973918164138
480.0,0.18362793459773638
481.0,0.1829140685985937
482.0,0.18249930047081703
483.0,0.18239616476705695
484.0,0.18254097865007946
485.0,0.18290691720624164
486.0,0.18347647356937818
487.0,0.18425255412577196
488.0,0.1853142073435613
489.0,0.18672833801048172
490.0,0.1883792228913026
491.0,0.19003256696165907
492.0,0.1915652166553221
493.0,0.19300189882561375
494.0,0.19437279664652266
495.0,0.195653503762501
496.0,0.19678580697629755
497.0,0.19768484373322787
498.0,0.19825468723199055
499.0,0.19847921869279062
500.0,0.19846654159506263
501.0,0.19831348557613782
502.0,0.19797287206704556
503.0,0.19731322368844428
504.0,0.19626214752852694
505.0,0.19495110870261956
506.0,0.19372154346288467
507.0,0.19300230844331742
508.0,0.19309830103091036
509.0,0.19402585674082629
510.0,0.19551552279324547
511.0,0.19711850118173793
512.0,0.19854235109000673
513.0,0.20004769606070852
514.0,0.20215007026693727
515.0,0.20476547862088698
516.0,0.20700386845182128
517.0,0.2077438373572152
518.0,0.2063551532414131
519.0,0.2030044091839628
520.0,0.19858170394599084
521.0,0.19419955563047703
522.0,0.19121890904044972
523.0,0.1914901148086281
524.0,0.19569412639702982
525.0,0.20202748386079292
526.0,0.20768405567149614
527.0,0.21117018823064942
528.0,0.21191839326061904
529.0,0.20916095227200823
530.0,0.20332457989191774
531.0,0.19672317767453865
532.0,0.19202196589814466
533.0,0.1904675499403727
534.0,0.19164053926960428
535.0,0.19421252546743775
536.0,0.19676067094950267
537.0,0.19846161330304296
538.0,0.19878792677999882
539.0,0.19746561743506538
540.0,0.19501535148229443
541.0,0.19249287916813204
542.0,0.19060379660553095
543.0,0.1893765515399486
544.0,0.1886857535633708
545.0,0.18847740066707352
546.0,0.1886059339830366
547.0,0.18903627487598856
548.0,0.19014004343858085
549.0,0.1922182269889991
550.0,0.1948621579280302
551.0,0.19719281943112452
552.0,0.19854894305666687
553.0,0.19870061298389222
554.0,0.1976899890599973
555.0,0.19590729587546496
556.0,0.1940004120916547
557.0,0.19259979223408186
558.0,0.19204665033198604
559.0,0.19227418489824388
560.0,0.19296474400713365
561.0,0.19383070770836353
562.0,0.19484041596480628
563.0,0.1961597549018881
564.0,0.19791827729317787
565.0,0.19994276201813022
566.0,0.20176402155370707
567.0,0.20292759860388973
568.0,0.20326286181087655
569.0,0.20288108019918438
570.0,0.2020537396027384
571.0,0.20105880019727201
572.0,0.20006096596275325
573.0,0.19912681338155713
574.0,0.19826700054829266
575.0,0.19750420725520534
576.0,0.19672181970376412
577.0,0.19550567640708716
578.0,0.19350509140637256
579.0,0.19084338710844387
580.0,0.1881040541092504
581.0,0.18600040156350606
582.0,0.18546207239280085
583.0,0.1875430953197457
584.0,0.19222407404230427
585.0,0.1979587106251595
586.0,0.20290958536856568
587.0,0.20623931319841085
588.0,0.20777534844883758
589.0,0.2075096249270853
590.0,0.20596576852907034
591.0,0.20406092024961653
592.0,0.20243897716142328
593.0,0.20113533018704688
594.0,0.19995440648073415
595.0,0.19877462508393123
596.0,0.19748850477587634
597.0,0.19598484659150192
598.0,0.1941393146715235
599.0,0.19194764260559066
600.0,0.189684449765482
601.0,0.1877043046325453
602.0,0.18609592875295244
603.0,0.1847671091496522
604.0,0.18377309871588682
605.0,0.18322991423210888
606.0,0.18308716484568127
607.0,0.18353419669255383
608.0,0.18529927665598456
609.0,0.18860572918718188
610.0,0.19240583615559437
611.0,0.1952893805885869
612.0,0.19664156976390623
613.0,0.19657035894247338
614.0,0.19543146081084856
615.0,0.19382197954852115
616.0,0.19239945952962895
617.0,0.19163382419622227
618.0,0.1916438703942394
619.0,0.19220550943049863
620.0,0.19298887011108976
621.0,0.19383022578688047
622.0,0.19479380656225095
623.0,0.19592741938628452
624.0,0.19715266132985815
625.0,0.1983955438016498
626.0,0.1994167928196029
627.0,0.1994965855073544
628.0,0.198090347498635
629.0,0.19571752733247288
630.0,0.19360253331621619
631.0,0.19261066862196796
632.0,0.19302829649743813
633.0,0.19496050627969558
634.0,0.1980854889707871
635.0,0.20153243744462768
636.0,0.2044434404139728
637.0,0.2065318291851953
638.0,0.20792533139693664
639.0,0.2087453357843768
640.0,0.2091139019404895
641.0,0.20912185940462086
642.0,0.20852278339585595
643.0,0.20685775486040175
644.0,0.20427285591074426
645.0,0.20175097622405458
646.0,0.2004112237704743
647.0,0.2007660134481767
648.0,0.20257995564847608
649.0,0.205095139260082
650.0,0.20743767115406567
651.0,0.2089258694698905
652.0,0.2089500298866951
653.0,0.20733793096880854
654.0,0.20478273510524553
655.0,0.20263418928422303
656.0,0.20227077813748556
657.0,0.20430801902285384
658.0,0.20832987013455279
659.0,0.2132506469107392
660.0,0.21807874308086167
661.0,0.22182774025474905
662.0,0.22328495346572524
663.0,0.22221541073246012
664.0,0.2199947697814266
665.0,0.21826301538779952
666.0,0.21747540328665219
667.0,0.21736992488020673
668.0,0.2178047523150552
669.0,0.2186353949182888
670.0,0.21957442890083848
671.0,0.22014377449953734
672.0,0.21992766699649322
673.0,0.21910508988316676
674.0,0.21844691378800682
675.0,0.21869988300507964
676.0,0.22023455168111367
677.0,0.2233752284862697
678.0,0.22812314334925565
679.0,0.23346643945146
680.0,0.23805699087060908
681.0,0.2415869958903355
682.0,0.2446110774209147
683.0,0.24726023798246524
684.0,0.24894949022087048
685.0,0.2489162569906473
686.0,0.24658787374929342
687.0,0.24172418458242678
688.0,0.23487186210688
689.0,0.22739277599950136
690.0,0.2209367286560502
691.0,0.21668948473176888
692.0,0.21470146320882366
693.0,0.21399730380507978
694.0,0.21341621024546586
695.0,0.2124060483776432
696.0,0.21060683757690013
697.0,0.20760171698922897
698.0,0.20362183072387618
699.0,0.19962879707840178
700.0,0.19654499976097511
701.0,0.19464507434196077
702.0,0.19369436461110326
703.0,0.19324196530518595
704.0,0.19281345010139478
705.0,0.19207401987924938
706.0,0.19077733547351367
707.0,0.1888892967074847
708.0,0.18673676112116833
709.0,0.18479010515356742
710.0,0.18329909240089626
711.0,0.18226014469781832
712.0,0.181652483061845
713.0,0.18141613890251146
714.0,0.1813721461475828
715.0,0.18161435965131797
716.0,0.18274434720331467
717.0,0.18500856112567446
718.0,0.18763416294291924
719.0,0.18949681943115504
720.0,0.19003762643125147
721.0,0.18930174704478228
722.0,0.18763009096282499
723.0,0.18558009134689293
724.0,0.18373837314224822
725.0,0.18266092627346658
726.0,0.18267362096477582
727.0,0.18354279882461103
728.0,0.1845390195806939
729.0,0.1848170317305598
730.0,0.18387207176820114
731.0,0.18167148572877073
732.0,0.17862581136854447
733.0,0.17537383116857996
734.0,0.17277252853943129
735.0,0.1721141185853176
736.0,0.17410306885290516
737.0,0.1777386907300965
738.0,0.18112190225934652
739.0,0.18317253934750952
740.0,0.18383909249529107
741.0,0.1832610951287803
742.0,0.18178362665585912
743.0,0.1800581656797689
744.0,0.17859421210768614
745.0,0.17740776552444507
746.0,0.17634774742778503
747.0,0.17551427209052084
748.0,0.17512536466844986
749.0,0.17531517562961943
750.0,0.17618351646814154
751.0,0.17777854511005814
752.0,0.1798505637745819
753.0,0.18191266877274387
754.0,0.18366807031419063
755.0,0.18517108978317734
756.0,0.18649691206557317
757.0,0.18760947708219566
758.0,0.1885824634167892
759.0,0.18958749666385277
760.0,0.19068503405137327
761.0,0.19175239948541264
762.0,0.19261506724085078
763.0,0.19275709486679948
764.0,0.19096267490658864
765.0,0.18650863610185958
766.0,0.18044003947142132
767.0,0.17474326771353946
768.0,0.1706320475530071
769.0,0.1686505160354091
770.0,0.1694627194415855
771.0,0.17281212665626502
772.0,0.17692216907836802
773.0,0.17972043739616692
774.0,0.18028170639632413
775.0,0.17895816320975322
776.0,0.17670683857821146
777.0,0.17454564248047674
778.0,0.17304636407624968
779.0,0.17241610881958203
780.0,0.17264649752219327
781.0,0.17343308532110657
782.0,0.17428823729388315
783.0,0.17469932042706354
784.0,0.17440256207528598
785.0,0.17356720777117565
786.0,0.17264256694094707
787.0,0.17197388049641488
788.0,0.17174321099547774
789.0,0.17226697228781804
790.0,0.17367103303910109
791.0,0.17539386180880645
792.0,0.17670456740548918
793.0,0.17754944083488083
794.0,0.1782809861868888
795.0,0.17889812224006735
796.0,0.17897878904505882
797.0,0.17800690064277486
798.0,0.17547734670536513
799.0,0.17103013298342556
800.0,0.1651248044415538
801.0,0.1591654017289594
802.0,0.15477078310440373
803.0,0.15286626188382796
804.0,0.1533342174681026
805.0,0.155325476967548
806.0,0.15784900827028753
807.0,0.160414270549673
808.0,0.16316204507986187
809.0,0.1664345510478074
810.0,0.17001303058693018
811.0,0.17305534141897444
812.0,0.1748620294580686
813.0,0.17532795244744726
814.0,0.17474421640688806
815.0,0.17350347126332738
816.0,0.1718761977504181
817.0,0.16988288195251683
818.0,0.16736714278253073
819.0,0.16431616952175937
820.0,0.16112432354911643
821.0,0.1584347633108345
822.0,0.15676373395686394
823.0,0.15621002868882444
824.0,0.15646293942382597
825.0,0.15704670020446698
826.0,0.15764621857416153
827.0,0.15812876144668078
828.0,0.15844298716042265
829.0,0.15862499055978152
830.0,0.1587677038842089
831.0,0.1590091631417836
832.0,0.1594672238295888
833.0,0.1601373515553054
834.0,0.16088101902273771
835.0,0.16152254012105322
836.0,0.161936210682373
837.0,0.16201936350325757
838.0,0.16173921400232544
839.0,0.16123256284534446
840.0,0.1607474016960379
841.0,0.160482691693224
842.0,0.16048802537754797
843.0,0.1606994223439253
844.0,0.16099541631797734
845.0,0.16125764644713445
846.0,0.16138616556415997
847.0,0.1612753471304747
848.0,0.1608825478182429
849.0,0.16028931961294454
850.0,0.1600029749366052
851.0,0.16098040714330608
852.0,0.16362120234404703
853.0,0.1670925694872994
854.0,0.16998155232813525
855.0,0.17123939085241646
856.0,0.1698404897326527
857.0,0.16483577116068193
858.0,0.15700297768983767
859.0,0.1491156240068446
860.0,0.1443071825868814
861.0,0.14413838006470256
862.0,0.1479425115342884
863.0,0.15357298715186501
864.0,0.15892919658231028
865.0,0.16300737075846544
866.0,0.16540112882531194
867.0,0.16611567650278905
868.0,0.1657738470862108
869.0,0.1650351960714646
870.0,0.16378660641833637
871.0,0.16155718531742885
872.0,0.1585881465238867
873.0,0.15568295051886233
874.0,0.15335242130762844
875.0,0.1517605162400314
876.0,0.15109589722660188
877.0,0.151314315755364
878.0,0.15194383029010264
879.0,0.15277521551754664
880.0,0.15434014860984868
881.0,0.1569831648624588
882.0,0.16008708325255488
883.0,0.16264311760597888
884.0,0.16402221148074267
885.0,0.16393890275508288
886.0,0.16236547764170733
887.0,0.1598039881918718
888.0,0.15711352871481948
889.0,0.15498051647775574
890.0,0.15357356357883023
891.0,0.15271419643107914
892.0,0.15214901813250276
893.0,0.15169048535599455
894.0,0.15128894799599932
895.0,0.15095190435512307
896.0,0.15068504656456488
897.0,0.15047905373117285
898.0,0.1503352898345928
899.0,0.15030675583138509
900.0,0.1504433537840167
901.0,0.15071613189661517
902.0,0.15100163172349124
903.0,0.15113463009964523
904.0,0.15100637703421607
905.0,0.15062787199378047
906.0,0.15013803077862484
907.0,0.14975930034780305
908.0,0.14996518236695539
909.0,0.15138304830465962
910.0,0.1540374718768928
911.0,0.15706665815016818
912.0,0.15938287556339956
913.0,0.16037650616755117
914.0,0.15983253729716618
915.0,0.15784158039140364
916.0,0.15500099750239382
917.0,0.15234264810148648
918.0,0.15120895323210054
919.0,0.1524298348017863
920.0,0.1553456524733114
921.0,0.15827462279083965
922.0,0.1600478120622068
923.0,0.16052805790746977
924.0,0.15983071144740374
925.0,0.1581383399970694
926.0,0.1559080833182383
927.0,0.15358197236881407
928.0,0.15121808979917956
929.0,0.14868686636071554
930.0,0.14608025012514295
931.0,0.14357087827787046
932.0,0.14113767017401374
933.0,0.13869510315251238
934.0,0.1362941501050392
935.0,0.13407596204408218
936.0,0.132176293372987
937.0,0.1308130405742725
938.0,0.13023999411977244
939.0,0.1303630097308355
940.0,0.13073444650069563
941.0,0.13118634813649838
942.0,0.1320305457874586
943.0,0.13343124474731283
944.0,0.1350475817747407
945.0,0.13632400141486667
946.0,0.13666330134870877
947.0,0.1352294944359318
948.0,0.13158045505260704
949.0,0.1265803373564437
950.0,0.12214148729479675
951.0,0.1201206962074124
952.0,0.12122049101248578
953.0,0.12476329088314436
954.0,0.12924212314663241
955.0,0.13334241973899963
956.0,0.13632376739800417
957.0,0.13780480789681515
958.0,0.13793203381830255
959.0,0.1373240864219026
960.0,0.13667196280588917
961.0,0.1363153127940879
962.0,0.13620727305454772
963.0,0.13613134604997518
964.0,0.1358333038924391
965.0,0.13512100529827845
966.0,0.1337170163141279
967.0,0.13134396689110062
968.0,0.12825882213044015
969.0,0.1252868157405208
970.0,0.12322556569268349
971.0,0.12232956127194937
972.0,0.1223212664987161
973.0,0.12270512630467802
974.0,0.12314707321973775
975.0,0.12361161699081154
976.0,0.12412844946232947
977.0,0.12465437400311256
978.0,0.12510490111468953
979.0,0.12518193064351738
980.0,0.12421077204497755
981.0,0.12182263642377861
982.0,0.118645430899037
983.0,0.11586585780418258
984.0,0.11429330377204126
985.0,0.1142009311206924
986.0,0.11562614950216539
987.0,0.118152740101867
988.0,0.12091247078671075
989.0,0.12298747965547613
990.0,0.12387696912013213
991.0,0.12373951350108556
992.0,0.1231844458847991
993.0,0.122802816954339
994.0,0.12278642943807294
995.0,0.12308447888905835
996.0,0.12359667503087926
997.0,0.12413512582886177
998.0,0.12443351314294235
999.0,0.12413709993626326
1000.0,0.123038390964476
1001.0,0.12139224158635942
1002.0,0.11991873591318497
1003.0,0.1195287449971714
1004.0,0.12074792276590607
1005.0,0.12333846910715565
1006.0,0.12648304531778382
1007.0,0.12938719000470178
1008.0,0.13149436497594724
1009.0,0.13234244845849963
1010.0,0.13191823886997198
1011.0,0.1308552168188701
1012.0,0.1298940290826355
1013.0,0.12925193936742033
1014.0,0.1287822165410929
1015.0,0.128414178867373
1016.0,0.12813990243976248
1017.0,0.12792931604294444
1018.0,0.12775445442034522
1019.0,0.12761220066768628
1020.0,0.1275036903738144
1021.0,0.12744483545271162
1022.0,0.12756579806484902
1023.0,0.12805129787470054
1024.0,0.12890028354890812
1025.0,0.1298490947355064
1026.0,0.13052757328034179
1027.0,0.13066872691259476
1028.0,0.13018959252276083
1029.0,0.1292387484409466
1030.0,0.12814224279267347
1031.0,0.12741697593707219
1032.0,0.12784071248987558
1033.0,0.12979719565113595
1034.0,0.13262546958956747
1035.0,0.1350936898969641
1036.0,0.1364101326492692
1037.0,0.13639795803358906
1038.0,0.13507393505221024
1039.0,0.1328412898921538
1040.0,0.13053146453356343
1041.0,0.12845326272181012
1042.0,0.12587188110943995
1043.0,0.12233681047762271
1044.0,0.11878905529733058
1045.0,0.11697758618532966
1046.0,0.11824217342618909
1047.0,0.1227099936153164
1048.0,0.1292061423430049
1049.0,0.13576253513981568
1050.0,0.14053672977848966
1051.0,0.1421216923451624
1052.0,0.1401506139829601
1053.0,0.135957738685783
1054.0,0.13196027545079436
1055.0,0.1303341812244162
1056.0,0.13184281503119627
1057.0,0.1357881769898713
1058.0,0.14077139757817442
1059.0,0.14575953950155005
1060.0,0.15052660210406202
1061.0,0.15524596469584867
1062.0,0.16000754614047893
1063.0,0.16449407381713343
1064.0,0.1673696836536111
1065.0,0.1662905243626701
1066.0,0.16038779621322924
1067.0,0.15195704934451007
1068.0,0.1444137731344522
1069.0,0.13946174942490475
1070.0,0.13737476732009055
1071.0,0.13811515579418698
1072.0,0.14074408281325437
1073.0,0.14354006942588488
1074.0,0.14526936201290297
1075.0,0.1459201757601069
1076.0,0.14595611314308188
1077.0,0.1454971766894724
1078.0,0.14430122742743806
1079.0,0.1420308495515912
1080.0,0.13865747890787086
1081.0,0.13458847480819658
1082.0,0.13040059188232264
1083.0,0.12655000028099872
1084.0,0.12328621238982121
1085.0,0.12061037420767876
1086.0,0.11836574797528601
1087.0,0.11620483657948388
1088.0,0.11353503936423512
1089.0,0.11001422008525513
1090.0,0.10600153528274528
1091.0,0.1022785322549935
1092.0,0.09942993102566305
1093.0,0.0979529046072306
1094.0,0.098481828370583
1095.0,0.10086938925737621
1096.0,0.10371018843053711
1097.0,0.10510957241418234
1098.0,0.10387320863887739
1099.0,0.10025462954064326
1100.0,0.09568788027337471
1101.0,0.09172590572898168
1102.0,0.08907769680225969
1103.0,0.08787047394157838
1104.0,0.08796630627873647
1105.0,0.08877667230306191
1106.0,0.08949330102151526
1107.0,0.08953023037959731
1108.0,0.08881956802652496
1109.0,0.08773047908688159
1110.0,0.08665263754553615
1111.0,0.08554426359157882
1112.0,0.08411238134656263
1113.0,0.0824165600664466
1114.0,0.08095470042134367
1115.0,0.08028086806735021
1116.0,0.08106474868411662
1117.0,0.08427580297441639
1118.0,0.09006203315926864
1119.0,0.09690305874443716
1120.0,0.10218855684660105
1121.0,0.10364712239211019
1122.0,0.10092248696412467
1123.0,0.09582148785958233
1124.0,0.09093361585836876
1125.0,0.08791677215847576
1126.0,0.08774308400453765
1127.0,0.09097111395872284
1128.0,0.09656355950588089
1129.0,0.10186226686422517
1130.0,0.10373552400589325
1131.0,0.10045137409240629
1132.0,0.09311098196911496
1133.0,0.08479512116110316
1134.0,0.0779102910200967
1135.0,0.07287713047265201
1136.0,0.06946169603602556
1137.0,0.0674905976879161
1138.0,0.06655702002372291
1139.0,0.06625534806249303
1140.0,0.06658991152180019
1141.0,0.0676954271738795
1142.0,0.06923750445703658
1143.0,0.07091294263647457
1144.0,0.07323439928155856
1145.0,0.07674318690252285
1146.0,0.0809348748133879
1147.0,0.0845770453583321
1148.0,0.08661339409769242
1149.0,0.0859953583831525
1150.0,0.08161393764400654
1151.0,0.07396726767934919
1152.0,0.06581642021321388
1153.0,0.06111198756277861
1154.0,0.06272945949371517
1155.0,0.07010651332417894
1156.0,0.07953779039526651
1157.0,0.08734426186688543
1158.0,0.09225880834569297
1159.0,0.09424728622913081
1160.0,0.09358016222678606
1161.0,0.09131567409311747
1162.0,0.08884495461763559
1163.0,0.08694356094754624
1164.0,0.08552877927177963
1165.0,0.08432980383601146
1166.0,0.08310517889199634
1167.0,0.08139295157263121
1168.0,0.07883117455204508
1169.0,0.07558602828071737
1170.0,0.07233221264526618
1171.0,0.06985517418313117
1172.0,0.06879829810902308
1173.0,0.0695741214094493
1174.0,0.0718985986803381
1175.0,0.07468459887906059
1176.0,0.07626940474815785
1177.0,0.07511796275329136
1178.0,0.07110878226425801
1179.0,0.06583343821851731
1180.0,0.061441489275593286
1181.0,0.059250736203206394
1182.0,0.05974318644712587
1183.0,0.06276372700990573
1184.0,0.06721863555487612
1185.0,0.07135703883732944
1186.0,0.07318549549677691
1187.0,0.071608971741494
1188.0,0.06766219622595274
1189.0,0.06368575720318462
1190.0,0.06097460012906772
1191.0,0.059204475413155405
1192.0,0.058045474278774156
1193.0,0.05777254442037888
1194.0,0.05872043580150277
1195.0,0.061455356395824806
1196.0,0.06719812037045264
1197.0,0.07622997960748717
1198.0,0.08638275716868493
1199.0,0.09425184595047811
1200.0,0.09752667997332382
1201.0,0.09620521489856104
1202.0,0.09208803487446782
1203.0,0.08736483725434802
1204.0,0.08311615760067612
1205.0,0.0794707727268538
1206.0,0.07637138126532977
1207.0,0.07366006487178695
1208.0,0.07116040374014729
1209.0,0.06864696461516537
1210.0,0.06592857241042152
1211.0,0.06308363781488674
1212.0,0.06051814366116759
1213.0,0.05883647720647012
1214.0,0.05847637627732433
1215.0,0.059362544751431656
1216.0,0.06096620467526925
1217.0,0.06272801033234238
1218.0,0.06442814751823031
1219.0,0.06623366092835961
1220.0,0.06832451966102496
1221.0,0.07041417299811281
1222.0,0.07171942003537335
1223.0,0.07133230105979993
1224.0,0.06900263950617311
1225.0,0.065560828630509
1226.0,0.062004742892276754
1227.0,0.05835598883110399
1228.0,0.05413915605540595
1229.0,0.04939419171631035
1230.0,0.04484874641615244
1231.0,0.04163363494292266
1232.0,0.041566632800284276
1233.0,0.04658885504745536
1234.0,0.056231623947917864
1235.0,0.06699383250213464
1236.0,0.07487511672104191
1237.0,0.07804508567718282
1238.0,0.07703281517697019
1239.0,0.07370616098719357
1240.0,0.07017876669607165
1241.0,0.06772891690882094
1242.0,0.06683950032142633
1243.0,0.06735686933551549
1244.0,0.06861470948005766
1245.0,0.07010874875448553
1246.0,0.07218159273132779
1247.0,0.07543145236769216
1248.0,0.07947832325783166
1249.0,0.082811872854676
1250.0,0.08362357701482576
1251.0,0.08096495246465635
1252.0,0.07530121661746164
1253.0,0.06828993530812505
1254.0,0.06182522983037225
1255.0,0.05764899125468048
1256.0,0.05713936087170218
1257.0,0.05999836937409003
1258.0,0.06403051381968677
1259.0,0.06692862894626062
1260.0,0.0680059072821349
1261.0,0.06776213164125566
1262.0,0.06677265095979279
1263.0,0.06532881501368726
1264.0,0.06332939052851527
1265.0,0.060552609605912244
1266.0,0.05704716708942564
1267.0,0.053332522123189396
1268.0,0.05039102548016444
1269.0,0.049601823740207884
1270.0,0.05180413147914159
1271.0,0.05614829703110036
1272.0,0.060521994992314476
1273.0,0.06315041728742843
1274.0,0.06354758199815619
1275.0,0.06216574366415972
1276.0,0.06006917638238546
1277.0,0.05855138432743218
1278.0,0.058624688214848786
1279.0,0.06078487506652741
1280.0,0.06457295104273592
1281.0,0.06863693478367111
1282.0,0.07115208477055929
1283.0,0.0705578562521581
1284.0,0.06674125110475321
1285.0,0.06128979918388999
1286.0,0.05663979830084748
1287.0,0.05464915645325302
1288.0,0.05583632044147374
1289.0,0.05939021764566982
1290.0,0.06355941746418431
1291.0,0.06648566090023333
1292.0,0.06636689109798488
1293.0,0.062246266634143066
1294.0,0.055297214056405086
1295.0,0.04841311047118968
1296.0,0.044460497554453915
1297.0,0.044541916139224313
1298.0,0.04767379612855288
1299.0,0.051841825070657044
1300.0,0.055690467873946214
1301.0,0.059022977297430945
1302.0,0.061857314170375266
1303.0,0.06411359902948327
1304.0,0.06579885139876501
1305.0,0.06640534407774235
1306.0,0.06442828882870194
1307.0,0.05922236080661286
1308.0,0.052622168054931695
1309.0,0.0469707735112162
1310.0,0.042596836948714356
1311.0,0.03877812663104491
1312.0,0.035567566146369245
1313.0,0.033601392531217245
1314.0,0.03346061144964685
1315.0,0.035689284022090484
1316.0,0.04059825650753468
1317.0,0.04736564292806794
1318.0,0.054254383699227415
1319.0,0.06028715146638075
1320.0,0.06586013152636438
1321.0,0.07134975636418084
1322.0,0.07615022830192436
1323.0,0.07898286690489742
1324.0,0.07882898395574417
1325.0,0.07581643892213885
1326.0,0.07125154934398797
1327.0,0.06676180538005577
1328.0,0.06352777286979766
1329.0,0.06214413891162157
1330.0,0.06243244493011246
1331.0,0.06358670322513871
1332.0,0.06464229155543244
1333.0,0.06496034343435503
1334.0,0.06449901332164759
1335.0,0.06365665693821915
1336.0,0.06302086598925111
1337.0,0.06304473402559119
1338.0,0.06387999148914364
1339.0,0.0654097179599053
1340.0,0.06728101746450027
1341.0,0.06906174807809401
1342.0,0.0703111250282496
1343.0,0.07073290513873598
1344.0,0.07045761568687853
1345.0,0.07004270432569903
1346.0,0.07023614535825334
1347.0,0.07150806501605567
1348.0,0.07365565012706599
1349.0,0.07594182861610188
1350.0,0.07769667338627195
1351.0,0.0786642586604579
1352.0,0.0787572057488754
1353.0,0.07803380771710244
1354.0,0.07689301605193055
1355.0,0.07552946197139221
1356.0,0.07318161307620957
1357.0,0.06913826938243361
1358.0,0.06424197311815699
1359.0,0.06061872002179758
1360.0,0.06025959262320285
1361.0,0.06366426261888075
1362.0,0.06956418200143916
1363.0,0.07578039406472759
1364.0,0.0806293412993987
1365.0,0.08332277126733612
1366.0,0.08375035056105834
1367.0,0.0826607604473587
1368.0,0.08129274514034057
1369.0,0.08059483937390233
1370.0,0.08071152562565609
1371.0,0.08129349559688931
1372.0,0.082081137327565
1373.0,0.08320785229405808
1374.0,0.08506557635568657
1375.0,0.08768670417226199
1376.0,0.090504621125165
1377.0,0.0927267346890136
1378.0,0.09374319874463588
1379.0,0.09320015414785904
1380.0,0.09126721021177142
1381.0,0.08883445656810757
1382.0,0.08708308468871367
1383.0,0.08683654696537729
1384.0,0.088103012564903
1385.0,0.09018173743325991
1386.0,0.09255794711465049
1387.0,0.09573711825800824
1388.0,0.10033834411877018
1389.0,0.10584129358866706
1390.0,0.11085298256226794
1391.0,0.11406869670968389
1392.0,0.11427096623851268
1393.0,0.11039130680025111
1394.0,0.10300837061771578
1395.0,0.09486474185216281
1396.0,0.09016202285574598
1397.0,0.09226992359322606
1398.0,0.10057301954281189
1399.0,0.11032117052871543
1400.0,0.11587514151602268
1401.0,0.11432324906549535
1402.0,0.10616128036901568
1403.0,0.09443709667512995
1404.0,0.08323089370299586
1405.0,0.07594838824611955
1406.0,0.0752107051400625
1407.0,0.08147935437638515
1408.0,0.09177498296500869
1409.0,0.10152719409284933
1410.0,0.10779877393834086
1411.0,0.11053315131773461
1412.0,0.11118679421499378
1413.0,0.11197258419151851
1414.0,0.11528046598676606
1415.0,0.12222622124474253
1416.0,0.13194426022546651
1417.0,0.14175127578851227
1418.0,0.14841881492228964
1419.0,0.1491414404956673
1420.0,0.1424282937203723
1421.0,0.13011397678063147
1422.0,0.1170858426002272
1423.0,0.10851262684468477
1424.0,0.10681308021373587
1425.0,0.11086334094046901
1426.0,0.11732940062187619
1427.0,0.12253433419927778
1428.0,0.12448729442296819
1429.0,0.1231681981574802
1430.0,0.12004106152754418
1431.0,0.11735338540791268
1432.0,0.11706165924702044
1433.0,0.12046923613573485
1434.0,0.12743494618178458
1435.0,0.1359410092883218
1436.0,0.14300981784488692
1437.0,0.14614661411089497
1438.0,0.14485773709271582
1439.0,0.14087389367709852
1440.0,0.13656062431676835
1441.0,0.13287748110500913
1442.0,0.12961378560868336
1443.0,0.12682058151522485
1444.0,0.12503898594016521
1445.0,0.12499190404521493
1446.0,0.12760276880609372
1447.0,0.1337182825410395
1448.0,0.14262224629579717
1449.0,0.15173999838599
1450.0,0.15847712428636956
1451.0,0.16196736289434072
1452.0,0.16297130875897797
1453.0,0.16268408456338007
1454.0,0.16142103740935293
1455.0,0.1584492622319525
1456.0,0.1535772941438998
1457.0,0.14791632258984672
1458.0,0.14304425760063594
1459.0,0.14036475119950992
1460.0,0.14130376168140707
1461.0,0.14631854674125783
1462.0,0.1537153610609639
1463.0,0.16007352008877346
1464.0,0.16176205188029774
1465.0,0.1575761716554906
1466.0,0.15001641645303715
1467.0,0.14365842282526226
1468.0,0.14204318221753148
1469.0,0.1459620950793164
1470.0,0.15391511520712914
1471.0,0.16287032238667526
1472.0,0.16974078902476547
1473.0,0.17210812881539345
1474.0,0.1686584687190405
1475.0,0.1607676225070616
1476.0,0.15237183280531102
1477.0,0.14828184874086875
1478.0,0.15147017511244482
1479.0,0.1606959664539967
1480.0,0.1713340667271293
1481.0,0.17911384232321598
1482.0,0.1828802120197806
1483.0,0.1834243861931119
1484.0,0.18193698864666324
1485.0,0.17956310332111386
1486.0,0.17692280615719763
1487.0,0.17412453254758514
1488.0,0.17114854589673784
1489.0,0.16833261828986695
1490.0,0.1663795279950116
1491.0,0.16595800877588623
1492.0,0.16719728836053588
1493.0,0.16951064217703976
1494.0,0.17189884382804604
1495.0,0.1735154156428807
1496.0,0.17413104416451813
1497.0,0.17414814059029476
1498.0,0.1743115325214784
1499.0,0.17522944298427084
1500.0,0.17717294867029537
1501.0,0.18011293659504107
1502.0,0.18373869518786373
1503.0,0.1876830251114922
1504.0,0.19190788424626076
1505.0,0.1967074935118383
1506.0,0.20199559146292073
1507.0,0.20703308090099487
1508.0,0.21104468312621943
1509.0,0.21377483951973625
1510.0,0.21550440809989418
1511.0,0.21659539199296168
1512.0,0.2168248724663388
1513.0,0.21553951416346068
1514.0,0.21252225952290443
1515.0,0.20857193499476795
1516.0,0.20536112174300453
1517.0,0.2048766255820385
1518.0,0.20888912888051608
1519.0,0.21746214735754915
1520.0,0.22815093080804988
1521.0,0.23804843431586492
1522.0,0.24644905487638608
1523.0,0.25410176453444705
1524.0,0.2609428488349422
1525.0,0.2656348052839063
1526.0,0.26633150402879374
1527.0,0.26213544399927985
1528.0,0.25397775221447566
1529.0,0.2444069120621471
1530.0,0.2363378342946834
1531.0,0.23214634192742883
1532.0,0.23280840968049282
1533.0,0.23708554831058942
1534.0,0.24220281581617992
1535.0,0.24532923787733502
1536.0,0.2452238480545877
1537.0,0.242710856752477
1538.0,0.2399872670856879
1539.0,0.23943945946942574
1540.0,0.2422549085391728
1541.0,0.24803853166736173
1542.0,0.25519027132143873
1543.0,0.26184320223704155
1544.0,0.2666080842376633
1545.0,0.26856679842570913
1546.0,0.26791703735855227
1547.0,0.2663030635610379
1548.0,0.26529706769607536
1549.0,0.26471614935995796
1550.0,0.26364635244548
1551.0,0.2623704022267152
1552.0,0.26286818367016057
1553.0,0.2678475662195277
1554.0,0.27816216959940593
1555.0,0.29145553635049143
1556.0,0.3034903942903589
1557.0,0.31070254012665993
1558.0,0.3112696527777153
1559.0,0.3054732389730794
1560.0,0.2961014048700988
1561.0,0.2874756866548058
1562.0,0.28467832460906933
1563.0,0.29084199194823795
1564.0,0.3037169985525571
1565.0,0.3167178864776025
1566.0,0.32371961558869217
1567.0,0.32291595979440896
1568.0,0.3164626481878173
1569.0,0.30891051043501366
1570.0,0.30537534601805877
1571.0,0.30884193973188817
1572.0,0.3190917938255922
1573.0,0.3326504357265582
1574.0,0.34441347614490275
1575.0,0.3491214363764585
1576.0,0.34231175125356256
1577.0,0.32466598972091293
1578.0,0.30362740934696425
1579.0,0.2882586795428144
1580.0,0.2828367287565539
1581.0,0.28577507752919723
1582.0,0.2928289615575516
1583.0,0.3007608176231095
1584.0,0.30961534653811346
1585.0,0.32026467492794336
1586.0,0.3318031140972642
1587.0,0.34209331961488426
1588.0,0.34902913072588965
1589.0,0.35113801106093506
1590.0,0.34847554815254206
1591.0,0.3435739386175722
1592.0,0.34055183551452767
1593.0,0.34331436414674027
1594.0,0.3530617474859599
1595.0,0.36702503300739026
1596.0,0.3804504144513328
1597.0,0.3902501289058002
1598.0,0.3959765427542388
1599.0,0.39786946850976807
