0.0,0.0
1.0,0.0
2.0,0.0
3.0,0.0
4.0,0.0
5.0,0.0
6.0,0.0
7.0,0.0
8.0,0.0
9.0,0.0
10.0,0.0
11.0,0.0
12.0,0.0
13.0,0.0
14.0,0.0
15.0,0.0
16.0,0.0
17.0,0.0
18.0,0.0
19.0,0.0
20.0,0.0
21.0,0.0
22.0,0.0
23.0,0.0
24.0,0.0
25.0,0.0
26.0,0.0
27.0,0.0
28.0,0.0
29.0,0.0
30.0,0.0
31.0,0.0
32.0,0.0
33.0,0.0
34.0,0.0
35.0,0.0
36.0,0.0
37.0,0.0
38.0,0.0
39.0,0.0
40.0,0.0
41.0,0.0
42.0,0.0
43.0,0.0
44.0,0.0
45.0,0.0
46.0,0.0
47.0,0.0
48.0,0.0
49.0,0.0
50.0,0.0
51.0,0.0
52.0,0.0
53.0,0.0
54.0,0.0
55.0,0.0
56.0,0.0
57.0,0.0
58.0,0.0
59.0,0.0
60.0,0.0
61.0,0.0
62.0,0.0
63.0,0.0
64.0,0.0
65.0,0.0
66.0,0.0
67.0,0.0
68.0,0.0
69.0,0.0
70.0,0.0
71.0,0.0
72.0,0.0
73.0,0.0
74.0,0.0
75.0,0.0
76.0,0.0
77.0,0.0
78.0,0.0
79.0,0.0
80.0,0.0
81.0,0.0
82.0,0.0
83.0,0.0
84.0,0.0
85.0,0.0
86.0,0.0
87.0,0.0
88.0,0.0
89.0,0.0
90.0,0.0
91.0,0.0
92.0,0.0
93.0,0.0
94.0,0.0
95.0,0.0
96.0,0.0
97.0,0.0
98.0,0.0
99.0,0.0
100.0,0.0
101.0,0.0
102.0,0.0
103.0,0.0
104.0,0.0
105.0,0.0
106.0,0.0
107.0,0.0
108.0,0.0
109.0,0.0
110.0,0.0
111.0,0.0
112.0,0.0
113.0,0.0
114.0,0.0
115.0,0.0
116.0,0.0
117.0,0.0
118.0,0.0
119.0,0.0
120.0,0.0
121.0,0.0
122.0,0.1922844517395128
123.0,0.19463892536341834
124.0,0.1964355868333211
125.0,0.19777809566735613
126.0,0.19824131960576252
127.0,0.19782750730955662
128.0,0.1969419320913956
129.0,0.19601096435844143
130.0,0.195128980128467
131.0,0.1942282484284214
132.0,0.19333022795342025
133.0,0.19256208880741035
134.0,0.19210684452847898
135.0,0.1921591611068881
136.0,0.19278137208309576
137.0,0.19368374835749763
138.0,0.19441938087586977
139.0,0.19493054970135773
140.0,0.19549291386998516
141.0,0.19606619335987327
142.0,0.19609739003656154
143.0,0.1948660050099679
144.0,0.19195027139322685
145.0,0.1874567838440569
146.0,0.18202593823463928
147.0,0.17653900410466367
148.0,0.17167264603335833
149.0,0.1676363948246754
150.0,0.16420331372272948
151.0,0.1610249754738097
152.0,0.1576946332309857
153.0,0.15380222529261806
154.0,0.14930457556530907
155.0,0.14464915548031404
156.0,0.1403795568588874
157.0,0.13670905309681974
158.0,0.1335895382730391
159.0,0.13091629647138028
160.0,0.12856495045499805
161.0,0.12644345195067455
162.0,0.12451990245043984
163.0,0.1228000252330751
164.0,0.12125289299765621
165.0,0.1198426838756427
166.0,0.11869263036286357
167.0,0.11797195593540752
168.0,0.11757895573974464
169.0,0.11714560446614344
170.0,0.11633165877556101
171.0,0.11502959227171916
172.0,0.1133441418249217
173.0,0.11152880214046379
174.0,0.10987464296867627
175.0,0.10856327821534942
176.0,0.10760584909511176
177.0,0.10685287093036017
178.0,0.10609603097616033
179.0,0.10507187451360933
180.0,0.10349667182391631
181.0,0.10135094485295351
182.0,0.09900330966359921
183.0,0.09703365687222881
184.0,0.09588069370164604
185.0,0.09553912652944119
186.0,0.09554780839661717
187.0,0.09523263302672624
188.0,0.09409802520949326
189.0,0.09202468805876407
190.0,0.08927320287354407
191.0,0.08632466800940289
192.0,0.08365185383248103
193.0,0.08168083359119507
194.0,0.08057630884951511
195.0,0.08002427839931378
196.0,0.07935403190425924
197.0,0.0778703850242409
198.0,0.07532284440526221
199.0,0.07210184600322286
200.0,0.06899222055866985
201.0,0.06667080439727421
202.0,0.06535885942258368
203.0,0.06485024256326283
204.0,0.06467225088457745
205.0,0.06437280932246733
206.0,0.06364453090762912
207.0,0.062329354008640314
208.0,0.060551665784283226
209.0,0.058683054462194933
210.0,0.05713842812550132
211.0,0.056136767100234936
212.0,0.05560401730992226
213.0,0.05525940671492416
214.0,0.05475881111732522
215.0,0.053899068681672685
216.0,0.05273068733449557
217.0,0.05150450600967854
218.0,0.05049990153084721
219.0,0.04987259906234123
220.0,0.049674863966439886
221.0,0.04986809817714752
222.0,0.05031447485039611
223.0,0.05088587894403521
224.0,0.05159878852645211
225.0,0.05252862759614946
226.0,0.05360021165046899
227.0,0.054648815611921586
228.0,0.05562648158136846
229.0,0.056586585095545816
230.0,0.05754579661647685
231.0,0.058434795806893675
232.0,0.05913103240629178
233.0,0.059571620301376194
234.0,0.05983065822337541
235.0,0.06007973179078133
236.0,0.06048675830222355
237.0,0.061196545176281786
238.0,0.06229841694544816
239.0,0.06368786035560889
240.0,0.06507568895713178
241.0,0.06617098970742943
242.0,0.06686448748313292
243.0,0.06724415861269509
244.0,0.067549680437959
245.0,0.06818147099895228
246.0,0.06945462735128
247.0,0.07124804718009456
248.0,0.07306928175841843
249.0,0.07449512113007764
250.0,0.07538731016838404
251.0,0.07573524787727443
252.0,0.0755431380735336
253.0,0.0747911044917211
254.0,0.07339098310790382
255.0,0.07118471533531653
256.0,0.06817036966683668
257.0,0.06467692762712698
258.0,0.060960318502798316
259.0,0.05679321768434706
260.0,0.05198114466553433
261.0,0.04693025469015147
262.0,0.042367725655436894
263.0,0.03879756583313776
264.0,0.0363065624895003
265.0,0.03464408830880289
266.0,0.03337537920327309
267.0,0.03213414298228036
268.0,0.030707790987133762
269.0,0.02908989561701275
270.0,0.027549230597670046
271.0,0.02649347045187793
272.0,0.026248996058795618
273.0,0.02686488492995523
274.0,0.028089509163749263
275.0,0.02957141907244301
276.0,0.03113451924661506
277.0,0.03281579874076107
278.0,0.03464000095499703
279.0,0.03652819023383548
280.0,0.03836101300228499
281.0,0.04006396575899922
282.0,0.0416595219656513
283.0,0.043260240668144545
284.0,0.04500233165413586
285.0,0.046980722690011884
286.0,0.04922258011691236
287.0,0.05171195795053757
288.0,0.05445649099982808
289.0,0.057649909611277805
290.0,0.06164411243662432
291.0,0.06639098195330584
292.0,0.07121263088710061
293.0,0.07536402657616795
294.0,0.07857636350068978
295.0,0.08095671189548986
296.0,0.08268218867913094
297.0,0.0837992310394498
298.0,0.0841871658283179
299.0,0.08378215113712925
300.0,0.08272332151338183
301.0,0.08130587174412474
302.0,0.07980528143975693
303.0,0.07829307108848141
304.0,0.07672479422225448
305.0,0.07523788969767109
306.0,0.07400225999812701
307.0,0.07282598825729139
308.0,0.07150340117572149
309.0,0.07040296717476072
310.0,0.07020609264691482
311.0,0.07127500401145939
312.0,0.07355839681683438
313.0,0.07687155979469562
314.0,0.08107518985947418
315.0,0.08616683757785071
316.0,0.09216514787561117
317.0,0.09898733135831558
318.0,0.10654543096577007
319.0,0.1148849288788982
320.0,0.12439008497446472
321.0,0.13545970777941588
322.0,0.14728959954616339
323.0,0.1578950244212032
324.0,0.1658918305273836
325.0,0.17135521682921828
326.0,0.17472695037261177
327.0,0.17569819599780828
328.0,0.1728608431192344
329.0,0.16489254991894842
330.0,0.15249868627697893
331.0,0.1380535847362788
332.0,0.12334338299994738
333.0,0.10884246548408752
334.0,0.09470189509926707
335.0,0.08124340825383361
336.0,0.06899118134174312
337.0,0.05849963935807037
338.0,0.050110411082887746
339.0,0.043645807427283384
340.0,0.03843230872729518
341.0,0.03402314522638682
342.0,0.03073049352679838
343.0,0.02880716100739708
344.0,0.027686460736578544
345.0,0.026597412577350932
346.0,0.02528854616956444
347.0,0.02388074141483071
348.0,0.022547948027341613
349.0,0.021522720801044448
350.0,0.02101922398465872
351.0,0.0210947851389703
352.0,0.021614453506388936
353.0,0.022343105308250774
354.0,0.02307650302968485
355.0,0.023683685723727727
356.0,0.024161108565021877
357.0,0.024653429272149197
358.0,0.025353347208861232
359.0,0.026365267346182136
360.0,0.027668695733836166
361.0,0.029198264501868257
362.0,0.030952994280251292
363.0,0.03305745895079085
364.0,0.03561146478370801
365.0,0.03851484198335735
366.0,0.041507452666777855
367.0,0.04434113901653734
368.0,0.04692273399294157
369.0,0.0493457871031073
370.0,0.051840396359925545
371.0,0.05464165625928971
372.0,0.057922416872832366
373.0,0.06174398702572456
374.0,0.06597360109763747
375.0,0.07030405968036044
376.0,0.07427264363155248
377.0,0.07753327224904344
378.0,0.08037010327435615
379.0,0.08349628455954747
380.0,0.08705008818679835
381.0,0.09056411059664729
382.0,0.09416731097034961
383.0,0.0986760083194679
384.0,0.10446623199285743
385.0,0.11135427923992597
386.0,0.11943522124019437
387.0,0.12925343896987498
388.0,0.14137218059125137
389.0,0.15613739322244885
390.0,0.17370161912799914
391.0,0.19381918350227842
392.0,0.21580684688826857
393.0,0.23975669047445136
394.0,0.2672803404309266
395.0,0.2985177968936582
396.0,0.3301346929091145
397.0,0.3599973269048931
398.0,0.39054049283399717
399.0,0.4229735934548856
400.0,0.45281148528945986
401.0,0.47350457946455304
402.0,0.4813760968064591
403.0,0.4770961888180761
404.0,0.46403137840432096
405.0,0.44452216384481064
406.0,0.41824641756931014
407.0,0.38501568436871636
408.0,0.3468092379389225
409.0,0.3074653041902883
410.0,0.27080400937430044
411.0,0.2385366711692614
412.0,0.21018234570917915
413.0,0.18505316180718193
414.0,0.1632394466145763
415.0,0.1452648598781424
416.0,0.1312534571199001
417.0,0.1202388836321453
418.0,0.11120953580652787
419.0,0.1044913342013325
420.0,0.100593891651162
421.0,0.09858132987857779
422.0,0.09682810602966446
423.0,0.09444690104002401
424.0,0.09137934021138386
425.0,0.08786384322119672
426.0,0.0841707370166701
427.0,0.08038926378440195
428.0,0.07649413660059168
429.0,0.07250355958561122
430.0,0.06860867784127349
431.0,0.06512811740502772
432.0,0.0622562010946732
433.0,0.05995827206805665
434.0,0.058141665116913474
435.0,0.05679699296804491
436.0,0.055988573616193776
437.0,0.05575453237034678
438.0,0.05595794374788392
439.0,0.05650318816145555
440.0,0.057744301603537135
441.0,0.06005787483390908
442.0,0.06308246690770863
443.0,0.06596448879493434
444.0,0.06817155033163869
445.0,0.06964358425092299
446.0,0.07044743518637081
447.0,0.07064579727566116
448.0,0.07025553241667265
449.0,0.06924936838895365
450.0,0.06760183884233653
451.0,0.06537592780046292
452.0,0.06273391220485425
453.0,0.059767136479695754
454.0,0.056420688779741324
455.0,0.052744752603164816
456.0,0.049002209300592764
457.0,0.045382494640474225
458.0,0.04185739177628295
459.0,0.03841734440473252
460.0,0.03517279664471863
461.0,0.03215639430233991
462.0,0.029285186661124535
463.0,0.0265261273357828
464.0,0.02402022355503
465.0,0.022091427839647362
466.0,0.0210139959721046
467.0,0.020744552506614194
468.0,0.020854319526704995
469.0,0.020713730978641418
470.0,0.019845598213909993
471.0,0.01815827847700638
472.0,0.015991819265542218
473.0,0.013889603606517226
474.0,0.012301397115913992
475.0,0.011387182633888743
476.0,0.011006928234960231
477.0,0.01092291846275878
478.0,0.011069986814787713
479.0,0.011645546621114472
480.0,0.012716343595504664
481.0,0.013946525617120648
482.0,0.014831248459857727
483.0,0.015059267826635692
484.0,0.01469450003492323
485.0,0.014112847171993487
486.0,0.0137675851796671
487.0,0.013916306027719233
488.0,0.01456136930452985
489.0,0.015491378616790508
490.0,0.016371250660610848
491.0,0.016935471309871927
492.0,0.017113239637999877
493.0,0.017061352016563947
494.0,0.017064710441789074
495.0,0.017395139267270474
496.0,0.018231422537017983
497.0,0.01953407658025219
498.0,0.021028348034383915
499.0,0.0224322462224609
500.0,0.023703162770051953
501.0,0.024944004881751844
502.0,0.02616006496573016
503.0,0.02711070600227221
504.0,0.02738060413762987
505.0,0.026876857414434532
506.0,0.026097248831115652
507.0,0.0257580201575503
508.0,0.026278580048247666
509.0,0.027651358245971647
510.0,0.029578908250988273
511.0,0.031691639231297725
512.0,0.03377879875919085
513.0,0.035790115602913924
514.0,0.0377664027982455
515.0,0.03976986998591332
516.0,0.04182536677620491
517.0,0.04393674142240045
518.0,0.04609980127638813
519.0,0.04830292824541163
520.0,0.05056518169479636
521.0,0.05298414862910014
522.0,0.05560770093877762
523.0,0.05826001405529324
524.0,0.06079764961542446
525.0,0.06346972245891104
526.0,0.06651285839421851
527.0,0.06959672027551467
528.0,0.07201077599835519
529.0,0.07320312043784022
530.0,0.07313211843269378
531.0,0.07223179287307657
532.0,0.07101369481827628
533.0,0.06966188747724446
534.0,0.0681564503587951
535.0,0.06653776035640886
536.0,0.06499972807929741
537.0,0.06383483752717566
538.0,0.06323415980795122
539.0,0.06310507123609804
540.0,0.06299631446812995
541.0,0.062280884490553315
542.0,0.06041731284247129
543.0,0.05729474583797295
544.0,0.053433465074884404
545.0,0.04962710452237122
546.0,0.046303315849349005
547.0,0.043366835448672314
548.0,0.04063166458386411
549.0,0.03794871748679583
550.0,0.0350636622840325
551.0,0.031835741892468974
552.0,0.028487479062063017
553.0,0.02558234628052153
554.0,0.02376041586307992
555.0,0.02324878636855629
556.0,0.023634692431020454
557.0,0.02413084321872662
558.0,0.024098988786082964
559.0,0.0233335063363847
560.0,0.022046291578834365
561.0,0.02072610053238022
562.0,0.019830216490845806
563.0,0.019601098868775868
564.0,0.02000219708803433
565.0,0.020760526434519755
566.0,0.021563176826850286
567.0,0.022230047602328412
568.0,0.022782497902991694
569.0,0.02333035218287975
570.0,0.023962100973543746
571.0,0.024750746118566397
572.0,0.02570789074332061
573.0,0.026721371845341263
574.0,0.027681386088203683
575.0,0.02868919865212291
576.0,0.02989867838386913
577.0,0.031196802934425998
578.0,0.03210364572904923
579.0,0.03193773980508041
580.0,0.030389096620337425
581.0,0.027902071563392278
582.0,0.025325578303045188
583.0,0.023249755507740333
584.0,0.02181058048531276
585.0,0.020852625025719995
586.0,0.020055458141524554
587.0,0.019137097009097423
588.0,0.01796570435478148
589.0,0.01657202114008295
590.0,0.015095493036554275
591.0,0.013669692225102364
592.0,0.012366706556549631
593.0,0.01118351811518302
594.0,0.01008536268372831
595.0,0.00904883644148638
596.0,0.00805271256361606
597.0,0.007086283255244102
598.0,0.0061679682492263715
599.0,0.00535307856477521
600.0,0.004731629231721046
601.0,0.00435812481127433
602.0,0.004181988565057776
603.0,0.004010467809234572
604.0,0.003536867586938025
605.0,0.0026074819058204413
606.0,0.001443247356140917
607.0,0.0004754982565483845
608.0,0.0
609.0,4.9909109391899076e-05
610.0,0.0004884464847218772
611.0,0.0011366104750815814
612.0,0.0019025596162105113
613.0,0.0027577141429570157
614.0,0.003671021769776378
615.0,0.004638757856724643
616.0,0.005695958265221984
617.0,0.0068816275902861684
618.0,0.008187556137268265
619.0,0.009507846121844826
620.0,0.01067535397359698
621.0,0.011576130707144167
622.0,0.012205603256051037
623.0,0.012607363373458733
624.0,0.012796546634674402
625.0,0.012721778093145536
626.0,0.01234328565412933
627.0,0.011785030534943453
628.0,0.0112117462549709
629.0,0.01054466559423095
630.0,0.009620945092771421
631.0,0.008571516937962584
632.0,0.007823006279462918
633.0,0.00782038881937494
634.0,0.008685233762788402
635.0,0.010094243983090126
636.0,0.011479912973470285
637.0,0.012399177532608927
638.0,0.012777064315622255
639.0,0.012878405037864263
640.0,0.013070782867390274
641.0,0.013550068883349184
642.0,0.014372694587985513
643.0,0.01556499576358962
644.0,0.017108173398636628
645.0,0.018953541299177173
646.0,0.02105951679901473
647.0,0.023439196448268904
648.0,0.026197836786809522
649.0,0.029491361499419166
650.0,0.033434471534043046
651.0,0.038035209226233026
652.0,0.04320137694477122
653.0,0.04886150089036549
654.0,0.055127132531432685
655.0,0.06210863695486474
656.0,0.06955128491039904
657.0,0.07705781299107325
658.0,0.08460831861383596
659.0,0.09241785286784318
660.0,0.10045243123524729
661.0,0.10824208082484621
662.0,0.11505646741098353
663.0,0.12073104003212631
664.0,0.12615164402371154
665.0,0.1322553581258911
666.0,0.13900576587449243
667.0,0.14625456610061904
668.0,0.15459246357187056
669.0,0.16430173359915246
670.0,0.17477998152768087
671.0,0.18597703575901708
672.0,0.1991006317104974
673.0,0.21527200023751436
674.0,0.23465593150895997
675.0,0.2571994024939998
676.0,0.2834010758796641
677.0,0.31452107160266146
678.0,0.3519918184104839
679.0,0.3964122386731294
680.0,0.4472154221937112
681.0,0.5031505827465668
682.0,0.5641919866247225
683.0,0.6336289003827017
684.0,0.7122186815940225
685.0,0.7906946236817735
686.0,0.8572874749240241
687.0,0.9103857675653421
688.0,0.9537304479436867
689.0,0.984504853800516
690.0,0.9932314220913165
691.0,0.9705390883728363
692.0,0.9175207735859466
693.0,0.8483573170862575
694.0,0.77609444879049
695.0,0.7006892898705906
696.0,0.6195800969293913
697.0,0.5382971274533159
698.0,0.46435072716274095
699.0,0.40062854983900503
700.0,0.3461552202793589
701.0,0.2988971576885268
702.0,0.2578549783861112
703.0,0.2235381073767405
704.0,0.19561508333276323
705.0,0.17237949898305
706.0,0.15273760226948221
707.0,0.13668975626432464
708.0,0.1240024129817694
709.0,0.11379435726809402
710.0,0.1051203387717795
711.0,0.09739719601932408
712.0,0.0904696415375568
713.0,0.08434854246760784
714.0,0.07881989387053534
715.0,0.07355701415253336
716.0,0.06843711313433339
717.0,0.06361537067157567
718.0,0.059384056594772874
719.0,0.05601699842574703
720.0,0.05363248814649143
721.0,0.05207125928558393
722.0,0.050976676441847064
723.0,0.050092752642467514
724.0,0.049431330459913464
725.0,0.0489897392370824
726.0,0.048558452758666555
727.0,0.04793003389877819
728.0,0.047071550391085924
729.0,0.04608785009344712
730.0,0.04509944531864207
731.0,0.04412605506879801
732.0,0.043102803772982506
733.0,0.0420418970530181
734.0,0.04107303250198151
735.0,0.04033836692174639
736.0,0.03989181981859169
737.0,0.03967035267845612
738.0,0.03958258275724388
739.0,0.03963990830864339
740.0,0.03989312609666588
741.0,0.040284885435679
742.0,0.040685528872370265
743.0,0.041013438655946116
744.0,0.041262246878876696
745.0,0.041459001559377734
746.0,0.041598547050798004
747.0,0.04161037214843056
748.0,0.04144024273218398
749.0,0.04112560497600263
750.0,0.04078408522105303
751.0,0.040543142374187637
752.0,0.040466849529394416
753.0,0.040541060081067726
754.0,0.04075562662358348
755.0,0.041156035304400956
756.0,0.041799298507928184
757.0,0.04268258653444028
758.0,0.04368325697639567
759.0,0.04461243854807739
760.0,0.04534424777637864
761.0,0.04588545320770855
762.0,0.04632771365428913
763.0,0.04678891959492176
764.0,0.04738256634641815
765.0,0.048124781919822085
766.0,0.04887851002911128
767.0,0.04944809845496266
768.0,0.04972840344188596
769.0,0.049740269049399086
770.0,0.04955703688133336
771.0,0.04919625885847971
772.0,0.04856532015640003
773.0,0.047642791140016044
774.0,0.046607095012862754
775.0,0.045576140688468283
776.0,0.04441962541496594
777.0,0.04305650763718378
778.0,0.04169525588344575
779.0,0.040697722762893525
780.0,0.040317245428261025
781.0,0.04050694524721579
782.0,0.040966279019443386
783.0,0.04142825788130265
784.0,0.04183142133926172
785.0,0.042176405016866474
786.0,0.04241946563176312
787.0,0.0424889365076583
788.0,0.042336797684265876
789.0,0.041997034227042054
790.0,0.04155442507215027
791.0,0.04105298390649025
792.0,0.040494244039785354
793.0,0.03990394128349393
794.0,0.03933156954560957
795.0,0.038811890859751785
796.0,0.03835104571473664
797.0,0.037938261812313676
798.0,0.037604007414241525
799.0,0.037452982431766646
800.0,0.03759828292389799
801.0,0.0380735065498711
802.0,0.03874460815797809
803.0,0.03934502838485481
804.0,0.039649878131545524
805.0,0.03961832379223924
806.0,0.03937139964476628
807.0,0.039064946530565144
808.0,0.038774634558536754
809.0,0.03846980586972158
810.0,0.038137289685709494
811.0,0.03785290269093332
812.0,0.03772854810949744
813.0,0.037820075014168154
814.0,0.03805792632810892
815.0,0.03829143444038541
816.0,0.03841271943918688
817.0,0.03841501815588909
818.0,0.038349052650317864
819.0,0.038238726636029285
820.0,0.03801287210949603
821.0,0.0376257311300186
822.0,0.037212239376576396
823.0,0.03706788824567643
824.0,0.03749773025552693
825.0,0.038534892453352676
826.0,0.03983146510860413
827.0,0.040884692096319494
828.0,0.04137756410266004
829.0,0.04133114084500264
830.0,0.04101556169835746
831.0,0.040732173347347904
832.0,0.04060173827435391
833.0,0.04059276146439621
834.0,0.04063847137938751
835.0,0.040713799605000336
836.0,0.040855271079590694
837.0,0.04107272750945583
838.0,0.041313292715718805
839.0,0.041523273260617666
840.0,0.041688608492587875
841.0,0.04182575412374864
842.0,0.04191830137626832
843.0,0.041838379772616056
844.0,0.04143915970633448
845.0,0.04072053229199199
846.0,0.039898694432139316
847.0,0.03933088264541283
848.0,0.039292232017885884
849.0,0.03980129366451386
850.0,0.04062327429255853
851.0,0.041449617301909734
852.0,0.04206756064438549
853.0,0.04243907485438718
854.0,0.04265739335257078
855.0,0.042820209181181304
856.0,0.042988020600305474
857.0,0.04317732803396912
858.0,0.04336956328764628
859.0,0.043540096068274026
860.0,0.04367708359556026
861.0,0.04377845965669786
862.0,0.04380816254667684
863.0,0.04368959789596527
864.0,0.043346788779000944
865.0,0.04277751794655062
866.0,0.04212350079044129
867.0,0.04160005733331148
868.0,0.041334284340331436
869.0,0.04130119785102121
870.0,0.041407682446625106
871.0,0.04159026086003076
872.0,0.04186675125451299
873.0,0.04226169874674993
874.0,0.04268403211431291
875.0,0.04295376945454097
876.0,0.04291853761210026
877.0,0.04258107153922854
878.0,0.04212486237205938
879.0,0.041838602180251344
880.0,0.04196725004406637
881.0,0.0425041860258568
882.0,0.04314293325249492
883.0,0.043377022815912505
884.0,0.042777838501262114
885.0,0.04139853008049754
886.0,0.03982909592644575
887.0,0.03881473207322797
888.0,0.03875639466968828
889.0,0.03950148608087972
890.0,0.040512695421310224
891.0,0.041273604585847015
892.0,0.04161944321612715
893.0,0.041668236228513976
894.0,0.041671719642085325
895.0,0.04192559085491519
896.0,0.04258221483684407
897.0,0.043536227122534785
898.0,0.04447580873981065
899.0,0.04505682983022803
900.0,0.04514170387553975
901.0,0.04490022895829133
902.0,0.044650971921301304
903.0,0.044585278181350704
904.0,0.04473433863624192
905.0,0.045101356153889466
906.0,0.04562126675716189
907.0,0.04613009633368809
908.0,0.046490248418750636
909.0,0.04674920067310215
910.0,0.04747749761254138
911.0,0.04963386627476567
912.0,0.05355229367578557
913.0,0.05833426978928321
914.0,0.0621404147964057
915.0,0.06327061178833551
916.0,0.06126978452268386
917.0,0.05735643392188652
918.0,0.05414912236872149
919.0,0.053688539149217986
920.0,0.0547550459316241
921.0,0.054360096304579136
922.0,0.052952440444897615
923.0,0.05357895122877543
924.0,0.05558416278252123
925.0,0.05551906902525386
926.0,0.053426532886703876
927.0,0.05238192428620798
928.0,0.053514764321857984
929.0,0.05536449036121562
930.0,0.056324449757067144
931.0,0.055677752803836106
932.0,0.05351868846666284
933.0,0.05064471088437132
934.0,0.048067090125389574
935.0,0.04644558067771541
936.0,0.04579696057621023
937.0,0.04562476170321071
938.0,0.045375240318579514
939.0,0.04470444512535246
940.0,0.04361915987222417
941.0,0.042486459284152484
942.0,0.04179010174923937
943.0,0.04184467184093501
944.0,0.04259163184626525
945.0,0.043610357863629115
946.0,0.04439545430998108
947.0,0.04468325529688732
948.0,0.04454941409976132
949.0,0.044180053892961035
950.0,0.04359441305772496
951.0,0.04246583350751505
952.0,0.04082182392004162
953.0,0.040036496894635384
954.0,0.04132995432266752
955.0,0.04351216746604551
956.0,0.044420363568301494
957.0,0.04384761649753365
958.0,0.04336444117627856
959.0,0.04432984125982131
960.0,0.04642331457130223
961.0,0.04760333525890888
962.0,0.04678007295304537
963.0,0.04570792041471272
964.0,0.046244694711986195
965.0,0.04772767039324183
966.0,0.04870591203390238
967.0,0.048966745651790086
968.0,0.048994553898049006
969.0,0.049142808118467926
970.0,0.04960186381929913
971.0,0.05041665958656754
972.0,0.051509806196244304
973.0,0.05277277838902785
974.0,0.05413832000840521
975.0,0.055599233587874
976.0,0.05714345787967463
977.0,0.05873406557256405
978.0,0.060345302273249135
979.0,0.061974126708481514
980.0,0.06362136091598475
981.0,0.06534023221444081
982.0,0.06729642159948268
983.0,0.06947373216182248
984.0,0.07139409105092812
985.0,0.07304484100415666
986.0,0.07567919496462357
987.0,0.07973446317869891
988.0,0.08315340466173202
989.0,0.08492835541824777
990.0,0.08788375675987387
991.0,0.09440821878390512
992.0,0.10277013028134935
993.0,0.11028899965974186
994.0,0.11664788939495264
995.0,0.12251644224928646
996.0,0.1279054641451009
997.0,0.13235927574722384
998.0,0.13554512169303626
999.0,0.1379006818897186
1000.0,0.1405491030973404
1001.0,0.14445557267369563
1002.0,0.14981438321800988
1003.0,0.1561586327644499
1004.0,0.1629356598209535
1005.0,0.17017230550912193
1006.0,0.1781010574823828
1007.0,0.18614171086387593
1008.0,0.19317015215234348
1009.0,0.19855166302552008
1010.0,0.20237161003577975
1011.0,0.2049583362280323
1012.0,0.20659502377382852
1013.0,0.20739195583525216
1014.0,0.20732697219244692
1015.0,0.20638346815065908
1016.0,0.20446886756567725
1017.0,0.2013878901804376
1018.0,0.197176864967415
1019.0,0.19220730117349433
1020.0,0.18654635482131618
1021.0,0.17975330844681411
1022.0,0.1719291111552011
1023.0,0.1641209093415306
1024.0,0.15728873876152616
1025.0,0.1515732637176965
1026.0,0.14668284965074332
1027.0,0.1424042157301993
1028.0,0.13879517724472795
1029.0,0.13605100447378876
1030.0,0.13408833812469595
1031.0,0.1324183192463576
1032.0,0.13036104974611173
1033.0,0.12762014098437238
1034.0,0.12472515391204647
1035.0,0.12276502368677478
1036.0,0.12268657025235329
1037.0,0.12460461579411031
1038.0,0.12769597727178147
1039.0,0.130872737658552
1040.0,0.1336438915552841
1041.0,0.13619678678188574
1042.0,0.1389169557452414
1043.0,0.14201043128739774
1044.0,0.14534448795983396
1045.0,0.14885095903231887
1046.0,0.1528292835464667
1047.0,0.1575204209219385
1048.0,0.16281038564614056
1049.0,0.1686139733294759
1050.0,0.17514802211034788
1051.0,0.18272037910411912
1052.0,0.19147323120771578
1053.0,0.20129492775705476
1054.0,0.21192775828237406
1055.0,0.22321412825235878
1056.0,0.23514493353093177
1057.0,0.24759518610840403
1058.0,0.26058842441513036
1059.0,0.2749365385226229
1060.0,0.2912822743495437
1061.0,0.3085234368074543
1062.0,0.3246073991528493
1063.0,0.33859211300368597
1064.0,0.35083072795354747
1065.0,0.3617644325339635
1066.0,0.37185768226850724
1067.0,0.3818691810366923
1068.0,0.39179451056682213
1069.0,0.40018193576744
1070.0,0.40525463585497323
1071.0,0.4063214530368583
1072.0,0.40392745290213083
1073.0,0.39906454932320473
1074.0,0.39205026319199837
1075.0,0.38225182409788816
1076.0,0.3697874587607369
1077.0,0.35624108050762937
1078.0,0.3430295170788422
1079.0,0.33029803015160863
1080.0,0.3176442114263388
1081.0,0.3047263223693975
1082.0,0.2910202903627497
1083.0,0.2761968445294043
1084.0,0.26086889328780505
1085.0,0.24625966368757696
1086.0,0.2330914466286931
1087.0,0.22126918052920824
1088.0,0.21049022320533517
1089.0,0.20060815254670272
1090.0,0.19166616706201603
1091.0,0.18369386393129586
1092.0,0.17645633382230344
1093.0,0.16961634792863084
1094.0,0.16303386817936846
1095.0,0.15679991576181365
1096.0,0.15108509824143979
1097.0,0.14605005428267637
1098.0,0.14176898730531998
1099.0,0.138109951252932
1100.0,0.13477694642191435
1101.0,0.13158944807873607
1102.0,0.1286172996214129
1103.0,0.1258707020711626
1104.0,0.12317057680492458
1105.0,0.12055665963021125
1106.0,0.11830711569284547
1107.0,0.1162948722024435
1108.0,0.11405394157118974
1109.0,0.1117483340630583
1110.0,0.11010223260778138
1111.0,0.10923927605831778
1112.0,0.1085431280265957
1113.0,0.10758461659248744
1114.0,0.10643438489825346
1115.0,0.10527361683845962
1116.0,0.10421438384905647
1117.0,0.10331720702439096
1118.0,0.10263226095249423
1119.0,0.10225341732204628
1120.0,0.10225756290737176
1121.0,0.10262593469871027
1122.0,0.10314405689727452
1123.0,0.10343054477575761
1124.0,0.103204315710621
1125.0,0.10248687638258339
1126.0,0.10150470614491755
1127.0,0.10046464039589406
1128.0,0.09948309237279311
1129.0,0.09861284969856857
1130.0,0.09801005922782058
1131.0,0.09794272543634705
1132.0,0.09851076319658394
1133.0,0.09949562208975132
1134.0,0.1004591371228662
1135.0,0.1010130723282589
1136.0,0.10104681132081705
1137.0,0.10076223532440332
1138.0,0.10048244478446786
1139.0,0.10041408379211858
1140.0,0.10055016443732065
1141.0,0.10072182618863026
1142.0,0.10077102116989933
1143.0,0.10063620550529812
1144.0,0.1003184473267634
1145.0,0.09978001268616189
1146.0,0.09886034086402061
1147.0,0.09744034629451966
1148.0,0.09562494229287846
1149.0,0.09373182581772038
1150.0,0.09211775845428727
1151.0,0.09093837425042979
1152.0,0.09004664458798221
1153.0,0.08909985971588069
1154.0,0.08780496940119041
1155.0,0.08610510478269191
1156.0,0.08418223542825368
1157.0,0.08223354597257065
1158.0,0.08030115079283534
1159.0,0.07839931237014885
1160.0,0.07659580074974415
1161.0,0.07492780178210334
1162.0,0.07337462027276698
1163.0,0.07190890885459812
1164.0,0.0705904001532404
1165.0,0.06965641755768234
1166.0,0.06932830838378845
1167.0,0.06949555677033989
1168.0,0.06974344868230856
1169.0,0.06966288298541834
1170.0,0.06911394334137608
1171.0,0.06826231914826808
1172.0,0.0674089115300801
1173.0,0.06673353148885536
1174.0,0.06624641351436675
1175.0,0.06590204229050987
1176.0,0.06565655875458373
1177.0,0.06549786933335602
1178.0,0.06542167771543542
1179.0,0.065399467163881
1180.0,0.06539076837557761
1181.0,0.0653721285621422
1182.0,0.06537209485408627
1183.0,0.065477022899579
1184.0,0.06582935729914133
1185.0,0.06653424490324317
1186.0,0.06746849752252584
1187.0,0.06830868201607372
1188.0,0.06880596956055356
1189.0,0.06895345220139104
1190.0,0.06888724583274258
1191.0,0.06872715729487974
1192.0,0.06847178909212201
1193.0,0.06806019879790093
1194.0,0.0675607812959726
1195.0,0.06715481185660598
1196.0,0.06696311827777932
1197.0,0.066971004749552
1198.0,0.06708033984233946
1199.0,0.06718341458888569
1200.0,0.06722543129093878
1201.0,0.06723338041623657
1202.0,0.06728584200015114
1203.0,0.06746452572264251
1204.0,0.0678017556330807
1205.0,0.06818119636482284
1206.0,0.0683457659640228
1207.0,0.06808194474901239
1208.0,0.06739418552565787
1209.0,0.06657404768985092
1210.0,0.06604640807247539
1211.0,0.06607227072219807
1212.0,0.06657829935334733
1213.0,0.06727601353380543
1214.0,0.06789649286525676
1215.0,0.06831863356068721
1216.0,0.06859354456773013
1217.0,0.06882922452623025
1218.0,0.06908662343741433
1219.0,0.06937881457263073
1220.0,0.06968720829028766
1221.0,0.0699924396184484
1222.0,0.07029201214781453
1223.0,0.07059412424140543
1224.0,0.07089869706606378
1225.0,0.07118107756990841
1226.0,0.07139546004051178
1227.0,0.0714940008753383
1228.0,0.07154726957933807
1229.0,0.07180099647575588
1230.0,0.07241092834065019
1231.0,0.07320184798292688
1232.0,0.07367099015246276
1233.0,0.0732627456959015
1234.0,0.07189570290226263
1235.0,0.07013344936300113
1236.0,0.06871557733671772
1237.0,0.06799339450220103
1238.0,0.06782969323240451
1239.0,0.06783618156154182
1240.0,0.06776285397873402
1241.0,0.06764336993889929
1242.0,0.06740228985892902
1243.0,0.06684120612060049
1244.0,0.06617417720512046
1245.0,0.0658841657686648
1246.0,0.06595363871972248
1247.0,0.06589780801051406
1248.0,0.06552866647724105
1249.0,0.06509822157782494
1250.0,0.0648483750402862
1251.0,0.0647666342215608
1252.0,0.06462216087174116
1253.0,0.0642486402279799
1254.0,0.06381618597680733
1255.0,0.06352615104033459
1256.0,0.06320457765251598
1257.0,0.06268053620481703
1258.0,0.06222270546958047
1259.0,0.06206558349259084
1260.0,0.061951433374786216
1261.0,0.0615982764322547
1262.0,0.06114748843254106
1263.0,0.06084742760565099
1264.0,0.060713228709820155
1265.0,0.0606333767326448
1266.0,0.06053179325792157
1267.0,0.060393051947430866
1268.0,0.06027644388757164
1269.0,0.0603369490342188
1270.0,0.060726458606573795
1271.0,0.061437479071842195
1272.0,0.062268158537392274
1273.0,0.06293061048181321
1274.0,0.06322857169483463
1275.0,0.0631588403281379
1276.0,0.06291058899963746
1277.0,0.06275252353347749
1278.0,0.06286422936456383
1279.0,0.0632473039493277
1280.0,0.06368205515502352
1281.0,0.0638096447977125
1282.0,0.06344292066613003
1283.0,0.06278057855920197
1284.0,0.0622643680237733
1285.0,0.0622476989387406
1286.0,0.0627516167319069
1287.0,0.06347435212004678
1288.0,0.06408718366061766
1289.0,0.06451837313761433
1290.0,0.06487053625641341
1291.0,0.06522617658125267
1292.0,0.06554654101312617
1293.0,0.06570725190103643
1294.0,0.06572791329961147
1295.0,0.06579067993514406
1296.0,0.065918827614218
1297.0,0.06596123829546574
1298.0,0.06600598967457226
1299.0,0.06629608475376719
1300.0,0.06664857287101286
1301.0,0.06661682812933592
1302.0,0.06622715318384978
1303.0,0.06592082616728795
1304.0,0.06588797878297553
1305.0,0.06599103115430455
1306.0,0.066139262317593
1307.0,0.06636311091510534
1308.0,0.06669909877185268
1309.0,0.06707388050984579
1310.0,0.0672699296309745
1311.0,0.06710431795239453
1312.0,0.06661472057439091
1313.0,0.0661835358915763
1314.0,0.06638940955983551
1315.0,0.06748490562925792
1316.0,0.06909682095112728
1317.0,0.07043502050397103
1318.0,0.07083401879470985
1319.0,0.0702506375495788
1320.0,0.06928216790906827
1321.0,0.06862301446981371
1322.0,0.06855084107510337
1323.0,0.06894989737766732
1324.0,0.0695434610941667
1325.0,0.07015589864619644
1326.0,0.07079097038777005
1327.0,0.07142612183042807
1328.0,0.07193695153249591
1329.0,0.07217999887965182
1330.0,0.07212510122313559
1331.0,0.07193546103308604
1332.0,0.07186369672799608
1333.0,0.07206671775871445
1334.0,0.07251226823289425
1335.0,0.07303379553740752
1336.0,0.07344485301618336
1337.0,0.07365289718664793
1338.0,0.07371323719005723
1339.0,0.07377797800517384
1340.0,0.07399970494780252
1341.0,0.07443125953520582
1342.0,0.07494688261663783
1343.0,0.07530123413957338
1344.0,0.07533307563046931
1345.0,0.07508497640002047
1346.0,0.07467249398779133
1347.0,0.07415174418291492
1348.0,0.07354998805567198
1349.0,0.07297295769109173
1350.0,0.07278683540798234
1351.0,0.07341663361665329
1352.0,0.07484652147795871
1353.0,0.07649956219616502
1354.0,0.07756615475796562
1355.0,0.07756678693084136
1356.0,0.07670412261792785
1357.0,0.07567711300923749
1358.0,0.07511208758713833
1359.0,0.07518171715933339
1360.0,0.0756477960311571
1361.0,0.0761103615496515
1362.0,0.07632994598584984
1363.0,0.07631395456426526
1364.0,0.0761836480051916
1365.0,0.07604772593437184
1366.0,0.07591758559361904
1367.0,0.07580861982487513
1368.0,0.07583982637176717
1369.0,0.0761456991166758
1370.0,0.07675612264665924
1371.0,0.07751574809360154
1372.0,0.07815595936507948
1373.0,0.07850976114326094
1374.0,0.0786355136252445
1375.0,0.07871652196063869
1376.0,0.07890178095579434
1377.0,0.07923547202182757
1378.0,0.07967841703353008
1379.0,0.08023074463822445
1380.0,0.08093572482334047
1381.0,0.08174830555825688
1382.0,0.08252579362850156
1383.0,0.08313116414663183
1384.0,0.08352138186105448
1385.0,0.08375688449927132
1386.0,0.08397211628492163
1387.0,0.08431553598220232
1388.0,0.08482605087169473
1389.0,0.08537184277353295
1390.0,0.08563940974623255
1391.0,0.08523970058159895
1392.0,0.08409827789859102
1393.0,0.0826506868412615
1394.0,0.08152838580535836
1395.0,0.0810940083832683
1396.0,0.08125766474755716
1397.0,0.08161686906597482
1398.0,0.08176552569976155
1399.0,0.08158290344479903
1400.0,0.081220848535214
1401.0,0.08092822303671732
1402.0,0.08090049562753439
1403.0,0.08115953732677623
1404.0,0.0815630773903523
1405.0,0.08192585952894428
1406.0,0.0821604244352707
1407.0,0.08229641563935687
1408.0,0.08234464341727105
1409.0,0.08226256187343874
1410.0,0.08202808709372468
1411.0,0.08172970564429798
1412.0,0.08160964056131853
1413.0,0.08186310615343631
1414.0,0.0824102461326414
1415.0,0.08289479006856154
1416.0,0.08288862580518941
1417.0,0.08224669228316975
1418.0,0.08127659468271198
1419.0,0.0805201781277368
1420.0,0.08036123244992215
1421.0,0.0808034859928374
1422.0,0.08152850006017429
1423.0,0.08214932122510096
1424.0,0.08249566902463452
1425.0,0.08266566427186138
1426.0,0.08287036462796268
1427.0,0.08315686115001782
1428.0,0.08335877775241826
1429.0,0.08350027158889833
1430.0,0.08383507499722004
1431.0,0.08427819198007931
1432.0,0.08439497004407123
1433.0,0.08408735522238453
1434.0,0.0837142905613269
1435.0,0.08352253569013433
1436.0,0.0834804839524856
1437.0,0.08359487572782005
1438.0,0.08394408717156952
1439.0,0.08450285967536508
1440.0,0.08511068771931878
1441.0,0.08556107713643732
1442.0,0.08575211171872708
1443.0,0.08576924161277237
1444.0,0.08579569088950488
1445.0,0.085947712903473
1446.0,0.08623465859955229
1447.0,0.08661406728067762
1448.0,0.08708199535685736
1449.0,0.08771099182480835
1450.0,0.08848561487644807
1451.0,0.08920769769724528
1452.0,0.08962053259372883
1453.0,0.08959310044183515
1454.0,0.0892394116314443
1455.0,0.08885171049306353
1456.0,0.08868999944872563
1457.0,0.08878762400900865
1458.0,0.08892108321372018
1459.0,0.08879477403490046
1460.0,0.08830662856245255
1461.0,0.08765175706667011
1462.0,0.08718260516581611
1463.0,0.08714465510286849
1464.0,0.08748793223448283
1465.0,0.08797497008840349
1466.0,0.0884873096200419
1467.0,0.08905192150478666
1468.0,0.08965893491396063
1469.0,0.09015392107823661
1470.0,0.09025167717819303
1471.0,0.08983719270114901
1472.0,0.08919001238523924
1473.0,0.08875483901241821
1474.0,0.08877194280793824
1475.0,0.08917735764347158
1476.0,0.08973396628002708
1477.0,0.09023861891092774
1478.0,0.09066719295303885
1479.0,0.09103061202127329
1480.0,0.09126640684399431
1481.0,0.09141566686670065
1482.0,0.09163317750253468
1483.0,0.09187057153612216
1484.0,0.09188594257362484
1485.0,0.09174242781999767
1486.0,0.0917948583792674
1487.0,0.09204453328797964
1488.0,0.09209982226250986
1489.0,0.09179705732799374
1490.0,0.09138059827353234
1491.0,0.09116151064658984
1492.0,0.09127068772717371
1493.0,0.09163643731829187
1494.0,0.09205136163863085
1495.0,0.09231061787126303
1496.0,0.09235071742994846
1497.0,0.09227947723678744
1498.0,0.09227222360948564
1499.0,0.09242295740301922
1500.0,0.09273110356870129
1501.0,0.09317284929968694
1502.0,0.0937831052476222
1503.0,0.09464805155081882
1504.0,0.09557708056323042
1505.0,0.09602654318862733
1506.0,0.09559993471558081
1507.0,0.09444249930767387
1508.0,0.09317024715607106
1509.0,0.09243966675539304
1510.0,0.09246883420843767
1511.0,0.09295383166191681
1512.0,0.09354644165420807
1513.0,0.09414900748334482
1514.0,0.09469791840554415
1515.0,0.09511144358654146
1516.0,0.09544189588595023
1517.0,0.09579246946549287
1518.0,0.0960821714581398
1519.0,0.09617394968515004
1520.0,0.09620210945501095
1521.0,0.09639574418465391
1522.0,0.0966819929396357
1523.0,0.09679842846838815
1524.0,0.09664631257512055
1525.0,0.09641623857513741
1526.0,0.09646363691602435
1527.0,0.09684881462579578
1528.0,0.09710609528237708
1529.0,0.09699098918045782
1530.0,0.09700540807196797
1531.0,0.09743783787003438
1532.0,0.09770489917638771
1533.0,0.09736498491873528
1534.0,0.0968198391922384
1535.0,0.09654252785198417
1536.0,0.09649627031818478
1537.0,0.09655950039363427
1538.0,0.0967998954894445
1539.0,0.0972446977685271
1540.0,0.09776661912294381
1541.0,0.0981713941263664
1542.0,0.09836259913484222
1543.0,0.09846693676090018
1544.0,0.09876935202882264
1545.0,0.0995252539469827
1546.0,0.10070389258215395
1547.0,0.10187972217762623
1548.0,0.10258142660092259
1549.0,0.10275030137497064
1550.0,0.10265216919808544
1551.0,0.1024644881549691
1552.0,0.10219741853195288
1553.0,0.10181653326512588
1554.0,0.10138614903326462
1555.0,0.10112412393659975
1556.0,0.10118898150976613
1557.0,0.10150069573296527
1558.0,0.10182567005664313
1559.0,0.10197360928673728
1560.0,0.10191729974676214
1561.0,0.10180110122276227
1562.0,0.10186041364893289
1563.0,0.1022196155068032
1564.0,0.10262878719882917
1565.0,0.1026663460225405
1566.0,0.1024458268524196
1567.0,0.10252572593893339
1568.0,0.10288952805280605
1569.0,0.10298600018596701
1570.0,0.10287976996433193
1571.0,0.10316838891056065
1572.0,0.1038509010350504
1573.0,0.10437967315548907
1574.0,0.10458509464176971
1575.0,0.10473589221438442
1576.0,0.10499707292923546
1577.0,0.10534004827936794
1578.0,0.10572813802890073
1579.0,0.10617362249312567
1580.0,0.10672081817915459
1581.0,0.10732267262944908
1582.0,0.10777585451597732
1583.0,0.10787447459046255
1584.0,0.10757726241472174
1585.0,0.10702708004840053
1586.0,0.10644090451420196
1587.0,0.1059678434250386
1588.0,0.10563567133541565
1589.0,0.10552391145158078
1590.0,0.10580315773867936
1591.0,0.10648720151994949
1592.0,0.10733023958274639
1593.0,0.10795555706433851
1594.0,0.10812079012725063
1595.0,0.10793172113764622
1596.0,0.10774841269840066
1597.0,0.10784233066162333
1598.0,0.10826369963138177
1599.0,0.10898969696567033
